,x_input
0,"[20.50147247, 16.35793304, 12.86226368, 20.50147247, 10.85316372, 16.35793304, 16.35793304, 20.50147247, 30.58232117, 10.85316372, 20.50147247, 12.86226368, 20.50147247, 25.40196991, 12.86226368, 20.50147247, 25.40196991, 20.50147247, 20.50147247, 16.35793304, 25.40196991, 20.50147247, 30.58232117, 25.40196991, 25.40196991]"
1,"[16.35793304, 16.35793304, 12.86226368, 20.50147247, 10.85316372, 16.35793304, 20.50147247, 20.50147247, 34.56784439, 30.58232117, 20.50147247, 12.86226368, 16.35793304, 30.58232117, 12.86226368, 20.50147247, 25.40196991, 20.50147247, 20.50147247, 16.35793304, 25.40196991, 20.50147247, 30.58232117, 20.50147247, 25.40196991]"
2,"[16.35793304, 16.35793304, 16.35793304, 20.50147247, 10.85316372, 16.35793304, 16.35793304, 20.50147247, 30.58232117, 30.58232117, 20.50147247, 12.86226368, 16.35793304, 25.40196991, 16.35793304, 25.40196991, 25.40196991, 16.35793304, 20.50147247, 16.35793304, 25.40196991, 20.50147247, 25.40196991, 20.50147247, 25.40196991]"
3,"[16.35793304, 16.35793304, 12.86226368, 20.50147247, 36.45310974, 16.35793304, 16.35793304, 20.50147247, 10.85316372, 10.85316372, 20.50147247, 12.86226368, 16.35793304, 30.58232117, 12.86226368, 20.50147247, 25.40196991, 16.35793304, 20.50147247, 16.35793304, 20.50147247, 20.50147247, 16.35793304, 16.35793304, 30.58232117]"
4,"[16.35793304, 16.35793304, 12.86226368, 20.50147247, 34.56784439, 16.35793304, 16.35793304, 20.50147247, 10.85316372, 10.85316372, 16.35793304, 12.86226368, 20.50147247, 30.58232117, 12.86226368, 20.50147247, 30.58232117, 16.35793304, 25.40196991, 16.35793304, 25.40196991, 20.50147247, 25.40196991, 20.50147247, 25.40196991]"
5,"[16.35793304, 16.35793304, 12.86226368, 25.40196991, 34.56784439, 16.35793304, 16.35793304, 20.50147247, 10.85316372, 30.58232117, 20.50147247, 12.86226368, 20.50147247, 30.58232117, 12.86226368, 20.50147247, 25.40196991, 20.50147247, 25.40196991, 16.35793304, 25.40196991, 20.50147247, 25.40196991, 20.50147247, 25.40196991]"
6,"[20.50147247, 16.35793304, 12.86226368, 25.40196991, 10.85316372, 16.35793304, 16.35793304, 20.50147247, 10.85316372, 30.58232117, 20.50147247, 12.86226368, 20.50147247, 25.40196991, 12.86226368, 20.50147247, 25.40196991, 20.50147247, 25.40196991, 16.35793304, 25.40196991, 20.50147247, 25.40196991, 20.50147247, 30.58232117]"
7,"[20.50147247, 16.35793304, 12.86226368, 20.50147247, 10.85316372, 16.35793304, 16.35793304, 20.50147247, 34.56784439, 30.58232117, 20.50147247, 12.86226368, 20.50147247, 25.40196991, 12.86226368, 20.50147247, 25.40196991, 20.50147247, 20.50147247, 16.35793304, 25.40196991, 20.50147247, 25.40196991, 20.50147247, 25.40196991]"
8,"[20.50147247, 16.35793304, 16.35793304, 25.40196991, 20.50147247, 16.35793304, 20.50147247, 20.50147247, 34.56784439, 10.85316372, 25.40196991, 16.35793304, 20.50147247, 25.40196991, 16.35793304, 10.85316372, 30.58232117, 20.50147247, 20.50147247, 20.50147247, 30.58232117, 20.50147247, 30.58232117, 20.50147247, 25.40196991]"
9,"[20.50147247, 20.50147247, 20.50147247, 25.40196991, 20.50147247, 16.35793304, 16.35793304, 20.50147247, 34.56784439, 10.85316372, 20.50147247, 20.50147247, 20.50147247, 30.58232117, 16.35793304, 25.40196991, 10.85316372, 25.40196991, 20.50147247, 20.50147247, 30.58232117, 20.50147247, 10.85316372, 20.50147247, 30.58232117]"
10,"[25.40196991, 20.50147247, 20.50147247, 30.58232117, 20.50147247, 20.50147247, 20.50147247, 20.50147247, 34.56784439, 30.58232117, 25.40196991, 20.50147247, 20.50147247, 25.40196991, 16.35793304, 25.40196991, 10.85316372, 25.40196991, 25.40196991, 20.50147247, 30.58232117, 25.40196991, 30.58232117, 20.50147247, 30.58232117]"
11,"[20.50147247, 20.50147247, 16.35793304, 30.58232117, 20.50147247, 20.50147247, 16.35793304, 20.50147247, 34.56784439, 34.56784439, 20.50147247, 20.50147247, 20.50147247, 25.40196991, 16.35793304, 25.40196991, 10.85316372, 25.40196991, 25.40196991, 20.50147247, 30.58232117, 25.40196991, 25.40196991, 20.50147247, 30.58232117]"
12,"[20.50147247, 16.35793304, 16.35793304, 25.40196991, 16.35793304, 20.50147247, 16.35793304, 20.50147247, 34.56784439, 10.85316372, 20.50147247, 20.50147247, 20.50147247, 25.40196991, 12.86226368, 25.40196991, 30.58232117, 25.40196991, 20.50147247, 20.50147247, 25.40196991, 20.50147247, 25.40196991, 20.50147247, 10.85316372]"
13,"[20.50147247, 16.35793304, 16.35793304, 25.40196991, 16.35793304, 16.35793304, 16.35793304, 20.50147247, 10.85316372, 10.85316372, 20.50147247, 20.50147247, 20.50147247, 25.40196991, 12.86226368, 10.85316372, 30.58232117, 20.50147247, 20.50147247, 16.35793304, 25.40196991, 20.50147247, 25.40196991, 20.50147247, 30.58232117]"
14,"[20.50147247, 16.35793304, 12.86226368, 25.40196991, 16.35793304, 16.35793304, 16.35793304, 20.50147247, 30.58232117, 30.58232117, 20.50147247, 16.35793304, 20.50147247, 25.40196991, 12.86226368, 34.56784439, 30.58232117, 20.50147247, 20.50147247, 16.35793304, 25.40196991, 20.50147247, 30.58232117, 16.35793304, 30.58232117]"
15,"[20.50147247, 16.35793304, 12.86226368, 25.40196991, 16.35793304, 16.35793304, 16.35793304, 20.50147247, 30.58232117, 10.85316372, 20.50147247, 16.35793304, 20.50147247, 25.40196991, 12.86226368, 34.56784439, 25.40196991, 20.50147247, 25.40196991, 16.35793304, 25.40196991, 20.50147247, 30.58232117, 16.35793304, 25.40196991]"
16,"[16.35793304, 20.50147247, 16.35793304, 25.40196991, 16.35793304, 16.35793304, 16.35793304, 20.50147247, 10.85316372, 10.85316372, 20.50147247, 16.35793304, 20.50147247, 25.40196991, 16.35793304, 10.85316372, 25.40196991, 25.40196991, 25.40196991, 16.35793304, 25.40196991, 20.50147247, 25.40196991, 16.35793304, 25.40196991]"
17,"[20.50147247, 16.35793304, 16.35793304, 25.40196991, 16.35793304, 16.35793304, 16.35793304, 20.50147247, 34.56784439, 30.58232117, 20.50147247, 16.35793304, 20.50147247, 25.40196991, 16.35793304, 10.85316372, 30.58232117, 25.40196991, 25.40196991, 16.35793304, 25.40196991, 20.50147247, 20.50147247, 20.50147247, 30.58232117]"
18,"[20.50147247, 16.35793304, 16.35793304, 25.40196991, 16.35793304, 16.35793304, 16.35793304, 20.50147247, 25.40196991, 10.85316372, 20.50147247, 16.35793304, 20.50147247, 25.40196991, 16.35793304, 30.58232117, 25.40196991, 20.50147247, 25.40196991, 16.35793304, 25.40196991, 20.50147247, 25.40196991, 16.35793304, 25.40196991]"
19,"[20.50147247, 16.35793304, 16.35793304, 30.58232117, 16.35793304, 16.35793304, 16.35793304, 20.50147247, 34.56784439, 10.85316372, 20.50147247, 16.35793304, 20.50147247, 25.40196991, 16.35793304, 10.85316372, 25.40196991, 20.50147247, 25.40196991, 16.35793304, 25.40196991, 20.50147247, 25.40196991, 20.50147247, 25.40196991]"
20,"[20.50147247, 16.35793304, 16.35793304, 30.58232117, 16.35793304, 16.35793304, 16.35793304, 20.50147247, 10.85316372, 30.58232117, 20.50147247, 16.35793304, 20.50147247, 25.40196991, 16.35793304, 25.40196991, 25.40196991, 25.40196991, 25.40196991, 16.35793304, 25.40196991, 20.50147247, 25.40196991, 20.50147247, 30.58232117]"
21,"[16.35793304, 20.50147247, 16.35793304, 25.40196991, 10.85316372, 16.35793304, 16.35793304, 20.50147247, 30.58232117, 30.58232117, 20.50147247, 12.86226368, 20.50147247, 25.40196991, 16.35793304, 10.85316372, 30.58232117, 20.50147247, 25.40196991, 16.35793304, 25.40196991, 20.50147247, 30.58232117, 20.50147247, 30.58232117]"
22,"[20.50147247, 16.35793304, 16.35793304, 25.40196991, 10.85316372, 16.35793304, 16.35793304, 20.50147247, 30.58232117, 10.85316372, 20.50147247, 12.86226368, 20.50147247, 30.58232117, 12.86226368, 25.40196991, 25.40196991, 20.50147247, 25.40196991, 16.35793304, 25.40196991, 20.50147247, 30.58232117, 20.50147247, 25.40196991]"
23,"[20.50147247, 16.35793304, 12.86226368, 20.50147247, 10.85316372, 16.35793304, 16.35793304, 20.50147247, 10.85316372, 30.58232117, 20.50147247, 12.86226368, 20.50147247, 10.85316372, 12.86226368, 20.50147247, 30.58232117, 20.50147247, 25.40196991, 20.50147247, 25.40196991, 20.50147247, 30.58232117, 20.50147247, 25.40196991]"
24,"[16.35793304, 16.35793304, 12.86226368, 20.50147247, 30.58232117, 16.35793304, 16.35793304, 20.50147247, 10.85316372, 30.58232117, 20.50147247, 12.86226368, 20.50147247, 10.85316372, 12.86226368, 25.40196991, 30.58232117, 20.50147247, 25.40196991, 16.35793304, 25.40196991, 20.50147247, 30.58232117, 20.50147247, 25.40196991]"
25,"[16.35793304, 16.35793304, 16.35793304, 20.50147247, 10.85316372, 16.35793304, 16.35793304, 20.50147247, 10.85316372, 30.58232117, 25.40196991, 12.86226368, 20.50147247, 25.40196991, 16.35793304, 20.50147247, 30.58232117, 20.50147247, 25.40196991, 16.35793304, 25.40196991, 20.50147247, 20.50147247, 16.35793304, 20.50147247]"
26,"[20.50147247, 16.35793304, 12.86226368, 20.50147247, 30.58232117, 20.50147247, 16.35793304, 20.50147247, 34.56784439, 30.58232117, 25.40196991, 12.86226368, 20.50147247, 25.40196991, 16.35793304, 20.50147247, 30.58232117, 16.35793304, 25.40196991, 16.35793304, 30.58232117, 20.50147247, 25.40196991, 20.50147247, 25.40196991]"
27,"[20.50147247, 16.35793304, 16.35793304, 25.40196991, 34.56784439, 20.50147247, 16.35793304, 25.40196991, 30.58232117, 30.58232117, 20.50147247, 12.86226368, 20.50147247, 25.40196991, 16.35793304, 30.58232117, 30.58232117, 20.50147247, 25.40196991, 20.50147247, 10.85316372, 20.50147247, 30.58232117, 20.50147247, 20.50147247]"
28,"[20.50147247, 16.35793304, 16.35793304, 25.40196991, 34.56784439, 20.50147247, 25.40196991, 25.40196991, 34.56784439, 30.58232117, 25.40196991, 12.86226368, 20.50147247, 25.40196991, 16.35793304, 10.85316372, 10.85316372, 20.50147247, 25.40196991, 20.50147247, 25.40196991, 25.40196991, 25.40196991, 20.50147247, 20.50147247]"
29,"[25.40196991, 25.40196991, 20.50147247, 10.85316372, 30.58232117, 20.50147247, 25.40196991, 25.40196991, 34.56784439, 10.85316372, 25.40196991, 16.35793304, 25.40196991, 30.58232117, 16.35793304, 30.58232117, 10.85316372, 25.40196991, 25.40196991, 25.40196991, 30.58232117, 25.40196991, 25.40196991, 25.40196991, 25.40196991]"
30,"[25.40196991, 20.50147247, 20.50147247, 10.85316372, 20.50147247, 25.40196991, 20.50147247, 25.40196991, 34.56784439, 36.45310974, 25.40196991, 20.50147247, 25.40196991, 30.58232117, 20.50147247, 30.58232117, 10.85316372, 25.40196991, 25.40196991, 25.40196991, 30.58232117, 25.40196991, 30.58232117, 25.40196991, 30.58232117]"
31,"[25.40196991, 20.50147247, 20.50147247, 10.85316372, 20.50147247, 20.50147247, 20.50147247, 25.40196991, 36.45310974, 10.85316372, 25.40196991, 20.50147247, 25.40196991, 30.58232117, 16.35793304, 25.40196991, 34.56784439, 25.40196991, 25.40196991, 25.40196991, 10.85316372, 25.40196991, 34.56784439, 25.40196991, 30.58232117]"
32,"[20.50147247, 20.50147247, 20.50147247, 30.58232117, 16.35793304, 20.50147247, 20.50147247, 25.40196991, 10.85316372, 10.85316372, 25.40196991, 20.50147247, 25.40196991, 30.58232117, 16.35793304, 25.40196991, 10.85316372, 25.40196991, 25.40196991, 10.85316372, 30.58232117, 25.40196991, 30.58232117, 20.50147247, 10.85316372]"
33,"[20.50147247, 20.50147247, 16.35793304, 30.58232117, 16.35793304, 12.86226368, 20.50147247, 25.40196991, 10.85316372, 34.56784439, 20.50147247, 20.50147247, 20.50147247, 30.58232117, 12.86226368, 25.40196991, 30.58232117, 25.40196991, 25.40196991, 34.56784439, 25.40196991, 20.50147247, 25.40196991, 20.50147247, 30.58232117]"
34,"[20.50147247, 20.50147247, 16.35793304, 25.40196991, 12.86226368, 12.86226368, 16.35793304, 25.40196991, 10.85316372, 10.85316372, 20.50147247, 20.50147247, 20.50147247, 25.40196991, 16.35793304, 10.85316372, 10.85316372, 25.40196991, 25.40196991, 20.50147247, 25.40196991, 20.50147247, 30.58232117, 16.35793304, 25.40196991]"
35,"[20.50147247, 16.35793304, 12.86226368, 25.40196991, 12.86226368, 12.86226368, 16.35793304, 20.50147247, 30.58232117, 10.85316372, 20.50147247, 20.50147247, 20.50147247, 25.40196991, 16.35793304, 34.56784439, 10.85316372, 25.40196991, 25.40196991, 20.50147247, 30.58232117, 25.40196991, 25.40196991, 20.50147247, 10.85316372]"
36,"[20.50147247, 16.35793304, 10.85316372, 25.40196991, 16.35793304, 12.86226368, 16.35793304, 20.50147247, 10.85316372, 10.85316372, 20.50147247, 20.50147247, 20.50147247, 25.40196991, 16.35793304, 10.85316372, 30.58232117, 25.40196991, 25.40196991, 20.50147247, 25.40196991, 25.40196991, 30.58232117, 20.50147247, 30.58232117]"
37,"[20.50147247, 20.50147247, 20.50147247, 30.58232117, 16.35793304, 12.86226368, 16.35793304, 20.50147247, 34.56784439, 10.85316372, 20.50147247, 20.50147247, 20.50147247, 25.40196991, 16.35793304, 34.56784439, 30.58232117, 30.58232117, 25.40196991, 20.50147247, 25.40196991, 20.50147247, 25.40196991, 20.50147247, 25.40196991]"
38,"[20.50147247, 20.50147247, 20.50147247, 30.58232117, 20.50147247, 12.86226368, 16.35793304, 20.50147247, 10.85316372, 30.58232117, 20.50147247, 16.35793304, 20.50147247, 25.40196991, 16.35793304, 36.45310974, 30.58232117, 30.58232117, 25.40196991, 20.50147247, 25.40196991, 20.50147247, 30.58232117, 20.50147247, 30.58232117]"
39,"[25.40196991, 20.50147247, 20.50147247, 30.58232117, 36.45310974, 12.86226368, 16.35793304, 20.50147247, 34.56784439, 34.56784439, 20.50147247, 16.35793304, 20.50147247, 30.58232117, 16.35793304, 36.45310974, 30.58232117, 25.40196991, 25.40196991, 20.50147247, 25.40196991, 20.50147247, 30.58232117, 20.50147247, 25.40196991]"
40,"[20.50147247, 20.50147247, 20.50147247, 25.40196991, 39.55387878, 12.86226368, 20.50147247, 25.40196991, 34.56784439, 34.56784439, 20.50147247, 16.35793304, 20.50147247, 34.56784439, 16.35793304, 36.45310974, 10.85316372, 25.40196991, 25.40196991, 20.50147247, 39.55387878, 25.40196991, 30.58232117, 25.40196991, 25.40196991]"
41,"[20.50147247, 20.50147247, 20.50147247, 25.40196991, 36.45310974, 16.35793304, 16.35793304, 20.50147247, 10.85316372, 34.56784439, 20.50147247, 16.35793304, 20.50147247, 34.56784439, 16.35793304, 36.45310974, 34.56784439, 30.58232117, 25.40196991, 20.50147247, 10.85316372, 30.58232117, 10.85316372, 25.40196991, 30.58232117]"
42,"[20.50147247, 20.50147247, 20.50147247, 25.40196991, 30.58232117, 12.86226368, 16.35793304, 20.50147247, 36.45310974, 10.85316372, 20.50147247, 16.35793304, 20.50147247, 10.85316372, 16.35793304, 10.85316372, 10.85316372, 25.40196991, 25.40196991, 20.50147247, 30.58232117, 25.40196991, 20.50147247, 25.40196991, 25.40196991]"
43,"[20.50147247, 20.50147247, 20.50147247, 30.58232117, 16.35793304, 12.86226368, 16.35793304, 20.50147247, 34.56784439, 30.58232117, 20.50147247, 16.35793304, 20.50147247, 30.58232117, 16.35793304, 25.40196991, 25.40196991, 25.40196991, 25.40196991, 20.50147247, 25.40196991, 20.50147247, 25.40196991, 20.50147247, 30.58232117]"
44,"[20.50147247, 20.50147247, 16.35793304, 30.58232117, 25.40196991, 12.86226368, 16.35793304, 20.50147247, 10.85316372, 30.58232117, 20.50147247, 16.35793304, 20.50147247, 25.40196991, 16.35793304, 25.40196991, 30.58232117, 20.50147247, 25.40196991, 16.35793304, 25.40196991, 20.50147247, 25.40196991, 20.50147247, 30.58232117]"
45,"[20.50147247, 16.35793304, 16.35793304, 20.50147247, 30.58232117, 12.86226368, 16.35793304, 20.50147247, 10.85316372, 30.58232117, 20.50147247, 12.86226368, 20.50147247, 30.58232117, 16.35793304, 20.50147247, 25.40196991, 20.50147247, 25.40196991, 16.35793304, 25.40196991, 20.50147247, 25.40196991, 20.50147247, 25.40196991]"
46,"[20.50147247, 16.35793304, 16.35793304, 20.50147247, 34.56784439, 12.86226368, 16.35793304, 20.50147247, 10.85316372, 30.58232117, 25.40196991, 12.86226368, 20.50147247, 25.40196991, 12.86226368, 25.40196991, 30.58232117, 20.50147247, 25.40196991, 16.35793304, 25.40196991, 20.50147247, 25.40196991, 20.50147247, 25.40196991]"
47,"[20.50147247, 16.35793304, 16.35793304, 20.50147247, 36.45310974, 12.86226368, 16.35793304, 20.50147247, 34.56784439, 34.56784439, 20.50147247, 12.86226368, 20.50147247, 25.40196991, 12.86226368, 25.40196991, 30.58232117, 20.50147247, 25.40196991, 16.35793304, 25.40196991, 20.50147247, 20.50147247, 20.50147247, 25.40196991]"
48,"[20.50147247, 16.35793304, 16.35793304, 20.50147247, 36.45310974, 12.86226368, 16.35793304, 20.50147247, 34.56784439, 30.58232117, 20.50147247, 12.86226368, 20.50147247, 25.40196991, 16.35793304, 25.40196991, 30.58232117, 20.50147247, 25.40196991, 16.35793304, 25.40196991, 20.50147247, 25.40196991, 20.50147247, 30.58232117]"
49,"[20.50147247, 16.35793304, 16.35793304, 20.50147247, 34.56784439, 12.86226368, 20.50147247, 25.40196991, 10.85316372, 34.56784439, 20.50147247, 12.86226368, 20.50147247, 25.40196991, 16.35793304, 30.58232117, 30.58232117, 25.40196991, 25.40196991, 16.35793304, 25.40196991, 20.50147247, 25.40196991, 25.40196991, 30.58232117]"
50,"[25.40196991, 16.35793304, 20.50147247, 25.40196991, 10.85316372, 16.35793304, 20.50147247, 25.40196991, 34.56784439, 34.56784439, 25.40196991, 16.35793304, 25.40196991, 30.58232117, 16.35793304, 25.40196991, 30.58232117, 20.50147247, 25.40196991, 20.50147247, 30.58232117, 25.40196991, 25.40196991, 25.40196991, 30.58232117]"
51,"[25.40196991, 20.50147247, 25.40196991, 25.40196991, 36.45310974, 16.35793304, 25.40196991, 25.40196991, 10.85316372, 10.85316372, 25.40196991, 20.50147247, 25.40196991, 30.58232117, 16.35793304, 30.58232117, 10.85316372, 30.58232117, 25.40196991, 20.50147247, 30.58232117, 25.40196991, 30.58232117, 25.40196991, 25.40196991]"
52,"[25.40196991, 20.50147247, 25.40196991, 30.58232117, 25.40196991, 12.86226368, 20.50147247, 25.40196991, 36.45310974, 34.56784439, 30.58232117, 20.50147247, 25.40196991, 30.58232117, 16.35793304, 10.85316372, 10.85316372, 30.58232117, 25.40196991, 25.40196991, 30.58232117, 25.40196991, 30.58232117, 25.40196991, 30.58232117]"
53,"[25.40196991, 20.50147247, 25.40196991, 30.58232117, 16.35793304, 16.35793304, 20.50147247, 25.40196991, 36.45310974, 10.85316372, 30.58232117, 25.40196991, 25.40196991, 30.58232117, 20.50147247, 30.58232117, 34.56784439, 30.58232117, 25.40196991, 20.50147247, 30.58232117, 25.40196991, 30.58232117, 30.58232117, 30.58232117]"
54,"[25.40196991, 20.50147247, 20.50147247, 30.58232117, 16.35793304, 12.86226368, 20.50147247, 25.40196991, 36.45310974, 34.56784439, 30.58232117, 25.40196991, 25.40196991, 30.58232117, 16.35793304, 20.50147247, 10.85316372, 25.40196991, 25.40196991, 20.50147247, 30.58232117, 25.40196991, 25.40196991, 25.40196991, 30.58232117]"
55,"[25.40196991, 20.50147247, 20.50147247, 30.58232117, 16.35793304, 12.86226368, 20.50147247, 25.40196991, 34.56784439, 34.56784439, 25.40196991, 25.40196991, 25.40196991, 10.85316372, 16.35793304, 20.50147247, 30.58232117, 25.40196991, 20.50147247, 20.50147247, 25.40196991, 25.40196991, 16.35793304, 20.50147247, 30.58232117]"
56,"[25.40196991, 20.50147247, 20.50147247, 30.58232117, 16.35793304, 12.86226368, 20.50147247, 25.40196991, 34.56784439, 10.85316372, 25.40196991, 25.40196991, 20.50147247, 30.58232117, 16.35793304, 20.50147247, 30.58232117, 25.40196991, 25.40196991, 20.50147247, 25.40196991, 20.50147247, 10.85316372, 25.40196991, 30.58232117]"
57,"[25.40196991, 20.50147247, 20.50147247, 25.40196991, 16.35793304, 12.86226368, 16.35793304, 25.40196991, 30.58232117, 34.56784439, 25.40196991, 10.85316372, 20.50147247, 10.85316372, 16.35793304, 25.40196991, 30.58232117, 20.50147247, 25.40196991, 16.35793304, 25.40196991, 25.40196991, 25.40196991, 25.40196991, 10.85316372]"
58,"[25.40196991, 20.50147247, 20.50147247, 25.40196991, 16.35793304, 12.86226368, 16.35793304, 25.40196991, 10.85316372, 34.56784439, 25.40196991, 10.85316372, 25.40196991, 10.85316372, 11.05874348, 10.85316372, 30.58232117, 25.40196991, 25.40196991, 16.35793304, 25.40196991, 25.40196991, 30.58232117, 20.50147247, 30.58232117]"
59,"[20.50147247, 20.50147247, 20.50147247, 25.40196991, 34.56784439, 16.35793304, 16.35793304, 25.40196991, 30.58232117, 10.85316372, 20.50147247, 16.35793304, 25.40196991, 10.85316372, 10.85316372, 34.56784439, 10.85316372, 30.58232117, 25.40196991, 16.35793304, 25.40196991, 25.40196991, 25.40196991, 20.50147247, 10.85316372]"
60,"[25.40196991, 16.35793304, 16.35793304, 25.40196991, 39.55387878, 16.35793304, 16.35793304, 25.40196991, 10.85316372, 10.85316372, 25.40196991, 20.50147247, 20.50147247, 39.74495697, 10.85316372, 39.74495697, 39.55387878, 10.85316372, 30.58232117, 20.50147247, 10.85316372, 25.40196991, 25.40196991, 20.50147247, 30.58232117]"
61,"[30.58232117, 25.40196991, 25.40196991, 10.85316372, 10.85316372, 16.35793304, 20.50147247, 25.40196991, 36.45310974, 36.45310974, 25.40196991, 20.50147247, 20.50147247, 39.55387878, 20.50147247, 39.74495697, 39.93603134, 30.58232117, 30.58232117, 30.58232117, 34.56784439, 34.56784439, 34.56784439, 30.58232117, 10.85316372]"
62,"[25.40196991, 25.40196991, 25.40196991, 30.58232117, 34.56784439, 16.35793304, 20.50147247, 25.40196991, 36.45310974, 34.56784439, 25.40196991, 20.50147247, 20.50147247, 34.56784439, 16.35793304, 36.45310974, 39.55387878, 10.85316372, 25.40196991, 25.40196991, 39.55387878, 34.56784439, 10.85316372, 10.85316372, 10.85316372]"
63,"[25.40196991, 25.40196991, 20.50147247, 25.40196991, 36.45310974, 16.35793304, 20.50147247, 25.40196991, 10.85316372, 10.85316372, 25.40196991, 16.35793304, 25.40196991, 36.45310974, 20.50147247, 30.58232117, 10.85316372, 34.56784439, 25.40196991, 25.40196991, 10.85316372, 30.58232117, 30.58232117, 10.85316372, 10.85316372]"
64,"[25.40196991, 25.40196991, 20.50147247, 25.40196991, 10.85316372, 16.35793304, 25.40196991, 25.40196991, 36.45310974, 34.56784439, 25.40196991, 20.50147247, 20.50147247, 39.55387878, 16.35793304, 39.74495697, 36.45310974, 30.58232117, 25.40196991, 25.40196991, 10.85316372, 30.58232117, 30.58232117, 10.85316372, 30.58232117]"
65,"[25.40196991, 20.50147247, 20.50147247, 25.40196991, 10.85316372, 20.50147247, 25.40196991, 25.40196991, 34.56784439, 10.85316372, 25.40196991, 16.35793304, 25.40196991, 36.45310974, 16.35793304, 39.55387878, 36.45310974, 30.58232117, 25.40196991, 20.50147247, 10.85316372, 30.58232117, 30.58232117, 30.58232117, 10.85316372]"
66,"[25.40196991, 20.50147247, 25.40196991, 25.40196991, 34.56784439, 16.35793304, 20.50147247, 25.40196991, 36.45310974, 10.85316372, 25.40196991, 16.35793304, 25.40196991, 10.85316372, 20.50147247, 30.58232117, 39.55387878, 30.58232117, 25.40196991, 20.50147247, 30.58232117, 25.40196991, 10.85316372, 30.58232117, 25.40196991]"
67,"[25.40196991, 25.40196991, 25.40196991, 25.40196991, 10.85316372, 16.35793304, 20.50147247, 25.40196991, 30.58232117, 10.85316372, 25.40196991, 16.35793304, 25.40196991, 34.56784439, 20.50147247, 30.58232117, 10.85316372, 25.40196991, 25.40196991, 20.50147247, 30.58232117, 25.40196991, 25.40196991, 30.58232117, 10.85316372]"
68,"[25.40196991, 25.40196991, 25.40196991, 25.40196991, 30.58232117, 20.50147247, 20.50147247, 25.40196991, 39.55387878, 10.85316372, 25.40196991, 16.35793304, 25.40196991, 10.85316372, 16.35793304, 30.58232117, 34.56784439, 25.40196991, 30.58232117, 25.40196991, 30.58232117, 30.58232117, 30.58232117, 30.58232117, 30.58232117]"
69,"[25.40196991, 25.40196991, 20.50147247, 25.40196991, 10.85316372, 20.50147247, 16.35793304, 25.40196991, 34.56784439, 10.85316372, 25.40196991, 16.35793304, 20.50147247, 30.58232117, 20.50147247, 10.85316372, 36.45310974, 25.40196991, 30.58232117, 25.40196991, 30.58232117, 30.58232117, 30.58232117, 25.40196991, 25.40196991]"
70,"[25.40196991, 20.50147247, 20.50147247, 25.40196991, 10.85316372, 20.50147247, 20.50147247, 25.40196991, 34.56784439, 30.58232117, 25.40196991, 16.35793304, 20.50147247, 10.85316372, 16.35793304, 36.45310974, 34.56784439, 20.50147247, 25.40196991, 20.50147247, 30.58232117, 25.40196991, 10.85316372, 25.40196991, 10.85316372]"
71,"[25.40196991, 25.40196991, 25.40196991, 25.40196991, 30.58232117, 20.50147247, 20.50147247, 25.40196991, 10.85316372, 10.85316372, 30.58232117, 16.35793304, 25.40196991, 10.85316372, 20.50147247, 10.85316372, 34.56784439, 25.40196991, 25.40196991, 25.40196991, 30.58232117, 30.58232117, 10.85316372, 25.40196991, 10.85316372]"
72,"[25.40196991, 30.58232117, 25.40196991, 25.40196991, 10.85316372, 20.50147247, 20.50147247, 25.40196991, 34.56784439, 34.56784439, 25.40196991, 16.35793304, 25.40196991, 10.85316372, 16.35793304, 34.56784439, 39.55387878, 25.40196991, 25.40196991, 25.40196991, 30.58232117, 25.40196991, 30.58232117, 25.40196991, 25.40196991]"
73,"[25.40196991, 25.40196991, 25.40196991, 30.58232117, 34.56784439, 20.50147247, 25.40196991, 25.40196991, 10.85316372, 10.85316372, 25.40196991, 16.35793304, 25.40196991, 10.85316372, 20.50147247, 34.56784439, 36.45310974, 25.40196991, 25.40196991, 30.58232117, 30.58232117, 30.58232117, 30.58232117, 30.58232117, 10.85316372]"
74,"[25.40196991, 25.40196991, 25.40196991, 30.58232117, 36.45310974, 20.50147247, 25.40196991, 25.40196991, 36.45310974, 36.45310974, 30.58232117, 20.50147247, 30.58232117, 10.85316372, 25.40196991, 34.56784439, 36.45310974, 30.58232117, 25.40196991, 30.58232117, 10.85316372, 30.58232117, 10.85316372, 25.40196991, 30.58232117]"
75,"[30.58232117, 30.58232117, 25.40196991, 10.85316372, 25.40196991, 20.50147247, 25.40196991, 30.58232117, 36.45310974, 34.56784439, 30.58232117, 25.40196991, 25.40196991, 10.85316372, 20.50147247, 10.85316372, 36.45310974, 10.85316372, 25.40196991, 30.58232117, 10.85316372, 30.58232117, 10.85316372, 30.58232117, 46.81478119]"
76,"[30.58232117, 30.58232117, 30.58232117, 10.85316372, 25.40196991, 20.50147247, 25.40196991, 30.58232117, 34.56784439, 34.56784439, 30.58232117, 30.58232117, 30.58232117, 10.85316372, 20.50147247, 10.85316372, 36.45310974, 10.85316372, 30.58232117, 10.85316372, 10.85316372, 10.85316372, 10.85316372, 10.85316372, 53.88460159]"
77,"[10.85316372, 10.85316372, 10.85316372, 34.56784439, 30.58232117, 20.50147247, 30.58232117, 30.58232117, 39.55387878, 36.45310974, 10.85316372, 30.58232117, 30.58232117, 34.56784439, 25.40196991, 34.56784439, 39.55387878, 34.56784439, 30.58232117, 10.85316372, 34.56784439, 10.85316372, 34.56784439, 10.85316372, 25.40196991]"
78,"[10.85316372, 10.85316372, 34.56784439, 36.45310974, 30.58232117, 20.50147247, 30.58232117, 25.40196991, 39.74495697, 34.56784439, 10.85316372, 10.85316372, 10.85316372, 36.45310974, 20.50147247, 10.85316372, 39.55387878, 10.85316372, 30.58232117, 10.85316372, 34.56784439, 10.85316372, 34.56784439, 10.85316372, 10.85316372]"
79,"[10.85316372, 10.85316372, 10.85316372, 36.45310974, 30.58232117, 16.35793304, 30.58232117, 20.50147247, 39.55387878, 10.85316372, 10.85316372, 10.85316372, 10.85316372, 36.45310974, 25.40196991, 10.85316372, 36.45310974, 10.85316372, 25.40196991, 30.58232117, 10.85316372, 30.58232117, 10.85316372, 30.58232117, 30.58232117]"
80,"[30.58232117, 30.58232117, 30.58232117, 10.85316372, 30.58232117, 16.35793304, 25.40196991, 20.50147247, 36.45310974, 34.56784439, 30.58232117, 30.58232117, 30.58232117, 36.45310974, 16.35793304, 36.45310974, 34.56784439, 10.85316372, 25.40196991, 25.40196991, 10.85316372, 30.58232117, 30.58232117, 30.58232117, 30.58232117]"
81,"[25.40196991, 30.58232117, 30.58232117, 10.85316372, 25.40196991, 16.35793304, 25.40196991, 20.50147247, 34.56784439, 34.56784439, 25.40196991, 25.40196991, 25.40196991, 34.56784439, 20.50147247, 10.85316372, 36.45310974, 10.85316372, 25.40196991, 25.40196991, 10.85316372, 30.58232117, 10.85316372, 30.58232117, 25.40196991]"
82,"[25.40196991, 30.58232117, 30.58232117, 30.58232117, 36.45310974, 16.35793304, 25.40196991, 20.50147247, 34.56784439, 34.56784439, 25.40196991, 25.40196991, 25.40196991, 34.56784439, 16.35793304, 10.85316372, 36.45310974, 30.58232117, 25.40196991, 25.40196991, 10.85316372, 30.58232117, 30.58232117, 34.56784439, 25.40196991]"
83,"[25.40196991, 30.58232117, 30.58232117, 25.40196991, 39.55387878, 16.35793304, 25.40196991, 20.50147247, 34.56784439, 10.85316372, 25.40196991, 25.40196991, 30.58232117, 34.56784439, 16.35793304, 30.58232117, 36.45310974, 30.58232117, 25.40196991, 20.50147247, 30.58232117, 30.58232117, 25.40196991, 34.56784439, 20.50147247]"
84,"[25.40196991, 30.58232117, 10.85316372, 25.40196991, 39.55387878, 20.50147247, 25.40196991, 20.50147247, 34.56784439, 36.45310974, 25.40196991, 25.40196991, 30.58232117, 36.45310974, 20.50147247, 10.85316372, 36.45310974, 30.58232117, 25.40196991, 25.40196991, 10.85316372, 30.58232117, 30.58232117, 30.58232117, 30.58232117]"
85,"[25.40196991, 30.58232117, 25.40196991, 30.58232117, 36.45310974, 20.50147247, 30.58232117, 20.50147247, 10.85316372, 10.85316372, 25.40196991, 25.40196991, 30.58232117, 34.56784439, 16.35793304, 39.55387878, 34.56784439, 25.40196991, 25.40196991, 20.50147247, 10.85316372, 30.58232117, 25.40196991, 30.58232117, 20.50147247]"
86,"[25.40196991, 30.58232117, 25.40196991, 10.85316372, 36.45310974, 20.50147247, 30.58232117, 20.50147247, 10.85316372, 34.56784439, 25.40196991, 30.58232117, 30.58232117, 34.56784439, 16.35793304, 39.55387878, 10.85316372, 25.40196991, 25.40196991, 25.40196991, 30.58232117, 30.58232117, 25.40196991, 25.40196991, 20.50147247]"
87,"[20.50147247, 30.58232117, 25.40196991, 30.58232117, 10.85316372, 16.35793304, 25.40196991, 20.50147247, 36.45310974, 34.56784439, 25.40196991, 25.40196991, 30.58232117, 10.85316372, 16.35793304, 34.56784439, 34.56784439, 25.40196991, 25.40196991, 20.50147247, 30.58232117, 30.58232117, 30.58232117, 30.58232117, 25.40196991]"
88,"[20.50147247, 25.40196991, 25.40196991, 30.58232117, 25.40196991, 16.35793304, 25.40196991, 20.50147247, 34.56784439, 10.85316372, 25.40196991, 30.58232117, 10.85316372, 34.56784439, 20.50147247, 10.85316372, 10.85316372, 25.40196991, 25.40196991, 20.50147247, 30.58232117, 25.40196991, 25.40196991, 25.40196991, 25.40196991]"
89,"[20.50147247, 30.58232117, 30.58232117, 10.85316372, 25.40196991, 16.35793304, 30.58232117, 20.50147247, 10.85316372, 10.85316372, 30.58232117, 30.58232117, 10.85316372, 34.56784439, 12.86226368, 30.58232117, 10.85316372, 25.40196991, 25.40196991, 25.40196991, 10.85316372, 30.58232117, 25.40196991, 30.58232117, 25.40196991]"
90,"[25.40196991, 30.58232117, 30.58232117, 10.85316372, 25.40196991, 12.86226368, 25.40196991, 20.50147247, 34.56784439, 10.85316372, 30.58232117, 25.40196991, 30.58232117, 34.56784439, 16.35793304, 30.58232117, 34.56784439, 30.58232117, 25.40196991, 25.40196991, 10.85316372, 30.58232117, 30.58232117, 30.58232117, 25.40196991]"
91,"[20.50147247, 30.58232117, 30.58232117, 10.85316372, 25.40196991, 12.86226368, 25.40196991, 20.50147247, 34.56784439, 10.85316372, 25.40196991, 25.40196991, 30.58232117, 10.85316372, 16.35793304, 30.58232117, 34.56784439, 25.40196991, 25.40196991, 25.40196991, 30.58232117, 30.58232117, 10.85316372, 25.40196991, 20.50147247]"
92,"[25.40196991, 30.58232117, 30.58232117, 10.85316372, 25.40196991, 16.35793304, 25.40196991, 20.50147247, 34.56784439, 10.85316372, 30.58232117, 25.40196991, 30.58232117, 10.85316372, 16.35793304, 30.58232117, 34.56784439, 30.58232117, 25.40196991, 25.40196991, 30.58232117, 30.58232117, 34.56784439, 30.58232117, 20.50147247]"
93,"[25.40196991, 30.58232117, 30.58232117, 10.85316372, 25.40196991, 16.35793304, 25.40196991, 20.50147247, 36.45310974, 34.56784439, 30.58232117, 25.40196991, 30.58232117, 34.56784439, 16.35793304, 30.58232117, 34.56784439, 30.58232117, 30.58232117, 25.40196991, 30.58232117, 30.58232117, 10.85316372, 25.40196991, 25.40196991]"
94,"[25.40196991, 30.58232117, 30.58232117, 10.85316372, 20.50147247, 16.35793304, 25.40196991, 20.50147247, 36.45310974, 10.85316372, 30.58232117, 20.50147247, 30.58232117, 34.56784439, 20.50147247, 30.58232117, 34.56784439, 30.58232117, 25.40196991, 25.40196991, 30.58232117, 30.58232117, 10.85316372, 25.40196991, 20.50147247]"
95,"[25.40196991, 25.40196991, 30.58232117, 10.85316372, 25.40196991, 16.35793304, 25.40196991, 20.50147247, 36.45310974, 10.85316372, 30.58232117, 20.50147247, 30.58232117, 10.85316372, 16.35793304, 25.40196991, 10.85316372, 30.58232117, 25.40196991, 25.40196991, 30.58232117, 30.58232117, 30.58232117, 25.40196991, 25.40196991]"
96,"[25.40196991, 25.40196991, 30.58232117, 10.85316372, 20.50147247, 16.35793304, 25.40196991, 25.40196991, 34.56784439, 10.85316372, 25.40196991, 20.50147247, 25.40196991, 10.85316372, 16.35793304, 25.40196991, 10.85316372, 30.58232117, 25.40196991, 25.40196991, 30.58232117, 30.58232117, 30.58232117, 25.40196991, 25.40196991]"
97,"[25.40196991, 25.40196991, 25.40196991, 10.85316372, 20.50147247, 16.35793304, 20.50147247, 25.40196991, 34.56784439, 10.85316372, 25.40196991, 25.40196991, 25.40196991, 10.85316372, 16.35793304, 25.40196991, 10.85316372, 30.58232117, 25.40196991, 25.40196991, 30.58232117, 25.40196991, 30.58232117, 25.40196991, 25.40196991]"
98,"[25.40196991, 20.50147247, 20.50147247, 30.58232117, 16.35793304, 16.35793304, 20.50147247, 25.40196991, 10.85316372, 34.56784439, 25.40196991, 25.40196991, 25.40196991, 10.85316372, 16.35793304, 25.40196991, 30.58232117, 25.40196991, 25.40196991, 20.50147247, 25.40196991, 25.40196991, 25.40196991, 20.50147247, 25.40196991]"
99,"[20.50147247, 20.50147247, 20.50147247, 30.58232117, 12.86226368, 16.35793304, 20.50147247, 25.40196991, 10.85316372, 34.56784439, 20.50147247, 20.50147247, 25.40196991, 10.85316372, 12.86226368, 25.40196991, 30.58232117, 25.40196991, 25.40196991, 20.50147247, 25.40196991, 25.40196991, 10.85316372, 20.50147247, 25.40196991]"
100,"[20.50147247, 20.50147247, 20.50147247, 25.40196991, 12.86226368, 16.35793304, 16.35793304, 20.50147247, 10.85316372, 10.85316372, 20.50147247, 20.50147247, 20.50147247, 10.85316372, 16.35793304, 25.40196991, 30.58232117, 20.50147247, 25.40196991, 16.35793304, 25.40196991, 20.50147247, 25.40196991, 20.50147247, 20.50147247]"
101,"[20.50147247, 20.50147247, 20.50147247, 25.40196991, 16.35793304, 16.35793304, 16.35793304, 20.50147247, 36.45310974, 30.58232117, 20.50147247, 20.50147247, 20.50147247, 10.85316372, 12.86226368, 30.58232117, 30.58232117, 20.50147247, 25.40196991, 16.35793304, 25.40196991, 20.50147247, 30.58232117, 20.50147247, 25.40196991]"
102,"[20.50147247, 20.50147247, 20.50147247, 25.40196991, 16.35793304, 16.35793304, 16.35793304, 20.50147247, 34.56784439, 36.45310974, 20.50147247, 20.50147247, 20.50147247, 10.85316372, 16.35793304, 10.85316372, 30.58232117, 20.50147247, 25.40196991, 20.50147247, 25.40196991, 20.50147247, 30.58232117, 20.50147247, 20.50147247]"
103,"[20.50147247, 20.50147247, 20.50147247, 25.40196991, 16.35793304, 16.35793304, 16.35793304, 20.50147247, 10.85316372, 30.58232117, 20.50147247, 20.50147247, 20.50147247, 10.85316372, 16.35793304, 20.50147247, 30.58232117, 20.50147247, 25.40196991, 20.50147247, 25.40196991, 20.50147247, 25.40196991, 20.50147247, 20.50147247]"
104,"[16.35793304, 16.35793304, 20.50147247, 25.40196991, 16.35793304, 16.35793304, 16.35793304, 20.50147247, 10.85316372, 10.85316372, 20.50147247, 20.50147247, 20.50147247, 10.85316372, 12.86226368, 10.85316372, 25.40196991, 25.40196991, 25.40196991, 20.50147247, 25.40196991, 20.50147247, 30.58232117, 20.50147247, 20.50147247]"
105,"[20.50147247, 16.35793304, 16.35793304, 25.40196991, 10.85316372, 16.35793304, 12.86226368, 20.50147247, 39.55387878, 30.58232117, 20.50147247, 16.35793304, 20.50147247, 10.85316372, 20.50147247, 36.45310974, 30.58232117, 25.40196991, 25.40196991, 16.35793304, 25.40196991, 20.50147247, 25.40196991, 16.35793304, 20.50147247]"
106,"[16.35793304, 16.35793304, 16.35793304, 25.40196991, 20.50147247, 16.35793304, 16.35793304, 16.35793304, 10.85316372, 10.85316372, 20.50147247, 16.35793304, 20.50147247, 10.85316372, 16.35793304, 30.58232117, 30.58232117, 25.40196991, 20.50147247, 20.50147247, 25.40196991, 20.50147247, 30.58232117, 16.35793304, 20.50147247]"
107,"[20.50147247, 20.50147247, 16.35793304, 25.40196991, 25.40196991, 16.35793304, 16.35793304, 20.50147247, 34.56784439, 10.85316372, 20.50147247, 16.35793304, 20.50147247, 10.85316372, 12.86226368, 25.40196991, 30.58232117, 20.50147247, 20.50147247, 16.35793304, 25.40196991, 20.50147247, 30.58232117, 20.50147247, 25.40196991]"
108,"[20.50147247, 20.50147247, 16.35793304, 25.40196991, 34.56784439, 16.35793304, 16.35793304, 20.50147247, 34.56784439, 25.40196991, 25.40196991, 16.35793304, 25.40196991, 10.85316372, 12.86226368, 20.50147247, 30.58232117, 25.40196991, 20.50147247, 16.35793304, 25.40196991, 20.50147247, 30.58232117, 20.50147247, 25.40196991]"
109,"[20.50147247, 20.50147247, 16.35793304, 25.40196991, 34.56784439, 16.35793304, 20.50147247, 20.50147247, 10.85316372, 30.58232117, 25.40196991, 16.35793304, 25.40196991, 10.85316372, 12.86226368, 25.40196991, 30.58232117, 20.50147247, 25.40196991, 20.50147247, 25.40196991, 20.50147247, 30.58232117, 25.40196991, 25.40196991]"
110,"[20.50147247, 20.50147247, 16.35793304, 20.50147247, 10.85316372, 16.35793304, 20.50147247, 16.35793304, 36.45310974, 34.56784439, 20.50147247, 16.35793304, 25.40196991, 10.85316372, 16.35793304, 25.40196991, 30.58232117, 20.50147247, 25.40196991, 16.35793304, 25.40196991, 20.50147247, 30.58232117, 20.50147247, 25.40196991]"
111,"[20.50147247, 20.50147247, 20.50147247, 20.50147247, 34.56784439, 20.50147247, 16.35793304, 16.35793304, 10.85316372, 30.58232117, 25.40196991, 16.35793304, 25.40196991, 34.56784439, 16.35793304, 25.40196991, 30.58232117, 25.40196991, 25.40196991, 20.50147247, 25.40196991, 25.40196991, 25.40196991, 25.40196991, 20.50147247]"
112,"[20.50147247, 20.50147247, 16.35793304, 25.40196991, 10.85316372, 20.50147247, 20.50147247, 20.50147247, 10.85316372, 10.85316372, 25.40196991, 16.35793304, 25.40196991, 34.56784439, 16.35793304, 30.58232117, 10.85316372, 25.40196991, 25.40196991, 20.50147247, 30.58232117, 25.40196991, 25.40196991, 25.40196991, 20.50147247]"
113,"[20.50147247, 20.50147247, 20.50147247, 25.40196991, 36.45310974, 16.35793304, 20.50147247, 16.35793304, 34.56784439, 10.85316372, 25.40196991, 16.35793304, 25.40196991, 10.85316372, 16.35793304, 30.58232117, 10.85316372, 25.40196991, 25.40196991, 20.50147247, 30.58232117, 25.40196991, 30.58232117, 20.50147247, 25.40196991]"
114,"[25.40196991, 20.50147247, 20.50147247, 25.40196991, 34.56784439, 20.50147247, 20.50147247, 16.35793304, 34.56784439, 10.85316372, 25.40196991, 20.50147247, 25.40196991, 34.56784439, 16.35793304, 25.40196991, 10.85316372, 25.40196991, 25.40196991, 20.50147247, 30.58232117, 25.40196991, 25.40196991, 20.50147247, 20.50147247]"
115,"[25.40196991, 20.50147247, 25.40196991, 25.40196991, 10.85316372, 20.50147247, 20.50147247, 20.50147247, 30.58232117, 30.58232117, 25.40196991, 20.50147247, 25.40196991, 10.85316372, 16.35793304, 30.58232117, 10.85316372, 30.58232117, 25.40196991, 20.50147247, 30.58232117, 25.40196991, 30.58232117, 25.40196991, 20.50147247]"
116,"[25.40196991, 25.40196991, 20.50147247, 25.40196991, 10.85316372, 20.50147247, 20.50147247, 20.50147247, 30.58232117, 10.85316372, 25.40196991, 16.35793304, 25.40196991, 34.56784439, 16.35793304, 30.58232117, 10.85316372, 25.40196991, 25.40196991, 20.50147247, 30.58232117, 25.40196991, 25.40196991, 20.50147247, 16.35793304]"
117,"[25.40196991, 25.40196991, 20.50147247, 25.40196991, 34.56784439, 20.50147247, 20.50147247, 20.50147247, 36.45310974, 10.85316372, 25.40196991, 16.35793304, 25.40196991, 10.85316372, 20.50147247, 34.56784439, 10.85316372, 34.56784439, 25.40196991, 20.50147247, 30.58232117, 25.40196991, 30.58232117, 20.50147247, 20.50147247]"
118,"[25.40196991, 25.40196991, 20.50147247, 30.58232117, 34.56784439, 20.50147247, 20.50147247, 20.50147247, 39.55387878, 30.58232117, 30.58232117, 20.50147247, 25.40196991, 10.85316372, 20.50147247, 30.58232117, 34.56784439, 34.56784439, 30.58232117, 25.40196991, 10.85316372, 25.40196991, 30.58232117, 25.40196991, 25.40196991]"
119,"[25.40196991, 25.40196991, 25.40196991, 30.58232117, 25.40196991, 20.50147247, 20.50147247, 20.50147247, 39.55387878, 10.85316372, 25.40196991, 20.50147247, 25.40196991, 34.56784439, 20.50147247, 30.58232117, 36.45310974, 34.56784439, 30.58232117, 25.40196991, 10.85316372, 30.58232117, 30.58232117, 25.40196991, 25.40196991]"
120,"[25.40196991, 25.40196991, 25.40196991, 10.85316372, 20.50147247, 20.50147247, 20.50147247, 25.40196991, 36.45310974, 34.56784439, 30.58232117, 25.40196991, 25.40196991, 10.85316372, 16.35793304, 10.85316372, 36.45310974, 10.85316372, 30.58232117, 25.40196991, 10.85316372, 30.58232117, 30.58232117, 25.40196991, 25.40196991]"
121,"[25.40196991, 25.40196991, 25.40196991, 10.85316372, 20.50147247, 20.50147247, 20.50147247, 25.40196991, 34.56784439, 34.56784439, 25.40196991, 25.40196991, 25.40196991, 10.85316372, 20.50147247, 30.58232117, 34.56784439, 30.58232117, 30.58232117, 30.58232117, 30.58232117, 30.58232117, 30.58232117, 25.40196991, 25.40196991]"
122,"[25.40196991, 20.50147247, 25.40196991, 30.58232117, 20.50147247, 20.50147247, 20.50147247, 25.40196991, 34.56784439, 10.85316372, 25.40196991, 25.40196991, 25.40196991, 10.85316372, 20.50147247, 30.58232117, 36.45310974, 30.58232117, 30.58232117, 30.58232117, 10.85316372, 30.58232117, 30.58232117, 30.58232117, 30.58232117]"
123,"[25.40196991, 25.40196991, 25.40196991, 30.58232117, 20.50147247, 20.50147247, 25.40196991, 25.40196991, 10.85316372, 34.56784439, 20.50147247, 25.40196991, 25.40196991, 10.85316372, 16.35793304, 25.40196991, 34.56784439, 10.85316372, 30.58232117, 30.58232117, 34.56784439, 30.58232117, 10.85316372, 25.40196991, 25.40196991]"
124,"[25.40196991, 20.50147247, 25.40196991, 30.58232117, 16.35793304, 16.35793304, 20.50147247, 25.40196991, 10.85316372, 25.40196991, 25.40196991, 20.50147247, 20.50147247, 34.56784439, 16.35793304, 30.58232117, 34.56784439, 30.58232117, 25.40196991, 30.58232117, 10.85316372, 25.40196991, 34.56784439, 25.40196991, 30.58232117]"
125,"[20.50147247, 20.50147247, 20.50147247, 25.40196991, 16.35793304, 16.35793304, 20.50147247, 25.40196991, 10.85316372, 10.85316372, 20.50147247, 20.50147247, 25.40196991, 34.56784439, 12.86226368, 10.85316372, 34.56784439, 25.40196991, 25.40196991, 20.50147247, 30.58232117, 25.40196991, 30.58232117, 25.40196991, 30.58232117]"
126,"[20.50147247, 20.50147247, 20.50147247, 30.58232117, 25.40196991, 16.35793304, 16.35793304, 20.50147247, 36.45310974, 30.58232117, 20.50147247, 20.50147247, 20.50147247, 36.45310974, 16.35793304, 10.85316372, 30.58232117, 25.40196991, 25.40196991, 20.50147247, 30.58232117, 25.40196991, 30.58232117, 25.40196991, 25.40196991]"
127,"[20.50147247, 20.50147247, 16.35793304, 25.40196991, 34.56784439, 16.35793304, 16.35793304, 20.50147247, 34.56784439, 10.85316372, 25.40196991, 16.35793304, 20.50147247, 36.45310974, 16.35793304, 30.58232117, 30.58232117, 30.58232117, 25.40196991, 20.50147247, 30.58232117, 20.50147247, 25.40196991, 25.40196991, 20.50147247]"
128,"[20.50147247, 20.50147247, 16.35793304, 25.40196991, 36.45310974, 16.35793304, 16.35793304, 20.50147247, 36.45310974, 30.58232117, 25.40196991, 16.35793304, 20.50147247, 36.45310974, 16.35793304, 30.58232117, 39.93603134, 25.40196991, 25.40196991, 16.35793304, 30.58232117, 25.40196991, 30.58232117, 25.40196991, 20.50147247]"
129,"[20.50147247, 20.50147247, 16.35793304, 25.40196991, 34.56784439, 16.35793304, 20.50147247, 20.50147247, 34.56784439, 10.85316372, 25.40196991, 16.35793304, 20.50147247, 36.45310974, 16.35793304, 25.40196991, 39.74495697, 25.40196991, 10.85316372, 20.50147247, 30.58232117, 25.40196991, 30.58232117, 25.40196991, 20.50147247]"
130,"[20.50147247, 20.50147247, 16.35793304, 25.40196991, 34.56784439, 20.50147247, 20.50147247, 20.50147247, 10.85316372, 34.56784439, 25.40196991, 16.35793304, 20.50147247, 34.56784439, 16.35793304, 25.40196991, 39.55387878, 25.40196991, 30.58232117, 20.50147247, 25.40196991, 25.40196991, 30.58232117, 25.40196991, 20.50147247]"
131,"[20.50147247, 20.50147247, 16.35793304, 25.40196991, 34.56784439, 20.50147247, 20.50147247, 20.50147247, 10.85316372, 34.56784439, 25.40196991, 16.35793304, 25.40196991, 30.58232117, 16.35793304, 10.85316372, 34.56784439, 25.40196991, 30.58232117, 16.35793304, 25.40196991, 25.40196991, 10.85316372, 25.40196991, 16.35793304]"
132,"[20.50147247, 20.50147247, 16.35793304, 25.40196991, 34.56784439, 16.35793304, 16.35793304, 16.35793304, 34.56784439, 10.85316372, 25.40196991, 16.35793304, 20.50147247, 10.85316372, 16.35793304, 34.56784439, 34.56784439, 20.50147247, 30.58232117, 16.35793304, 25.40196991, 20.50147247, 25.40196991, 20.50147247, 20.50147247]"
133,"[20.50147247, 20.50147247, 20.50147247, 25.40196991, 36.45310974, 16.35793304, 16.35793304, 16.35793304, 34.56784439, 10.85316372, 25.40196991, 16.35793304, 20.50147247, 30.58232117, 16.35793304, 30.58232117, 10.85316372, 25.40196991, 25.40196991, 16.35793304, 25.40196991, 25.40196991, 25.40196991, 20.50147247, 20.50147247]"
134,"[20.50147247, 20.50147247, 20.50147247, 25.40196991, 10.85316372, 16.35793304, 16.35793304, 16.35793304, 34.56784439, 30.58232117, 20.50147247, 16.35793304, 20.50147247, 30.58232117, 16.35793304, 25.40196991, 10.85316372, 25.40196991, 25.40196991, 20.50147247, 30.58232117, 25.40196991, 30.58232117, 20.50147247, 20.50147247]"
135,"[20.50147247, 20.50147247, 20.50147247, 25.40196991, 30.58232117, 16.35793304, 16.35793304, 16.35793304, 34.56784439, 10.85316372, 20.50147247, 16.35793304, 20.50147247, 30.58232117, 12.86226368, 25.40196991, 30.58232117, 25.40196991, 25.40196991, 20.50147247, 30.58232117, 25.40196991, 25.40196991, 20.50147247, 16.35793304]"
136,"[20.50147247, 20.50147247, 20.50147247, 25.40196991, 34.56784439, 16.35793304, 16.35793304, 20.50147247, 10.85316372, 10.85316372, 25.40196991, 12.86226368, 20.50147247, 30.58232117, 12.86226368, 30.58232117, 10.85316372, 25.40196991, 25.40196991, 20.50147247, 25.40196991, 25.40196991, 25.40196991, 25.40196991, 20.50147247]"
137,"[20.50147247, 20.50147247, 20.50147247, 25.40196991, 34.56784439, 16.35793304, 16.35793304, 20.50147247, 10.85316372, 10.85316372, 25.40196991, 16.35793304, 20.50147247, 30.58232117, 16.35793304, 36.45310974, 34.56784439, 25.40196991, 25.40196991, 20.50147247, 25.40196991, 25.40196991, 30.58232117, 25.40196991, 20.50147247]"
138,"[25.40196991, 20.50147247, 25.40196991, 25.40196991, 10.85316372, 16.35793304, 20.50147247, 25.40196991, 36.45310974, 30.58232117, 30.58232117, 16.35793304, 25.40196991, 30.58232117, 16.35793304, 36.45310974, 36.45310974, 25.40196991, 30.58232117, 20.50147247, 30.58232117, 25.40196991, 30.58232117, 30.58232117, 20.50147247]"
139,"[30.58232117, 25.40196991, 25.40196991, 10.85316372, 36.45310974, 20.50147247, 25.40196991, 25.40196991, 39.55387878, 30.58232117, 30.58232117, 20.50147247, 25.40196991, 34.56784439, 20.50147247, 34.56784439, 39.55387878, 30.58232117, 30.58232117, 25.40196991, 30.58232117, 25.40196991, 10.85316372, 25.40196991, 20.50147247]"
140,"[25.40196991, 25.40196991, 25.40196991, 30.58232117, 20.50147247, 20.50147247, 25.40196991, 25.40196991, 39.55387878, 34.56784439, 30.58232117, 25.40196991, 30.58232117, 10.85316372, 20.50147247, 10.85316372, 36.45310974, 10.85316372, 25.40196991, 25.40196991, 10.85316372, 25.40196991, 34.56784439, 25.40196991, 25.40196991]"
141,"[30.58232117, 30.58232117, 10.85316372, 34.56784439, 25.40196991, 20.50147247, 30.58232117, 25.40196991, 39.55387878, 34.56784439, 10.85316372, 30.58232117, 10.85316372, 34.56784439, 20.50147247, 30.58232117, 39.55387878, 10.85316372, 25.40196991, 30.58232117, 10.85316372, 10.85316372, 34.56784439, 30.58232117, 25.40196991]"
142,"[30.58232117, 30.58232117, 30.58232117, 34.56784439, 25.40196991, 25.40196991, 25.40196991, 30.58232117, 39.55387878, 34.56784439, 30.58232117, 30.58232117, 10.85316372, 34.56784439, 20.50147247, 10.85316372, 36.45310974, 10.85316372, 25.40196991, 30.58232117, 10.85316372, 10.85316372, 10.85316372, 30.58232117, 30.58232117]"
143,"[30.58232117, 30.58232117, 30.58232117, 34.56784439, 25.40196991, 25.40196991, 25.40196991, 30.58232117, 39.74495697, 34.56784439, 30.58232117, 30.58232117, 30.58232117, 36.45310974, 25.40196991, 34.56784439, 36.45310974, 10.85316372, 30.58232117, 30.58232117, 10.85316372, 10.85316372, 34.56784439, 30.58232117, 30.58232117]"
144,"[30.58232117, 30.58232117, 10.85316372, 10.85316372, 25.40196991, 20.50147247, 25.40196991, 25.40196991, 36.45310974, 10.85316372, 30.58232117, 30.58232117, 25.40196991, 34.56784439, 20.50147247, 36.45310974, 36.45310974, 10.85316372, 30.58232117, 25.40196991, 10.85316372, 30.58232117, 36.45310974, 30.58232117, 30.58232117]"
145,"[25.40196991, 30.58232117, 30.58232117, 10.85316372, 20.50147247, 20.50147247, 25.40196991, 25.40196991, 34.56784439, 34.56784439, 25.40196991, 25.40196991, 30.58232117, 34.56784439, 20.50147247, 36.45310974, 36.45310974, 10.85316372, 30.58232117, 30.58232117, 10.85316372, 30.58232117, 10.85316372, 30.58232117, 30.58232117]"
146,"[25.40196991, 25.40196991, 25.40196991, 10.85316372, 25.40196991, 20.50147247, 20.50147247, 25.40196991, 10.85316372, 34.56784439, 25.40196991, 25.40196991, 25.40196991, 34.56784439, 20.50147247, 39.93603134, 36.45310974, 10.85316372, 25.40196991, 30.58232117, 10.85316372, 30.58232117, 34.56784439, 25.40196991, 30.58232117]"
147,"[25.40196991, 25.40196991, 25.40196991, 10.85316372, 36.45310974, 20.50147247, 20.50147247, 20.50147247, 34.56784439, 10.85316372, 25.40196991, 25.40196991, 25.40196991, 34.56784439, 20.50147247, 39.93603134, 36.45310974, 10.85316372, 30.58232117, 25.40196991, 34.56784439, 10.85316372, 25.40196991, 30.58232117, 25.40196991]"
148,"[25.40196991, 30.58232117, 25.40196991, 10.85316372, 25.40196991, 20.50147247, 25.40196991, 20.50147247, 36.45310974, 34.56784439, 25.40196991, 25.40196991, 30.58232117, 34.56784439, 16.35793304, 39.74495697, 36.45310974, 30.58232117, 25.40196991, 25.40196991, 34.56784439, 30.58232117, 10.85316372, 30.58232117, 30.58232117]"
149,"[25.40196991, 25.40196991, 25.40196991, 10.85316372, 34.56784439, 20.50147247, 25.40196991, 20.50147247, 10.85316372, 10.85316372, 25.40196991, 20.50147247, 30.58232117, 34.56784439, 20.50147247, 39.55387878, 39.55387878, 25.40196991, 30.58232117, 25.40196991, 36.45310974, 10.85316372, 10.85316372, 30.58232117, 30.58232117]"
150,"[20.50147247, 25.40196991, 25.40196991, 30.58232117, 39.55387878, 16.35793304, 25.40196991, 20.50147247, 10.85316372, 30.58232117, 25.40196991, 20.50147247, 30.58232117, 34.56784439, 20.50147247, 34.56784439, 36.45310974, 30.58232117, 25.40196991, 30.58232117, 34.56784439, 30.58232117, 30.58232117, 30.58232117, 25.40196991]"
151,"[20.50147247, 25.40196991, 20.50147247, 30.58232117, 34.56784439, 20.50147247, 20.50147247, 20.50147247, 36.45310974, 10.85316372, 25.40196991, 20.50147247, 25.40196991, 34.56784439, 16.35793304, 10.85316372, 34.56784439, 25.40196991, 25.40196991, 25.40196991, 30.58232117, 25.40196991, 10.85316372, 25.40196991, 25.40196991]"
152,"[25.40196991, 25.40196991, 25.40196991, 10.85316372, 34.56784439, 20.50147247, 20.50147247, 20.50147247, 10.85316372, 10.85316372, 25.40196991, 20.50147247, 25.40196991, 10.85316372, 16.35793304, 30.58232117, 34.56784439, 25.40196991, 25.40196991, 25.40196991, 10.85316372, 25.40196991, 10.85316372, 25.40196991, 25.40196991]"
153,"[25.40196991, 25.40196991, 20.50147247, 30.58232117, 10.85316372, 20.50147247, 20.50147247, 20.50147247, 34.56784439, 34.56784439, 25.40196991, 20.50147247, 25.40196991, 10.85316372, 20.50147247, 10.85316372, 10.85316372, 25.40196991, 25.40196991, 20.50147247, 30.58232117, 25.40196991, 30.58232117, 25.40196991, 20.50147247]"
154,"[25.40196991, 25.40196991, 25.40196991, 30.58232117, 20.50147247, 20.50147247, 20.50147247, 20.50147247, 10.85316372, 10.85316372, 25.40196991, 20.50147247, 25.40196991, 30.58232117, 16.35793304, 30.58232117, 10.85316372, 30.58232117, 25.40196991, 25.40196991, 30.58232117, 25.40196991, 10.85316372, 25.40196991, 25.40196991]"
155,"[25.40196991, 25.40196991, 25.40196991, 30.58232117, 20.50147247, 16.35793304, 16.35793304, 20.50147247, 34.56784439, 10.85316372, 20.50147247, 20.50147247, 25.40196991, 30.58232117, 16.35793304, 25.40196991, 30.58232117, 25.40196991, 25.40196991, 20.50147247, 25.40196991, 25.40196991, 25.40196991, 20.50147247, 25.40196991]"
156,"[25.40196991, 25.40196991, 20.50147247, 30.58232117, 20.50147247, 20.50147247, 20.50147247, 20.50147247, 36.45310974, 10.85316372, 20.50147247, 20.50147247, 25.40196991, 30.58232117, 16.35793304, 30.58232117, 10.85316372, 25.40196991, 25.40196991, 20.50147247, 25.40196991, 25.40196991, 30.58232117, 25.40196991, 20.50147247]"
157,"[25.40196991, 25.40196991, 20.50147247, 30.58232117, 10.85316372, 20.50147247, 20.50147247, 20.50147247, 34.56784439, 10.85316372, 25.40196991, 20.50147247, 25.40196991, 10.85316372, 16.35793304, 25.40196991, 10.85316372, 30.58232117, 25.40196991, 20.50147247, 30.58232117, 25.40196991, 10.85316372, 25.40196991, 20.50147247]"
158,"[25.40196991, 25.40196991, 25.40196991, 30.58232117, 34.56784439, 20.50147247, 20.50147247, 20.50147247, 36.45310974, 34.56784439, 30.58232117, 20.50147247, 25.40196991, 10.85316372, 16.35793304, 25.40196991, 34.56784439, 30.58232117, 25.40196991, 25.40196991, 30.58232117, 25.40196991, 10.85316372, 25.40196991, 20.50147247]"
159,"[25.40196991, 25.40196991, 20.50147247, 30.58232117, 39.55387878, 20.50147247, 25.40196991, 20.50147247, 36.45310974, 34.56784439, 25.40196991, 20.50147247, 25.40196991, 10.85316372, 16.35793304, 30.58232117, 34.56784439, 30.58232117, 25.40196991, 25.40196991, 30.58232117, 25.40196991, 10.85316372, 25.40196991, 20.50147247]"
160,"[25.40196991, 30.58232117, 20.50147247, 30.58232117, 39.74495697, 20.50147247, 25.40196991, 20.50147247, 10.85316372, 30.58232117, 25.40196991, 16.35793304, 25.40196991, 36.45310974, 20.50147247, 39.74495697, 34.56784439, 30.58232117, 25.40196991, 25.40196991, 10.85316372, 30.58232117, 10.85316372, 25.40196991, 25.40196991]"
161,"[25.40196991, 25.40196991, 25.40196991, 10.85316372, 34.56784439, 20.50147247, 25.40196991, 25.40196991, 34.56784439, 10.85316372, 30.58232117, 20.50147247, 25.40196991, 34.56784439, 20.50147247, 39.74495697, 34.56784439, 30.58232117, 30.58232117, 30.58232117, 10.85316372, 10.85316372, 10.85316372, 30.58232117, 20.50147247]"
162,"[30.58232117, 30.58232117, 30.58232117, 34.56784439, 25.40196991, 25.40196991, 25.40196991, 25.40196991, 34.56784439, 34.56784439, 30.58232117, 25.40196991, 30.58232117, 34.56784439, 25.40196991, 36.45310974, 36.45310974, 10.85316372, 30.58232117, 30.58232117, 34.56784439, 10.85316372, 34.56784439, 30.58232117, 25.40196991]"
163,"[30.58232117, 25.40196991, 30.58232117, 34.56784439, 25.40196991, 25.40196991, 25.40196991, 25.40196991, 34.56784439, 36.45310974, 30.58232117, 25.40196991, 30.58232117, 34.56784439, 20.50147247, 10.85316372, 36.45310974, 30.58232117, 30.58232117, 30.58232117, 10.85316372, 10.85316372, 10.85316372, 30.58232117, 25.40196991]"
164,"[25.40196991, 25.40196991, 30.58232117, 10.85316372, 20.50147247, 20.50147247, 20.50147247, 25.40196991, 36.45310974, 10.85316372, 30.58232117, 25.40196991, 30.58232117, 34.56784439, 16.35793304, 30.58232117, 34.56784439, 11.05874348, 25.40196991, 25.40196991, 30.58232117, 30.58232117, 30.58232117, 25.40196991, 30.58232117]"
165,"[25.40196991, 25.40196991, 20.50147247, 30.58232117, 16.35793304, 20.50147247, 20.50147247, 25.40196991, 10.85316372, 30.58232117, 25.40196991, 25.40196991, 25.40196991, 10.85316372, 16.35793304, 25.40196991, 30.58232117, 20.50147247, 25.40196991, 20.50147247, 25.40196991, 25.40196991, 30.58232117, 25.40196991, 25.40196991]"
166,"[20.50147247, 20.50147247, 20.50147247, 30.58232117, 16.35793304, 16.35793304, 16.35793304, 20.50147247, 36.45310974, 10.85316372, 20.50147247, 20.50147247, 20.50147247, 10.85316372, 16.35793304, 25.40196991, 30.58232117, 20.50147247, 25.40196991, 20.50147247, 25.40196991, 25.40196991, 30.58232117, 20.50147247, 25.40196991]"
167,"[20.50147247, 20.50147247, 20.50147247, 30.58232117, 16.35793304, 16.35793304, 16.35793304, 20.50147247, 36.45310974, 30.58232117, 20.50147247, 20.50147247, 20.50147247, 30.58232117, 16.35793304, 30.58232117, 30.58232117, 20.50147247, 25.40196991, 20.50147247, 25.40196991, 25.40196991, 30.58232117, 20.50147247, 25.40196991]"
168,"[20.50147247, 20.50147247, 20.50147247, 25.40196991, 16.35793304, 20.50147247, 44.52186584, 20.50147247, 34.56784439, 10.85316372, 20.50147247, 20.50147247, 20.50147247, 10.85316372, 16.35793304, 10.85316372, 30.58232117, 25.40196991, 25.40196991, 20.50147247, 25.40196991, 25.40196991, 30.58232117, 20.50147247, 30.58232117]"
169,"[16.35793304, 20.50147247, 20.50147247, 20.50147247, 12.86226368, 16.35793304, 16.35793304, 16.35793304, 30.58232117, 25.40196991, 16.35793304, 16.35793304, 16.35793304, 30.58232117, 12.86226368, 34.56784439, 30.58232117, 25.40196991, 34.56784439, 20.50147247, 25.40196991, 20.50147247, 30.58232117, 20.50147247, 20.50147247]"
170,"[16.35793304, 16.35793304, 16.35793304, 20.50147247, 12.86226368, 16.35793304, 16.35793304, 16.35793304, 10.85316372, 30.58232117, 16.35793304, 16.35793304, 16.35793304, 25.40196991, 12.86226368, 25.40196991, 30.58232117, 25.40196991, 25.40196991, 16.35793304, 25.40196991, 20.50147247, 25.40196991, 20.50147247, 20.50147247]"
171,"[16.35793304, 16.35793304, 16.35793304, 25.40196991, 16.35793304, 16.35793304, 16.35793304, 16.35793304, 34.56784439, 30.58232117, 16.35793304, 16.35793304, 20.50147247, 30.58232117, 12.86226368, 25.40196991, 25.40196991, 20.50147247, 25.40196991, 16.35793304, 20.50147247, 20.50147247, 25.40196991, 16.35793304, 16.35793304]"
172,"[20.50147247, 16.35793304, 20.50147247, 25.40196991, 16.35793304, 16.35793304, 16.35793304, 16.35793304, 10.85316372, 10.85316372, 20.50147247, 16.35793304, 20.50147247, 30.58232117, 16.35793304, 25.40196991, 30.58232117, 20.50147247, 20.50147247, 20.50147247, 25.40196991, 20.50147247, 25.40196991, 20.50147247, 20.50147247]"
173,"[20.50147247, 20.50147247, 20.50147247, 30.58232117, 16.35793304, 16.35793304, 20.50147247, 16.35793304, 34.56784439, 10.85316372, 20.50147247, 16.35793304, 20.50147247, 30.58232117, 12.86226368, 30.58232117, 30.58232117, 25.40196991, 20.50147247, 16.35793304, 25.40196991, 25.40196991, 25.40196991, 20.50147247, 16.35793304]"
174,"[20.50147247, 20.50147247, 20.50147247, 30.58232117, 20.50147247, 16.35793304, 16.35793304, 20.50147247, 36.45310974, 10.85316372, 20.50147247, 16.35793304, 20.50147247, 30.58232117, 16.35793304, 30.58232117, 30.58232117, 25.40196991, 20.50147247, 20.50147247, 25.40196991, 25.40196991, 30.58232117, 20.50147247, 16.35793304]"
175,"[20.50147247, 20.50147247, 25.40196991, 30.58232117, 16.35793304, 16.35793304, 20.50147247, 20.50147247, 34.56784439, 10.85316372, 20.50147247, 16.35793304, 20.50147247, 30.58232117, 16.35793304, 30.58232117, 30.58232117, 25.40196991, 20.50147247, 20.50147247, 25.40196991, 25.40196991, 25.40196991, 20.50147247, 20.50147247]"
176,"[20.50147247, 16.35793304, 20.50147247, 30.58232117, 16.35793304, 16.35793304, 16.35793304, 16.35793304, 10.85316372, 34.56784439, 20.50147247, 16.35793304, 20.50147247, 30.58232117, 16.35793304, 30.58232117, 30.58232117, 20.50147247, 25.40196991, 20.50147247, 25.40196991, 25.40196991, 30.58232117, 20.50147247, 20.50147247]"
177,"[20.50147247, 20.50147247, 20.50147247, 30.58232117, 16.35793304, 20.50147247, 20.50147247, 16.35793304, 34.56784439, 10.85316372, 20.50147247, 16.35793304, 20.50147247, 30.58232117, 12.86226368, 25.40196991, 30.58232117, 20.50147247, 25.40196991, 20.50147247, 25.40196991, 25.40196991, 30.58232117, 20.50147247, 20.50147247]"
178,"[20.50147247, 20.50147247, 20.50147247, 30.58232117, 16.35793304, 20.50147247, 20.50147247, 16.35793304, 10.85316372, 30.58232117, 20.50147247, 16.35793304, 20.50147247, 30.58232117, 16.35793304, 30.58232117, 30.58232117, 25.40196991, 20.50147247, 20.50147247, 25.40196991, 25.40196991, 30.58232117, 20.50147247, 20.50147247]"
179,"[20.50147247, 20.50147247, 16.35793304, 30.58232117, 25.40196991, 20.50147247, 20.50147247, 20.50147247, 34.56784439, 30.58232117, 20.50147247, 16.35793304, 20.50147247, 30.58232117, 16.35793304, 25.40196991, 30.58232117, 20.50147247, 16.35793304, 20.50147247, 25.40196991, 25.40196991, 30.58232117, 20.50147247, 20.50147247]"
180,"[20.50147247, 20.50147247, 20.50147247, 25.40196991, 10.85316372, 20.50147247, 20.50147247, 16.35793304, 10.85316372, 30.58232117, 25.40196991, 16.35793304, 25.40196991, 30.58232117, 16.35793304, 25.40196991, 30.58232117, 25.40196991, 20.50147247, 20.50147247, 25.40196991, 25.40196991, 30.58232117, 20.50147247, 20.50147247]"
181,"[20.50147247, 20.50147247, 20.50147247, 25.40196991, 30.58232117, 20.50147247, 30.58232117, 16.35793304, 10.85316372, 10.85316372, 25.40196991, 16.35793304, 20.50147247, 30.58232117, 16.35793304, 30.58232117, 30.58232117, 20.50147247, 20.50147247, 20.50147247, 25.40196991, 25.40196991, 30.58232117, 20.50147247, 20.50147247]"
182,"[20.50147247, 20.50147247, 16.35793304, 25.40196991, 30.58232117, 20.50147247, 25.40196991, 16.35793304, 34.56784439, 30.58232117, 25.40196991, 16.35793304, 20.50147247, 10.85316372, 16.35793304, 10.85316372, 10.85316372, 25.40196991, 20.50147247, 20.50147247, 25.40196991, 25.40196991, 25.40196991, 20.50147247, 20.50147247]"
183,"[20.50147247, 16.35793304, 16.35793304, 25.40196991, 30.58232117, 20.50147247, 20.50147247, 16.35793304, 34.56784439, 10.85316372, 25.40196991, 16.35793304, 20.50147247, 10.85316372, 16.35793304, 30.58232117, 34.56784439, 25.40196991, 20.50147247, 20.50147247, 10.85316372, 25.40196991, 30.58232117, 25.40196991, 20.50147247]"
184,"[25.40196991, 20.50147247, 30.58232117, 30.58232117, 34.56784439, 20.50147247, 20.50147247, 20.50147247, 10.85316372, 10.85316372, 25.40196991, 16.35793304, 25.40196991, 30.58232117, 20.50147247, 30.58232117, 34.56784439, 30.58232117, 20.50147247, 20.50147247, 30.58232117, 30.58232117, 30.58232117, 25.40196991, 20.50147247]"
185,"[25.40196991, 20.50147247, 25.40196991, 10.85316372, 20.50147247, 20.50147247, 25.40196991, 20.50147247, 10.85316372, 10.85316372, 25.40196991, 20.50147247, 25.40196991, 10.85316372, 16.35793304, 25.40196991, 10.85316372, 25.40196991, 20.50147247, 25.40196991, 30.58232117, 25.40196991, 30.58232117, 20.50147247, 20.50147247]"
186,"[25.40196991, 20.50147247, 20.50147247, 30.58232117, 20.50147247, 20.50147247, 20.50147247, 20.50147247, 34.56784439, 10.85316372, 25.40196991, 20.50147247, 25.40196991, 30.58232117, 20.50147247, 25.40196991, 25.40196991, 25.40196991, 20.50147247, 20.50147247, 30.58232117, 25.40196991, 30.58232117, 25.40196991, 20.50147247]"
187,"[25.40196991, 25.40196991, 25.40196991, 30.58232117, 16.35793304, 20.50147247, 20.50147247, 20.50147247, 34.56784439, 10.85316372, 25.40196991, 20.50147247, 20.50147247, 30.58232117, 16.35793304, 25.40196991, 20.50147247, 25.40196991, 20.50147247, 25.40196991, 30.58232117, 30.58232117, 25.40196991, 20.50147247, 25.40196991]"
188,"[25.40196991, 20.50147247, 20.50147247, 30.58232117, 16.35793304, 20.50147247, 20.50147247, 20.50147247, 36.45310974, 30.58232117, 25.40196991, 20.50147247, 20.50147247, 30.58232117, 16.35793304, 25.40196991, 20.50147247, 25.40196991, 25.40196991, 25.40196991, 30.58232117, 25.40196991, 25.40196991, 20.50147247, 20.50147247]"
189,"[20.50147247, 20.50147247, 20.50147247, 30.58232117, 20.50147247, 20.50147247, 20.50147247, 20.50147247, 34.56784439, 10.85316372, 20.50147247, 20.50147247, 20.50147247, 30.58232117, 16.35793304, 30.58232117, 20.50147247, 25.40196991, 25.40196991, 20.50147247, 30.58232117, 25.40196991, 30.58232117, 16.35793304, 20.50147247]"
190,"[25.40196991, 20.50147247, 25.40196991, 30.58232117, 20.50147247, 20.50147247, 20.50147247, 20.50147247, 10.85316372, 10.85316372, 20.50147247, 20.50147247, 20.50147247, 10.85316372, 16.35793304, 10.85316372, 20.50147247, 25.40196991, 25.40196991, 25.40196991, 30.58232117, 25.40196991, 30.58232117, 20.50147247, 20.50147247]"
191,"[25.40196991, 20.50147247, 25.40196991, 30.58232117, 20.50147247, 20.50147247, 20.50147247, 20.50147247, 36.45310974, 10.85316372, 25.40196991, 20.50147247, 20.50147247, 10.85316372, 16.35793304, 36.45310974, 25.40196991, 25.40196991, 25.40196991, 20.50147247, 30.58232117, 25.40196991, 10.85316372, 49.10769653, 20.50147247]"
192,"[25.40196991, 25.40196991, 20.50147247, 10.85316372, 10.85316372, 20.50147247, 25.40196991, 20.50147247, 34.56784439, 34.56784439, 25.40196991, 20.50147247, 25.40196991, 36.45310974, 20.50147247, 10.85316372, 25.40196991, 36.45310974, 20.50147247, 25.40196991, 30.58232117, 25.40196991, 10.85316372, 20.50147247, 20.50147247]"
193,"[25.40196991, 25.40196991, 25.40196991, 10.85316372, 25.40196991, 20.50147247, 20.50147247, 20.50147247, 34.56784439, 36.45310974, 25.40196991, 20.50147247, 25.40196991, 36.45310974, 20.50147247, 34.56784439, 25.40196991, 36.45310974, 25.40196991, 30.58232117, 10.85316372, 25.40196991, 25.40196991, 25.40196991, 20.50147247]"
194,"[25.40196991, 25.40196991, 20.50147247, 30.58232117, 30.58232117, 20.50147247, 20.50147247, 20.50147247, 34.56784439, 10.85316372, 25.40196991, 20.50147247, 25.40196991, 34.56784439, 20.50147247, 25.40196991, 30.58232117, 30.58232117, 20.50147247, 25.40196991, 30.58232117, 25.40196991, 25.40196991, 25.40196991, 30.58232117]"
195,"[20.50147247, 25.40196991, 25.40196991, 30.58232117, 10.85316372, 20.50147247, 20.50147247, 20.50147247, 34.56784439, 34.56784439, 25.40196991, 20.50147247, 25.40196991, 34.56784439, 16.35793304, 30.58232117, 25.40196991, 30.58232117, 20.50147247, 25.40196991, 25.40196991, 25.40196991, 25.40196991, 25.40196991, 25.40196991]"
196,"[25.40196991, 25.40196991, 20.50147247, 30.58232117, 10.85316372, 20.50147247, 20.50147247, 20.50147247, 36.45310974, 10.85316372, 25.40196991, 20.50147247, 20.50147247, 34.56784439, 16.35793304, 25.40196991, 25.40196991, 10.85316372, 20.50147247, 25.40196991, 30.58232117, 25.40196991, 30.58232117, 30.58232117, 25.40196991]"
197,"[25.40196991, 25.40196991, 20.50147247, 25.40196991, 36.45310974, 20.50147247, 20.50147247, 20.50147247, 34.56784439, 10.85316372, 25.40196991, 20.50147247, 20.50147247, 10.85316372, 16.35793304, 25.40196991, 25.40196991, 10.85316372, 20.50147247, 25.40196991, 25.40196991, 25.40196991, 25.40196991, 30.58232117, 20.50147247]"
198,"[25.40196991, 25.40196991, 25.40196991, 25.40196991, 10.85316372, 20.50147247, 20.50147247, 20.50147247, 34.56784439, 34.56784439, 25.40196991, 20.50147247, 25.40196991, 34.56784439, 16.35793304, 10.85316372, 25.40196991, 30.58232117, 20.50147247, 20.50147247, 25.40196991, 25.40196991, 30.58232117, 25.40196991, 25.40196991]"
199,"[25.40196991, 25.40196991, 25.40196991, 30.58232117, 20.50147247, 20.50147247, 25.40196991, 20.50147247, 10.85316372, 34.56784439, 25.40196991, 20.50147247, 25.40196991, 10.85316372, 16.35793304, 30.58232117, 25.40196991, 30.58232117, 20.50147247, 20.50147247, 25.40196991, 25.40196991, 30.58232117, 25.40196991, 25.40196991]"
200,"[20.50147247, 20.50147247, 25.40196991, 30.58232117, 20.50147247, 20.50147247, 20.50147247, 20.50147247, 36.45310974, 34.56784439, 25.40196991, 20.50147247, 25.40196991, 10.85316372, 16.35793304, 25.40196991, 25.40196991, 30.58232117, 20.50147247, 20.50147247, 25.40196991, 25.40196991, 30.58232117, 25.40196991, 25.40196991]"
201,"[20.50147247, 20.50147247, 20.50147247, 30.58232117, 25.40196991, 20.50147247, 20.50147247, 20.50147247, 34.56784439, 34.56784439, 25.40196991, 20.50147247, 25.40196991, 34.56784439, 16.35793304, 25.40196991, 25.40196991, 25.40196991, 20.50147247, 20.50147247, 25.40196991, 25.40196991, 30.58232117, 25.40196991, 25.40196991]"
202,"[20.50147247, 20.50147247, 20.50147247, 30.58232117, 16.35793304, 20.50147247, 20.50147247, 20.50147247, 36.45310974, 34.56784439, 25.40196991, 20.50147247, 30.58232117, 34.56784439, 16.35793304, 25.40196991, 25.40196991, 30.58232117, 20.50147247, 20.50147247, 25.40196991, 25.40196991, 10.85316372, 25.40196991, 25.40196991]"
203,"[25.40196991, 20.50147247, 25.40196991, 30.58232117, 25.40196991, 20.50147247, 20.50147247, 20.50147247, 39.55387878, 10.85316372, 30.58232117, 20.50147247, 25.40196991, 34.56784439, 16.35793304, 25.40196991, 25.40196991, 36.45310974, 20.50147247, 20.50147247, 25.40196991, 25.40196991, 30.58232117, 25.40196991, 25.40196991]"
204,"[25.40196991, 25.40196991, 20.50147247, 25.40196991, 34.56784439, 20.50147247, 20.50147247, 20.50147247, 34.56784439, 10.85316372, 30.58232117, 20.50147247, 30.58232117, 34.56784439, 16.35793304, 25.40196991, 25.40196991, 30.58232117, 20.50147247, 20.50147247, 25.40196991, 25.40196991, 25.40196991, 25.40196991, 25.40196991]"
205,"[25.40196991, 25.40196991, 25.40196991, 30.58232117, 39.74495697, 20.50147247, 25.40196991, 20.50147247, 39.74495697, 34.56784439, 30.58232117, 20.50147247, 25.40196991, 36.45310974, 16.35793304, 25.40196991, 25.40196991, 30.58232117, 20.50147247, 20.50147247, 25.40196991, 25.40196991, 10.85316372, 30.58232117, 20.50147247]"
206,"[30.58232117, 25.40196991, 20.50147247, 30.58232117, 34.56784439, 20.50147247, 25.40196991, 25.40196991, 34.56784439, 34.56784439, 30.58232117, 20.50147247, 30.58232117, 36.45310974, 16.35793304, 20.50147247, 25.40196991, 30.58232117, 25.40196991, 20.50147247, 25.40196991, 25.40196991, 30.58232117, 30.58232117, 25.40196991]"
207,"[30.58232117, 25.40196991, 25.40196991, 30.58232117, 20.50147247, 20.50147247, 25.40196991, 25.40196991, 36.45310974, 34.56784439, 30.58232117, 20.50147247, 25.40196991, 39.55387878, 16.35793304, 30.58232117, 25.40196991, 30.58232117, 25.40196991, 20.50147247, 25.40196991, 25.40196991, 10.85316372, 30.58232117, 25.40196991]"
208,"[30.58232117, 30.58232117, 25.40196991, 10.85316372, 20.50147247, 20.50147247, 25.40196991, 25.40196991, 36.45310974, 34.56784439, 30.58232117, 25.40196991, 30.58232117, 36.45310974, 16.35793304, 25.40196991, 25.40196991, 25.40196991, 25.40196991, 20.50147247, 25.40196991, 25.40196991, 10.85316372, 30.58232117, 25.40196991]"
209,"[30.58232117, 25.40196991, 30.58232117, 10.85316372, 20.50147247, 16.35793304, 25.40196991, 25.40196991, 39.74495697, 39.74495697, 10.85316372, 25.40196991, 30.58232117, 34.56784439, 16.35793304, 25.40196991, 30.58232117, 30.58232117, 25.40196991, 20.50147247, 30.58232117, 25.40196991, 10.85316372, 30.58232117, 25.40196991]"
210,"[25.40196991, 20.50147247, 20.50147247, 30.58232117, 20.50147247, 20.50147247, 20.50147247, 25.40196991, 36.45310974, 34.56784439, 30.58232117, 30.58232117, 25.40196991, 10.85316372, 20.50147247, 30.58232117, 25.40196991, 30.58232117, 20.50147247, 25.40196991, 30.58232117, 25.40196991, 30.58232117, 25.40196991, 25.40196991]"
211,"[25.40196991, 25.40196991, 25.40196991, 30.58232117, 20.50147247, 20.50147247, 20.50147247, 20.50147247, 34.56784439, 10.85316372, 25.40196991, 25.40196991, 20.50147247, 10.85316372, 16.35793304, 10.85316372, 25.40196991, 30.58232117, 20.50147247, 25.40196991, 30.58232117, 25.40196991, 30.58232117, 20.50147247, 30.58232117]"
212,"[54.83998489, 25.40196991, 30.58232117, 10.85316372, 20.50147247, 20.50147247, 25.40196991, 25.40196991, 10.85316372, 34.56784439, 25.40196991, 25.40196991, 25.40196991, 10.85316372, 20.50147247, 34.56784439, 25.40196991, 30.58232117, 20.50147247, 25.40196991, 10.85316372, 30.58232117, 10.85316372, 25.40196991, 25.40196991]"
213,"[45.28617096, 30.58232117, 30.58232117, 10.85316372, 20.50147247, 20.50147247, 25.40196991, 25.40196991, 34.56784439, 10.85316372, 25.40196991, 25.40196991, 25.40196991, 10.85316372, 20.50147247, 10.85316372, 20.50147247, 30.58232117, 20.50147247, 25.40196991, 30.58232117, 25.40196991, 10.85316372, 25.40196991, 30.58232117]"
214,"[20.50147247, 25.40196991, 25.40196991, 30.58232117, 20.50147247, 20.50147247, 20.50147247, 20.50147247, 34.56784439, 10.85316372, 25.40196991, 25.40196991, 25.40196991, 34.56784439, 20.50147247, 39.74495697, 20.50147247, 30.58232117, 20.50147247, 20.50147247, 30.58232117, 25.40196991, 34.56784439, 25.40196991, 25.40196991]"
215,"[25.40196991, 30.58232117, 25.40196991, 30.58232117, 20.50147247, 20.50147247, 25.40196991, 20.50147247, 34.56784439, 34.56784439, 20.50147247, 20.50147247, 25.40196991, 10.85316372, 16.35793304, 34.56784439, 20.50147247, 30.58232117, 20.50147247, 20.50147247, 30.58232117, 30.58232117, 34.56784439, 25.40196991, 25.40196991]"
216,"[20.50147247, 30.58232117, 25.40196991, 10.85316372, 20.50147247, 20.50147247, 25.40196991, 20.50147247, 34.56784439, 10.85316372, 20.50147247, 25.40196991, 25.40196991, 10.85316372, 16.35793304, 10.85316372, 25.40196991, 30.58232117, 20.50147247, 25.40196991, 30.58232117, 30.58232117, 10.85316372, 25.40196991, 25.40196991]"
217,"[25.40196991, 30.58232117, 30.58232117, 10.85316372, 25.40196991, 20.50147247, 30.58232117, 20.50147247, 34.56784439, 10.85316372, 20.50147247, 20.50147247, 25.40196991, 10.85316372, 16.35793304, 30.58232117, 30.58232117, 30.58232117, 20.50147247, 25.40196991, 10.85316372, 30.58232117, 10.85316372, 10.85316372, 25.40196991]"
218,"[25.40196991, 30.58232117, 30.58232117, 34.56784439, 30.58232117, 20.50147247, 30.58232117, 20.50147247, 36.45310974, 10.85316372, 25.40196991, 20.50147247, 25.40196991, 10.85316372, 16.35793304, 30.58232117, 25.40196991, 25.40196991, 20.50147247, 25.40196991, 30.58232117, 30.58232117, 34.56784439, 36.45310974, 30.58232117]"
219,"[20.50147247, 25.40196991, 25.40196991, 10.85316372, 36.45310974, 20.50147247, 25.40196991, 20.50147247, 36.45310974, 36.45310974, 25.40196991, 20.50147247, 30.58232117, 10.85316372, 16.35793304, 30.58232117, 30.58232117, 25.40196991, 20.50147247, 25.40196991, 30.58232117, 30.58232117, 30.58232117, 10.85316372, 25.40196991]"
220,"[20.50147247, 30.58232117, 25.40196991, 30.58232117, 36.45310974, 20.50147247, 25.40196991, 20.50147247, 10.85316372, 10.85316372, 25.40196991, 20.50147247, 25.40196991, 10.85316372, 16.35793304, 30.58232117, 10.85316372, 25.40196991, 20.50147247, 20.50147247, 30.58232117, 25.40196991, 10.85316372, 25.40196991, 25.40196991]"
221,"[25.40196991, 30.58232117, 20.50147247, 30.58232117, 30.58232117, 20.50147247, 25.40196991, 20.50147247, 34.56784439, 10.85316372, 25.40196991, 20.50147247, 25.40196991, 34.56784439, 16.35793304, 30.58232117, 10.85316372, 25.40196991, 20.50147247, 20.50147247, 30.58232117, 25.40196991, 30.58232117, 25.40196991, 25.40196991]"
222,"[20.50147247, 30.58232117, 25.40196991, 25.40196991, 34.56784439, 20.50147247, 25.40196991, 20.50147247, 34.56784439, 10.85316372, 25.40196991, 20.50147247, 25.40196991, 34.56784439, 16.35793304, 30.58232117, 10.85316372, 25.40196991, 20.50147247, 20.50147247, 30.58232117, 25.40196991, 10.85316372, 25.40196991, 25.40196991]"
223,"[20.50147247, 25.40196991, 20.50147247, 25.40196991, 10.85316372, 20.50147247, 25.40196991, 20.50147247, 34.56784439, 34.56784439, 25.40196991, 20.50147247, 25.40196991, 10.85316372, 20.50147247, 30.58232117, 30.58232117, 25.40196991, 20.50147247, 20.50147247, 30.58232117, 25.40196991, 10.85316372, 25.40196991, 25.40196991]"
224,"[25.40196991, 25.40196991, 25.40196991, 25.40196991, 30.58232117, 20.50147247, 25.40196991, 20.50147247, 34.56784439, 34.56784439, 25.40196991, 20.50147247, 25.40196991, 10.85316372, 16.35793304, 30.58232117, 30.58232117, 25.40196991, 20.50147247, 20.50147247, 30.58232117, 25.40196991, 10.85316372, 25.40196991, 25.40196991]"
225,"[25.40196991, 25.40196991, 25.40196991, 25.40196991, 30.58232117, 20.50147247, 25.40196991, 20.50147247, 10.85316372, 10.85316372, 25.40196991, 20.50147247, 25.40196991, 10.85316372, 16.35793304, 30.58232117, 10.85316372, 25.40196991, 20.50147247, 20.50147247, 30.58232117, 25.40196991, 10.85316372, 25.40196991, 25.40196991]"
226,"[20.50147247, 25.40196991, 25.40196991, 25.40196991, 34.56784439, 20.50147247, 25.40196991, 20.50147247, 34.56784439, 10.85316372, 25.40196991, 20.50147247, 25.40196991, 10.85316372, 20.50147247, 30.58232117, 10.85316372, 25.40196991, 20.50147247, 20.50147247, 30.58232117, 25.40196991, 34.56784439, 25.40196991, 20.50147247]"
227,"[20.50147247, 30.58232117, 25.40196991, 25.40196991, 36.45310974, 20.50147247, 25.40196991, 20.50147247, 10.85316372, 10.85316372, 25.40196991, 20.50147247, 25.40196991, 10.85316372, 16.35793304, 30.58232117, 10.85316372, 25.40196991, 25.40196991, 25.40196991, 30.58232117, 25.40196991, 10.85316372, 25.40196991, 25.40196991]"
228,"[25.40196991, 30.58232117, 25.40196991, 30.58232117, 36.45310974, 20.50147247, 25.40196991, 20.50147247, 34.56784439, 34.56784439, 25.40196991, 20.50147247, 25.40196991, 10.85316372, 16.35793304, 30.58232117, 10.85316372, 25.40196991, 20.50147247, 25.40196991, 30.58232117, 30.58232117, 10.85316372, 25.40196991, 25.40196991]"
229,"[20.50147247, 30.58232117, 25.40196991, 25.40196991, 25.40196991, 20.50147247, 25.40196991, 20.50147247, 39.55387878, 34.56784439, 25.40196991, 20.50147247, 25.40196991, 10.85316372, 16.35793304, 30.58232117, 10.85316372, 25.40196991, 20.50147247, 25.40196991, 30.58232117, 30.58232117, 34.56784439, 25.40196991, 25.40196991]"
230,"[25.40196991, 25.40196991, 30.58232117, 30.58232117, 25.40196991, 20.50147247, 25.40196991, 20.50147247, 36.45310974, 10.85316372, 25.40196991, 30.58232117, 30.58232117, 34.56784439, 20.50147247, 30.58232117, 10.85316372, 30.58232117, 20.50147247, 25.40196991, 10.85316372, 30.58232117, 10.85316372, 25.40196991, 25.40196991]"
231,"[25.40196991, 30.58232117, 10.85316372, 10.85316372, 25.40196991, 20.50147247, 25.40196991, 25.40196991, 10.85316372, 34.56784439, 25.40196991, 30.58232117, 30.58232117, 34.56784439, 20.50147247, 30.58232117, 30.58232117, 30.58232117, 20.50147247, 25.40196991, 10.85316372, 30.58232117, 10.85316372, 25.40196991, 25.40196991]"
232,"[30.58232117, 30.58232117, 30.58232117, 10.85316372, 25.40196991, 20.50147247, 25.40196991, 25.40196991, 39.55387878, 34.56784439, 30.58232117, 30.58232117, 30.58232117, 34.56784439, 20.50147247, 30.58232117, 30.58232117, 30.58232117, 20.50147247, 25.40196991, 10.85316372, 30.58232117, 34.56784439, 30.58232117, 30.58232117]"
233,"[30.58232117, 30.58232117, 30.58232117, 10.85316372, 25.40196991, 20.50147247, 25.40196991, 25.40196991, 39.55387878, 10.85316372, 30.58232117, 25.40196991, 30.58232117, 34.56784439, 20.50147247, 30.58232117, 30.58232117, 30.58232117, 20.50147247, 25.40196991, 10.85316372, 30.58232117, 34.56784439, 25.40196991, 30.58232117]"
234,"[30.58232117, 30.58232117, 30.58232117, 10.85316372, 25.40196991, 20.50147247, 25.40196991, 25.40196991, 36.45310974, 36.45310974, 30.58232117, 25.40196991, 30.58232117, 34.56784439, 20.50147247, 10.85316372, 30.58232117, 30.58232117, 20.50147247, 25.40196991, 10.85316372, 30.58232117, 34.56784439, 20.50147247, 25.40196991]"
235,"[30.58232117, 30.58232117, 30.58232117, 10.85316372, 20.50147247, 20.50147247, 25.40196991, 25.40196991, 39.74495697, 34.56784439, 25.40196991, 25.40196991, 30.58232117, 34.56784439, 20.50147247, 36.45310974, 30.58232117, 30.58232117, 20.50147247, 25.40196991, 30.58232117, 30.58232117, 10.85316372, 20.50147247, 30.58232117]"
236,"[30.58232117, 10.85316372, 30.58232117, 30.58232117, 20.50147247, 20.50147247, 25.40196991, 25.40196991, 39.55387878, 34.56784439, 25.40196991, 25.40196991, 25.40196991, 34.56784439, 16.35793304, 39.74495697, 10.85316372, 30.58232117, 20.50147247, 25.40196991, 30.58232117, 30.58232117, 34.56784439, 20.50147247, 30.58232117]"
237,"[25.40196991, 25.40196991, 25.40196991, 30.58232117, 30.58232117, 20.50147247, 25.40196991, 20.50147247, 36.45310974, 10.85316372, 25.40196991, 20.50147247, 25.40196991, 34.56784439, 20.50147247, 36.45310974, 10.85316372, 30.58232117, 20.50147247, 25.40196991, 30.58232117, 25.40196991, 34.56784439, 25.40196991, 25.40196991]"
238,"[25.40196991, 25.40196991, 25.40196991, 30.58232117, 34.56784439, 20.50147247, 25.40196991, 25.40196991, 36.45310974, 34.56784439, 25.40196991, 20.50147247, 30.58232117, 39.55387878, 20.50147247, 39.93603134, 10.85316372, 30.58232117, 20.50147247, 25.40196991, 30.58232117, 25.40196991, 10.85316372, 10.85316372, 25.40196991]"
239,"[25.40196991, 25.40196991, 25.40196991, 25.40196991, 36.45310974, 20.50147247, 25.40196991, 25.40196991, 39.74495697, 34.56784439, 25.40196991, 20.50147247, 25.40196991, 36.45310974, 20.50147247, 34.56784439, 10.85316372, 30.58232117, 20.50147247, 25.40196991, 30.58232117, 25.40196991, 10.85316372, 10.85316372, 30.58232117]"
240,"[25.40196991, 25.40196991, 20.50147247, 25.40196991, 34.56784439, 20.50147247, 25.40196991, 20.50147247, 36.45310974, 10.85316372, 25.40196991, 20.50147247, 25.40196991, 39.55387878, 20.50147247, 10.85316372, 10.85316372, 30.58232117, 20.50147247, 25.40196991, 30.58232117, 25.40196991, 10.85316372, 30.58232117, 30.58232117]"
241,"[25.40196991, 25.40196991, 20.50147247, 25.40196991, 36.45310974, 20.50147247, 25.40196991, 25.40196991, 36.45310974, 10.85316372, 25.40196991, 20.50147247, 25.40196991, 36.45310974, 16.35793304, 36.45310974, 10.85316372, 10.85316372, 20.50147247, 25.40196991, 30.58232117, 25.40196991, 10.85316372, 25.40196991, 20.50147247]"
242,"[25.40196991, 25.40196991, 20.50147247, 25.40196991, 39.74495697, 20.50147247, 25.40196991, 20.50147247, 36.45310974, 10.85316372, 25.40196991, 20.50147247, 25.40196991, 36.45310974, 16.35793304, 30.58232117, 30.58232117, 30.58232117, 20.50147247, 25.40196991, 30.58232117, 25.40196991, 10.85316372, 30.58232117, 25.40196991]"
243,"[25.40196991, 25.40196991, 20.50147247, 25.40196991, 36.45310974, 20.50147247, 25.40196991, 20.50147247, 34.56784439, 34.56784439, 25.40196991, 20.50147247, 30.58232117, 36.45310974, 16.35793304, 30.58232117, 30.58232117, 30.58232117, 20.50147247, 25.40196991, 30.58232117, 25.40196991, 30.58232117, 25.40196991, 25.40196991]"
244,"[25.40196991, 25.40196991, 20.50147247, 25.40196991, 36.45310974, 20.50147247, 20.50147247, 20.50147247, 36.45310974, 10.85316372, 25.40196991, 20.50147247, 30.58232117, 36.45310974, 16.35793304, 25.40196991, 30.58232117, 30.58232117, 20.50147247, 25.40196991, 30.58232117, 25.40196991, 30.58232117, 30.58232117, 25.40196991]"
245,"[25.40196991, 25.40196991, 25.40196991, 25.40196991, 39.74495697, 20.50147247, 20.50147247, 20.50147247, 39.55387878, 34.56784439, 25.40196991, 20.50147247, 30.58232117, 36.45310974, 16.35793304, 30.58232117, 30.58232117, 30.58232117, 20.50147247, 25.40196991, 30.58232117, 25.40196991, 10.85316372, 30.58232117, 20.50147247]"
246,"[25.40196991, 25.40196991, 25.40196991, 25.40196991, 39.55387878, 20.50147247, 20.50147247, 20.50147247, 34.56784439, 10.85316372, 30.58232117, 20.50147247, 30.58232117, 34.56784439, 16.35793304, 25.40196991, 10.85316372, 30.58232117, 20.50147247, 25.40196991, 30.58232117, 25.40196991, 10.85316372, 30.58232117, 25.40196991]"
247,"[25.40196991, 30.58232117, 25.40196991, 25.40196991, 39.55387878, 20.50147247, 20.50147247, 20.50147247, 34.56784439, 34.56784439, 30.58232117, 20.50147247, 30.58232117, 36.45310974, 16.35793304, 25.40196991, 10.85316372, 30.58232117, 20.50147247, 25.40196991, 30.58232117, 25.40196991, 30.58232117, 30.58232117, 20.50147247]"
248,"[25.40196991, 30.58232117, 25.40196991, 25.40196991, 36.45310974, 20.50147247, 20.50147247, 20.50147247, 39.55387878, 34.56784439, 30.58232117, 20.50147247, 30.58232117, 36.45310974, 16.35793304, 25.40196991, 10.85316372, 30.58232117, 20.50147247, 25.40196991, 30.58232117, 25.40196991, 34.56784439, 30.58232117, 20.50147247]"
249,"[25.40196991, 30.58232117, 25.40196991, 25.40196991, 36.45310974, 20.50147247, 20.50147247, 20.50147247, 34.56784439, 10.85316372, 30.58232117, 20.50147247, 30.58232117, 36.45310974, 20.50147247, 10.85316372, 10.85316372, 30.58232117, 20.50147247, 25.40196991, 30.58232117, 25.40196991, 10.85316372, 30.58232117, 25.40196991]"
250,"[30.58232117, 30.58232117, 30.58232117, 30.58232117, 30.58232117, 20.50147247, 25.40196991, 25.40196991, 39.55387878, 34.56784439, 10.85316372, 25.40196991, 10.85316372, 36.45310974, 20.50147247, 30.58232117, 34.56784439, 10.85316372, 20.50147247, 25.40196991, 30.58232117, 25.40196991, 30.58232117, 30.58232117, 25.40196991]"
251,"[30.58232117, 30.58232117, 30.58232117, 10.85316372, 25.40196991, 20.50147247, 25.40196991, 25.40196991, 39.93603134, 39.55387878, 10.85316372, 30.58232117, 10.85316372, 34.56784439, 25.40196991, 30.58232117, 34.56784439, 39.55387878, 20.50147247, 30.58232117, 10.85316372, 30.58232117, 34.56784439, 30.58232117, 30.58232117]"
252,"[30.58232117, 30.58232117, 30.58232117, 10.85316372, 25.40196991, 20.50147247, 25.40196991, 30.58232117, 39.55387878, 36.45310974, 30.58232117, 30.58232117, 10.85316372, 34.56784439, 25.40196991, 25.40196991, 34.56784439, 36.45310974, 20.50147247, 30.58232117, 10.85316372, 30.58232117, 34.56784439, 10.85316372, 30.58232117]"
253,"[10.85316372, 30.58232117, 30.58232117, 10.85316372, 25.40196991, 20.50147247, 25.40196991, 30.58232117, 39.55387878, 39.55387878, 30.58232117, 30.58232117, 10.85316372, 34.56784439, 20.50147247, 30.58232117, 10.85316372, 10.85316372, 20.50147247, 30.58232117, 10.85316372, 30.58232117, 10.85316372, 34.56784439, 10.85316372]"
254,"[30.58232117, 30.58232117, 30.58232117, 10.85316372, 20.50147247, 20.50147247, 25.40196991, 30.58232117, 39.74495697, 39.74495697, 30.58232117, 30.58232117, 10.85316372, 36.45310974, 20.50147247, 30.58232117, 10.85316372, 10.85316372, 20.50147247, 30.58232117, 10.85316372, 30.58232117, 34.56784439, 36.45310974, 10.85316372]"
255,"[30.58232117, 30.58232117, 25.40196991, 30.58232117, 20.50147247, 20.50147247, 20.50147247, 25.40196991, 39.74495697, 39.55387878, 25.40196991, 25.40196991, 30.58232117, 36.45310974, 20.50147247, 10.85316372, 30.58232117, 30.58232117, 20.50147247, 25.40196991, 30.58232117, 30.58232117, 34.56784439, 34.56784439, 34.56784439]"
256,"[30.58232117, 25.40196991, 25.40196991, 30.58232117, 20.50147247, 20.50147247, 20.50147247, 25.40196991, 36.45310974, 10.85316372, 25.40196991, 25.40196991, 25.40196991, 34.56784439, 20.50147247, 34.56784439, 30.58232117, 30.58232117, 20.50147247, 25.40196991, 30.58232117, 25.40196991, 34.56784439, 34.56784439, 30.58232117]"
257,"[25.40196991, 25.40196991, 25.40196991, 10.85316372, 20.50147247, 20.50147247, 20.50147247, 25.40196991, 36.45310974, 10.85316372, 25.40196991, 20.50147247, 25.40196991, 34.56784439, 20.50147247, 36.45310974, 30.58232117, 34.56784439, 20.50147247, 25.40196991, 30.58232117, 25.40196991, 10.85316372, 10.85316372, 10.85316372]"
258,"[25.40196991, 25.40196991, 25.40196991, 30.58232117, 20.50147247, 20.50147247, 20.50147247, 25.40196991, 36.45310974, 34.56784439, 20.50147247, 25.40196991, 25.40196991, 34.56784439, 20.50147247, 39.93603134, 10.85316372, 34.56784439, 20.50147247, 25.40196991, 10.85316372, 25.40196991, 34.56784439, 10.85316372, 25.40196991]"
259,"[20.50147247, 25.40196991, 20.50147247, 30.58232117, 25.40196991, 20.50147247, 20.50147247, 20.50147247, 36.45310974, 36.45310974, 20.50147247, 20.50147247, 25.40196991, 34.56784439, 16.35793304, 39.55387878, 30.58232117, 25.40196991, 20.50147247, 20.50147247, 30.58232117, 25.40196991, 30.58232117, 10.85316372, 30.58232117]"
260,"[20.50147247, 25.40196991, 20.50147247, 25.40196991, 10.85316372, 16.35793304, 20.50147247, 20.50147247, 34.56784439, 10.85316372, 20.50147247, 20.50147247, 25.40196991, 36.45310974, 20.50147247, 39.55387878, 30.58232117, 30.58232117, 20.50147247, 20.50147247, 30.58232117, 25.40196991, 10.85316372, 30.58232117, 25.40196991]"
261,"[20.50147247, 25.40196991, 20.50147247, 25.40196991, 34.56784439, 16.35793304, 20.50147247, 20.50147247, 36.45310974, 10.85316372, 20.50147247, 20.50147247, 25.40196991, 36.45310974, 20.50147247, 34.56784439, 10.85316372, 30.58232117, 20.50147247, 20.50147247, 30.58232117, 25.40196991, 10.85316372, 30.58232117, 25.40196991]"
262,"[20.50147247, 25.40196991, 16.35793304, 25.40196991, 34.56784439, 20.50147247, 20.50147247, 20.50147247, 34.56784439, 10.85316372, 25.40196991, 20.50147247, 25.40196991, 36.45310974, 16.35793304, 10.85316372, 10.85316372, 25.40196991, 20.50147247, 20.50147247, 30.58232117, 25.40196991, 30.58232117, 34.56784439, 30.58232117]"
263,"[20.50147247, 25.40196991, 20.50147247, 25.40196991, 34.56784439, 16.35793304, 20.50147247, 20.50147247, 36.45310974, 30.58232117, 25.40196991, 20.50147247, 25.40196991, 36.45310974, 16.35793304, 39.55387878, 10.85316372, 25.40196991, 20.50147247, 20.50147247, 30.58232117, 25.40196991, 30.58232117, 34.56784439, 25.40196991]"
264,"[20.50147247, 20.50147247, 20.50147247, 25.40196991, 34.56784439, 16.35793304, 20.50147247, 20.50147247, 34.56784439, 30.58232117, 25.40196991, 16.35793304, 25.40196991, 34.56784439, 16.35793304, 30.58232117, 30.58232117, 25.40196991, 20.50147247, 20.50147247, 30.58232117, 20.50147247, 30.58232117, 34.56784439, 25.40196991]"
265,"[20.50147247, 25.40196991, 20.50147247, 25.40196991, 30.58232117, 16.35793304, 20.50147247, 20.50147247, 36.45310974, 10.85316372, 20.50147247, 16.35793304, 25.40196991, 10.85316372, 16.35793304, 10.85316372, 30.58232117, 25.40196991, 20.50147247, 20.50147247, 25.40196991, 20.50147247, 30.58232117, 10.85316372, 25.40196991]"
266,"[20.50147247, 25.40196991, 20.50147247, 25.40196991, 34.56784439, 16.35793304, 20.50147247, 20.50147247, 10.85316372, 30.58232117, 20.50147247, 16.35793304, 25.40196991, 10.85316372, 16.35793304, 30.58232117, 30.58232117, 20.50147247, 20.50147247, 20.50147247, 25.40196991, 20.50147247, 25.40196991, 30.58232117, 20.50147247]"
267,"[20.50147247, 25.40196991, 16.35793304, 25.40196991, 10.85316372, 16.35793304, 20.50147247, 20.50147247, 34.56784439, 30.58232117, 20.50147247, 16.35793304, 25.40196991, 10.85316372, 16.35793304, 25.40196991, 25.40196991, 20.50147247, 20.50147247, 16.35793304, 25.40196991, 20.50147247, 25.40196991, 25.40196991, 20.50147247]"
268,"[20.50147247, 20.50147247, 16.35793304, 25.40196991, 10.85316372, 16.35793304, 16.35793304, 20.50147247, 10.85316372, 25.40196991, 20.50147247, 16.35793304, 20.50147247, 34.56784439, 20.50147247, 25.40196991, 30.58232117, 20.50147247, 20.50147247, 20.50147247, 25.40196991, 25.40196991, 30.58232117, 25.40196991, 25.40196991]"
269,"[20.50147247, 20.50147247, 20.50147247, 25.40196991, 34.56784439, 16.35793304, 16.35793304, 20.50147247, 34.56784439, 34.56784439, 20.50147247, 16.35793304, 25.40196991, 34.56784439, 20.50147247, 25.40196991, 30.58232117, 20.50147247, 20.50147247, 20.50147247, 25.40196991, 20.50147247, 30.58232117, 25.40196991, 20.50147247]"
270,"[20.50147247, 25.40196991, 16.35793304, 25.40196991, 10.85316372, 16.35793304, 16.35793304, 20.50147247, 34.56784439, 10.85316372, 20.50147247, 16.35793304, 25.40196991, 30.58232117, 16.35793304, 30.58232117, 10.85316372, 25.40196991, 20.50147247, 20.50147247, 25.40196991, 25.40196991, 25.40196991, 25.40196991, 20.50147247]"
271,"[25.40196991, 30.58232117, 25.40196991, 30.58232117, 34.56784439, 16.35793304, 20.50147247, 20.50147247, 36.45310974, 10.85316372, 25.40196991, 20.50147247, 25.40196991, 10.85316372, 16.35793304, 30.58232117, 10.85316372, 30.58232117, 20.50147247, 25.40196991, 25.40196991, 25.40196991, 30.58232117, 30.58232117, 20.50147247]"
272,"[30.58232117, 25.40196991, 25.40196991, 10.85316372, 25.40196991, 20.50147247, 25.40196991, 25.40196991, 39.74495697, 10.85316372, 30.58232117, 25.40196991, 30.58232117, 10.85316372, 20.50147247, 30.58232117, 10.85316372, 10.85316372, 25.40196991, 25.40196991, 30.58232117, 25.40196991, 30.58232117, 30.58232117, 20.50147247]"
273,"[30.58232117, 30.58232117, 30.58232117, 36.45310974, 30.58232117, 20.50147247, 25.40196991, 25.40196991, 36.45310974, 34.56784439, 30.58232117, 30.58232117, 10.85316372, 34.56784439, 20.50147247, 30.58232117, 34.56784439, 10.85316372, 20.50147247, 30.58232117, 10.85316372, 30.58232117, 10.85316372, 30.58232117, 20.50147247]"
274,"[10.85316372, 10.85316372, 10.85316372, 36.45310974, 30.58232117, 25.40196991, 30.58232117, 30.58232117, 34.56784439, 34.56784439, 30.58232117, 30.58232117, 10.85316372, 34.56784439, 20.50147247, 36.45310974, 36.45310974, 34.56784439, 20.50147247, 10.85316372, 34.56784439, 10.85316372, 36.45310974, 34.56784439, 30.58232117]"
275,"[10.85316372, 10.85316372, 10.85316372, 36.45310974, 25.40196991, 25.40196991, 30.58232117, 30.58232117, 34.56784439, 36.45310974, 10.85316372, 30.58232117, 10.85316372, 34.56784439, 20.50147247, 36.45310974, 36.45310974, 10.85316372, 16.35793304, 10.85316372, 34.56784439, 10.85316372, 34.56784439, 36.45310974, 10.85316372]"
276,"[10.85316372, 10.85316372, 30.58232117, 36.45310974, 25.40196991, 25.40196991, 30.58232117, 30.58232117, 36.45310974, 36.45310974, 30.58232117, 30.58232117, 10.85316372, 36.45310974, 25.40196991, 34.56784439, 36.45310974, 10.85316372, 20.50147247, 30.58232117, 34.56784439, 34.56784439, 10.85316372, 34.56784439, 10.85316372]"
277,"[10.85316372, 10.85316372, 10.85316372, 36.45310974, 25.40196991, 25.40196991, 30.58232117, 30.58232117, 36.45310974, 39.55387878, 30.58232117, 30.58232117, 10.85316372, 36.45310974, 20.50147247, 39.74495697, 36.45310974, 10.85316372, 20.50147247, 10.85316372, 34.56784439, 10.85316372, 34.56784439, 34.56784439, 30.58232117]"
278,"[10.85316372, 10.85316372, 30.58232117, 36.45310974, 25.40196991, 25.40196991, 30.58232117, 30.58232117, 39.55387878, 36.45310974, 30.58232117, 30.58232117, 10.85316372, 39.55387878, 25.40196991, 39.55387878, 36.45310974, 36.45310974, 20.50147247, 30.58232117, 34.56784439, 10.85316372, 10.85316372, 36.45310974, 10.85316372]"
279,"[30.58232117, 10.85316372, 30.58232117, 34.56784439, 25.40196991, 20.50147247, 30.58232117, 25.40196991, 39.55387878, 36.45310974, 30.58232117, 10.85316372, 10.85316372, 39.55387878, 20.50147247, 36.45310974, 34.56784439, 34.56784439, 20.50147247, 30.58232117, 10.85316372, 10.85316372, 34.56784439, 36.45310974, 10.85316372]"
280,"[25.40196991, 30.58232117, 25.40196991, 34.56784439, 25.40196991, 20.50147247, 25.40196991, 25.40196991, 39.55387878, 36.45310974, 30.58232117, 30.58232117, 10.85316372, 39.55387878, 16.35793304, 39.74495697, 10.85316372, 30.58232117, 20.50147247, 30.58232117, 10.85316372, 30.58232117, 34.56784439, 34.56784439, 10.85316372]"
281,"[20.50147247, 25.40196991, 25.40196991, 30.58232117, 34.56784439, 20.50147247, 25.40196991, 20.50147247, 39.55387878, 10.85316372, 25.40196991, 25.40196991, 10.85316372, 39.74495697, 16.35793304, 36.45310974, 10.85316372, 25.40196991, 20.50147247, 25.40196991, 34.56784439, 25.40196991, 10.85316372, 34.56784439, 30.58232117]"
282,"[20.50147247, 25.40196991, 25.40196991, 25.40196991, 10.85316372, 16.35793304, 25.40196991, 20.50147247, 34.56784439, 10.85316372, 25.40196991, 20.50147247, 30.58232117, 39.55387878, 16.35793304, 39.93603134, 10.85316372, 25.40196991, 20.50147247, 25.40196991, 10.85316372, 30.58232117, 10.85316372, 34.56784439, 25.40196991]"
283,"[20.50147247, 25.40196991, 25.40196991, 25.40196991, 34.56784439, 16.35793304, 20.50147247, 20.50147247, 34.56784439, 10.85316372, 25.40196991, 20.50147247, 30.58232117, 39.55387878, 12.86226368, 36.45310974, 10.85316372, 20.50147247, 20.50147247, 20.50147247, 10.85316372, 25.40196991, 10.85316372, 36.45310974, 25.40196991]"
284,"[20.50147247, 20.50147247, 20.50147247, 25.40196991, 10.85316372, 16.35793304, 20.50147247, 20.50147247, 30.58232117, 10.85316372, 25.40196991, 16.35793304, 25.40196991, 34.56784439, 16.35793304, 34.56784439, 30.58232117, 20.50147247, 20.50147247, 20.50147247, 10.85316372, 25.40196991, 30.58232117, 10.85316372, 30.58232117]"
285,"[20.50147247, 25.40196991, 16.35793304, 25.40196991, 30.58232117, 16.35793304, 20.50147247, 20.50147247, 36.45310974, 10.85316372, 25.40196991, 16.35793304, 25.40196991, 10.85316372, 16.35793304, 34.56784439, 30.58232117, 20.50147247, 20.50147247, 16.35793304, 25.40196991, 25.40196991, 10.85316372, 34.56784439, 25.40196991]"
286,"[20.50147247, 20.50147247, 16.35793304, 20.50147247, 30.58232117, 16.35793304, 20.50147247, 20.50147247, 34.56784439, 10.85316372, 25.40196991, 16.35793304, 25.40196991, 10.85316372, 16.35793304, 36.45310974, 30.58232117, 20.50147247, 20.50147247, 16.35793304, 25.40196991, 20.50147247, 30.58232117, 30.58232117, 30.58232117]"
287,"[20.50147247, 20.50147247, 16.35793304, 20.50147247, 30.58232117, 16.35793304, 20.50147247, 20.50147247, 36.45310974, 10.85316372, 20.50147247, 16.35793304, 20.50147247, 10.85316372, 12.86226368, 39.55387878, 30.58232117, 20.50147247, 20.50147247, 16.35793304, 25.40196991, 20.50147247, 30.58232117, 30.58232117, 25.40196991]"
288,"[20.50147247, 20.50147247, 16.35793304, 20.50147247, 30.58232117, 16.35793304, 20.50147247, 20.50147247, 34.56784439, 10.85316372, 20.50147247, 16.35793304, 20.50147247, 10.85316372, 12.86226368, 30.58232117, 30.58232117, 20.50147247, 20.50147247, 16.35793304, 25.40196991, 20.50147247, 30.58232117, 30.58232117, 25.40196991]"
289,"[20.50147247, 20.50147247, 16.35793304, 20.50147247, 10.85316372, 16.35793304, 20.50147247, 20.50147247, 34.56784439, 30.58232117, 20.50147247, 16.35793304, 20.50147247, 30.58232117, 12.86226368, 30.58232117, 30.58232117, 20.50147247, 20.50147247, 20.50147247, 25.40196991, 20.50147247, 10.85316372, 25.40196991, 25.40196991]"
290,"[20.50147247, 20.50147247, 16.35793304, 20.50147247, 25.40196991, 16.35793304, 16.35793304, 20.50147247, 10.85316372, 10.85316372, 20.50147247, 16.35793304, 20.50147247, 30.58232117, 16.35793304, 30.58232117, 30.58232117, 20.50147247, 20.50147247, 16.35793304, 20.50147247, 20.50147247, 10.85316372, 25.40196991, 20.50147247]"
291,"[16.35793304, 20.50147247, 20.50147247, 20.50147247, 30.58232117, 16.35793304, 16.35793304, 20.50147247, 30.58232117, 10.85316372, 20.50147247, 16.35793304, 20.50147247, 30.58232117, 16.35793304, 30.58232117, 30.58232117, 20.50147247, 20.50147247, 16.35793304, 25.40196991, 20.50147247, 10.85316372, 25.40196991, 25.40196991]"
292,"[20.50147247, 20.50147247, 16.35793304, 25.40196991, 10.85316372, 16.35793304, 20.50147247, 20.50147247, 34.56784439, 10.85316372, 20.50147247, 16.35793304, 20.50147247, 30.58232117, 16.35793304, 30.58232117, 30.58232117, 20.50147247, 25.40196991, 20.50147247, 25.40196991, 25.40196991, 30.58232117, 25.40196991, 25.40196991]"
293,"[20.50147247, 20.50147247, 20.50147247, 25.40196991, 30.58232117, 20.50147247, 20.50147247, 25.40196991, 10.85316372, 30.58232117, 20.50147247, 16.35793304, 25.40196991, 10.85316372, 20.50147247, 30.58232117, 34.56784439, 20.50147247, 25.40196991, 20.50147247, 25.40196991, 25.40196991, 10.85316372, 25.40196991, 25.40196991]"
294,"[20.50147247, 20.50147247, 20.50147247, 25.40196991, 30.58232117, 16.35793304, 20.50147247, 25.40196991, 34.56784439, 10.85316372, 25.40196991, 12.86226368, 25.40196991, 30.58232117, 20.50147247, 34.56784439, 34.56784439, 20.50147247, 25.40196991, 20.50147247, 25.40196991, 25.40196991, 10.85316372, 25.40196991, 25.40196991]"
295,"[20.50147247, 25.40196991, 25.40196991, 25.40196991, 30.58232117, 16.35793304, 20.50147247, 25.40196991, 34.56784439, 10.85316372, 25.40196991, 16.35793304, 25.40196991, 30.58232117, 16.35793304, 10.85316372, 10.85316372, 25.40196991, 25.40196991, 20.50147247, 30.58232117, 25.40196991, 30.58232117, 30.58232117, 25.40196991]"
296,"[25.40196991, 30.58232117, 25.40196991, 30.58232117, 30.58232117, 20.50147247, 25.40196991, 25.40196991, 36.45310974, 10.85316372, 30.58232117, 20.50147247, 30.58232117, 10.85316372, 16.35793304, 34.56784439, 34.56784439, 25.40196991, 20.50147247, 25.40196991, 10.85316372, 30.58232117, 30.58232117, 10.85316372, 25.40196991]"
297,"[30.58232117, 10.85316372, 30.58232117, 36.45310974, 34.56784439, 20.50147247, 25.40196991, 25.40196991, 36.45310974, 34.56784439, 30.58232117, 25.40196991, 30.58232117, 34.56784439, 16.35793304, 34.56784439, 34.56784439, 10.85316372, 25.40196991, 30.58232117, 34.56784439, 30.58232117, 10.85316372, 10.85316372, 25.40196991]"
298,"[30.58232117, 10.85316372, 10.85316372, 39.55387878, 10.85316372, 25.40196991, 30.58232117, 25.40196991, 39.93603134, 34.56784439, 30.58232117, 10.85316372, 34.56784439, 36.45310974, 20.50147247, 36.45310974, 39.55387878, 34.56784439, 20.50147247, 10.85316372, 36.45310974, 10.85316372, 30.58232117, 34.56784439, 40.70033646]"
299,"[10.85316372, 34.56784439, 10.85316372, 39.55387878, 10.85316372, 25.40196991, 34.56784439, 25.40196991, 36.45310974, 34.56784439, 10.85316372, 10.85316372, 36.45310974, 36.45310974, 20.50147247, 36.45310974, 39.55387878, 10.85316372, 20.50147247, 10.85316372, 36.45310974, 10.85316372, 34.56784439, 36.45310974, 52.92922211]"
300,"[34.56784439, 34.56784439, 34.56784439, 39.55387878, 10.85316372, 25.40196991, 34.56784439, 30.58232117, 39.55387878, 36.45310974, 10.85316372, 10.85316372, 36.45310974, 39.55387878, 20.50147247, 36.45310974, 39.55387878, 34.56784439, 20.50147247, 10.85316372, 36.45310974, 34.56784439, 36.45310974, 36.45310974, 30.58232117]"
301,"[30.58232117, 34.56784439, 30.58232117, 34.56784439, 10.85316372, 25.40196991, 10.85316372, 25.40196991, 36.45310974, 34.56784439, 30.58232117, 25.40196991, 10.85316372, 39.55387878, 20.50147247, 39.93603134, 36.45310974, 30.58232117, 20.50147247, 30.58232117, 34.56784439, 10.85316372, 34.56784439, 36.45310974, 10.85316372]"
302,"[25.40196991, 30.58232117, 10.85316372, 34.56784439, 30.58232117, 20.50147247, 10.85316372, 25.40196991, 39.55387878, 10.85316372, 30.58232117, 25.40196991, 10.85316372, 39.55387878, 20.50147247, 39.93603134, 36.45310974, 30.58232117, 20.50147247, 25.40196991, 34.56784439, 10.85316372, 36.45310974, 34.56784439, 34.56784439]"
303,"[25.40196991, 10.85316372, 30.58232117, 10.85316372, 10.85316372, 20.50147247, 10.85316372, 25.40196991, 36.45310974, 34.56784439, 25.40196991, 25.40196991, 10.85316372, 39.55387878, 20.50147247, 39.74495697, 34.56784439, 30.58232117, 20.50147247, 25.40196991, 39.55387878, 10.85316372, 34.56784439, 34.56784439, 10.85316372]"
304,"[25.40196991, 30.58232117, 30.58232117, 30.58232117, 39.55387878, 20.50147247, 30.58232117, 25.40196991, 36.45310974, 30.58232117, 25.40196991, 20.50147247, 10.85316372, 36.45310974, 20.50147247, 39.93603134, 34.56784439, 30.58232117, 20.50147247, 25.40196991, 34.56784439, 10.85316372, 10.85316372, 34.56784439, 10.85316372]"
305,"[25.40196991, 10.85316372, 30.58232117, 10.85316372, 39.55387878, 20.50147247, 30.58232117, 25.40196991, 34.56784439, 34.56784439, 30.58232117, 25.40196991, 10.85316372, 34.56784439, 20.50147247, 41.08248901, 36.45310974, 30.58232117, 16.35793304, 25.40196991, 34.56784439, 30.58232117, 34.56784439, 34.56784439, 10.85316372]"
306,"[25.40196991, 10.85316372, 25.40196991, 30.58232117, 39.74495697, 20.50147247, 30.58232117, 25.40196991, 36.45310974, 34.56784439, 30.58232117, 25.40196991, 10.85316372, 34.56784439, 20.50147247, 40.70033646, 36.45310974, 30.58232117, 20.50147247, 25.40196991, 34.56784439, 30.58232117, 34.56784439, 10.85316372, 30.58232117]"
307,"[25.40196991, 10.85316372, 30.58232117, 10.85316372, 30.58232117, 20.50147247, 30.58232117, 25.40196991, 34.56784439, 34.56784439, 25.40196991, 25.40196991, 10.85316372, 10.85316372, 16.35793304, 39.55387878, 36.45310974, 30.58232117, 20.50147247, 30.58232117, 34.56784439, 10.85316372, 34.56784439, 10.85316372, 25.40196991]"
308,"[25.40196991, 10.85316372, 30.58232117, 34.56784439, 30.58232117, 20.50147247, 30.58232117, 25.40196991, 39.55387878, 10.85316372, 25.40196991, 25.40196991, 10.85316372, 10.85316372, 16.35793304, 34.56784439, 34.56784439, 30.58232117, 20.50147247, 25.40196991, 10.85316372, 10.85316372, 34.56784439, 10.85316372, 30.58232117]"
309,"[25.40196991, 30.58232117, 30.58232117, 10.85316372, 25.40196991, 20.50147247, 25.40196991, 25.40196991, 36.45310974, 34.56784439, 25.40196991, 25.40196991, 10.85316372, 10.85316372, 16.35793304, 10.85316372, 34.56784439, 30.58232117, 20.50147247, 25.40196991, 10.85316372, 30.58232117, 10.85316372, 10.85316372, 30.58232117]"
310,"[25.40196991, 30.58232117, 25.40196991, 10.85316372, 20.50147247, 16.35793304, 25.40196991, 20.50147247, 10.85316372, 10.85316372, 25.40196991, 25.40196991, 30.58232117, 10.85316372, 16.35793304, 30.58232117, 10.85316372, 25.40196991, 20.50147247, 25.40196991, 30.58232117, 30.58232117, 10.85316372, 30.58232117, 30.58232117]"
311,"[20.50147247, 25.40196991, 25.40196991, 30.58232117, 20.50147247, 16.35793304, 25.40196991, 20.50147247, 10.85316372, 10.85316372, 25.40196991, 25.40196991, 30.58232117, 30.58232117, 16.35793304, 25.40196991, 30.58232117, 20.50147247, 20.50147247, 20.50147247, 25.40196991, 25.40196991, 30.58232117, 30.58232117, 25.40196991]"
312,"[20.50147247, 25.40196991, 25.40196991, 30.58232117, 25.40196991, 16.35793304, 20.50147247, 20.50147247, 34.56784439, 34.56784439, 25.40196991, 25.40196991, 10.85316372, 10.85316372, 16.35793304, 30.58232117, 30.58232117, 20.50147247, 25.40196991, 20.50147247, 25.40196991, 25.40196991, 10.85316372, 25.40196991, 30.58232117]"
313,"[20.50147247, 25.40196991, 25.40196991, 30.58232117, 25.40196991, 16.35793304, 20.50147247, 20.50147247, 36.45310974, 34.56784439, 25.40196991, 25.40196991, 10.85316372, 34.56784439, 16.35793304, 10.85316372, 10.85316372, 20.50147247, 20.50147247, 20.50147247, 30.58232117, 25.40196991, 30.58232117, 30.58232117, 25.40196991]"
314,"[20.50147247, 25.40196991, 25.40196991, 30.58232117, 20.50147247, 20.50147247, 25.40196991, 25.40196991, 34.56784439, 34.56784439, 25.40196991, 25.40196991, 30.58232117, 10.85316372, 16.35793304, 30.58232117, 10.85316372, 25.40196991, 20.50147247, 25.40196991, 30.58232117, 25.40196991, 30.58232117, 25.40196991, 25.40196991]"
315,"[25.40196991, 30.58232117, 30.58232117, 10.85316372, 25.40196991, 20.50147247, 25.40196991, 25.40196991, 39.55387878, 36.45310974, 30.58232117, 25.40196991, 30.58232117, 10.85316372, 16.35793304, 30.58232117, 34.56784439, 25.40196991, 20.50147247, 25.40196991, 30.58232117, 30.58232117, 30.58232117, 30.58232117, 30.58232117]"
316,"[25.40196991, 30.58232117, 30.58232117, 10.85316372, 25.40196991, 20.50147247, 25.40196991, 25.40196991, 39.93603134, 34.56784439, 30.58232117, 30.58232117, 10.85316372, 34.56784439, 20.50147247, 30.58232117, 25.40196991, 30.58232117, 20.50147247, 30.58232117, 30.58232117, 30.58232117, 10.85316372, 10.85316372, 25.40196991]"
317,"[25.40196991, 30.58232117, 25.40196991, 10.85316372, 25.40196991, 20.50147247, 25.40196991, 25.40196991, 36.45310974, 34.56784439, 25.40196991, 25.40196991, 10.85316372, 34.56784439, 16.35793304, 30.58232117, 20.50147247, 30.58232117, 16.35793304, 25.40196991, 16.35793304, 30.58232117, 34.56784439, 30.58232117, 30.58232117]"
318,"[25.40196991, 25.40196991, 25.40196991, 30.58232117, 20.50147247, 16.35793304, 20.50147247, 30.58232117, 34.56784439, 10.85316372, 25.40196991, 25.40196991, 30.58232117, 10.85316372, 16.35793304, 25.40196991, 20.50147247, 25.40196991, 25.40196991, 25.40196991, 16.35793304, 25.40196991, 10.85316372, 30.58232117, 25.40196991]"
319,"[20.50147247, 20.50147247, 20.50147247, 25.40196991, 16.35793304, 16.35793304, 16.35793304, 25.40196991, 36.45310974, 34.56784439, 20.50147247, 16.35793304, 20.50147247, 30.58232117, 16.35793304, 10.85316372, 20.50147247, 20.50147247, 20.50147247, 20.50147247, 20.50147247, 20.50147247, 10.85316372, 25.40196991, 25.40196991]"
320,"[16.35793304, 16.35793304, 16.35793304, 25.40196991, 12.86226368, 16.35793304, 16.35793304, 20.50147247, 36.45310974, 10.85316372, 16.35793304, 16.35793304, 20.50147247, 30.58232117, 16.35793304, 25.40196991, 20.50147247, 20.50147247, 20.50147247, 16.35793304, 20.50147247, 20.50147247, 25.40196991, 20.50147247, 20.50147247]"
321,"[16.35793304, 16.35793304, 16.35793304, 25.40196991, 12.86226368, 16.35793304, 16.35793304, 20.50147247, 10.85316372, 30.58232117, 16.35793304, 16.35793304, 20.50147247, 25.40196991, 12.86226368, 25.40196991, 20.50147247, 20.50147247, 20.50147247, 16.35793304, 20.50147247, 20.50147247, 25.40196991, 20.50147247, 20.50147247]"
322,"[16.35793304, 16.35793304, 16.35793304, 25.40196991, 12.86226368, 16.35793304, 16.35793304, 20.50147247, 10.85316372, 10.85316372, 16.35793304, 16.35793304, 20.50147247, 25.40196991, 12.86226368, 25.40196991, 20.50147247, 20.50147247, 20.50147247, 16.35793304, 20.50147247, 20.50147247, 25.40196991, 16.35793304, 20.50147247]"
323,"[20.50147247, 16.35793304, 20.50147247, 25.40196991, 16.35793304, 16.35793304, 16.35793304, 20.50147247, 34.56784439, 30.58232117, 16.35793304, 16.35793304, 20.50147247, 25.40196991, 16.35793304, 25.40196991, 20.50147247, 20.50147247, 20.50147247, 16.35793304, 20.50147247, 20.50147247, 25.40196991, 16.35793304, 20.50147247]"
324,"[16.35793304, 16.35793304, 20.50147247, 25.40196991, 16.35793304, 16.35793304, 16.35793304, 20.50147247, 10.85316372, 34.56784439, 20.50147247, 16.35793304, 20.50147247, 25.40196991, 16.35793304, 25.40196991, 20.50147247, 25.40196991, 20.50147247, 16.35793304, 20.50147247, 20.50147247, 25.40196991, 20.50147247, 25.40196991]"
325,"[20.50147247, 16.35793304, 16.35793304, 25.40196991, 16.35793304, 16.35793304, 16.35793304, 20.50147247, 30.58232117, 30.58232117, 20.50147247, 16.35793304, 25.40196991, 25.40196991, 16.35793304, 25.40196991, 20.50147247, 20.50147247, 20.50147247, 16.35793304, 20.50147247, 20.50147247, 25.40196991, 20.50147247, 16.35793304]"
326,"[20.50147247, 16.35793304, 16.35793304, 25.40196991, 16.35793304, 16.35793304, 16.35793304, 20.50147247, 34.56784439, 10.85316372, 20.50147247, 16.35793304, 25.40196991, 25.40196991, 16.35793304, 25.40196991, 20.50147247, 20.50147247, 20.50147247, 20.50147247, 20.50147247, 20.50147247, 30.58232117, 20.50147247, 20.50147247]"
327,"[20.50147247, 16.35793304, 16.35793304, 25.40196991, 16.35793304, 16.35793304, 16.35793304, 20.50147247, 10.85316372, 10.85316372, 20.50147247, 16.35793304, 25.40196991, 25.40196991, 16.35793304, 20.50147247, 20.50147247, 20.50147247, 20.50147247, 16.35793304, 20.50147247, 20.50147247, 30.58232117, 16.35793304, 16.35793304]"
328,"[20.50147247, 16.35793304, 20.50147247, 25.40196991, 16.35793304, 16.35793304, 16.35793304, 20.50147247, 10.85316372, 30.58232117, 20.50147247, 16.35793304, 20.50147247, 25.40196991, 12.86226368, 20.50147247, 20.50147247, 20.50147247, 20.50147247, 16.35793304, 20.50147247, 20.50147247, 30.58232117, 16.35793304, 25.40196991]"
329,"[16.35793304, 16.35793304, 16.35793304, 25.40196991, 16.35793304, 16.35793304, 16.35793304, 20.50147247, 34.56784439, 34.56784439, 16.35793304, 12.86226368, 20.50147247, 25.40196991, 12.86226368, 20.50147247, 20.50147247, 20.50147247, 20.50147247, 16.35793304, 16.35793304, 20.50147247, 30.58232117, 16.35793304, 20.50147247]"
330,"[16.35793304, 16.35793304, 20.50147247, 25.40196991, 16.35793304, 16.35793304, 16.35793304, 20.50147247, 10.85316372, 10.85316372, 20.50147247, 16.35793304, 20.50147247, 25.40196991, 12.86226368, 20.50147247, 20.50147247, 20.50147247, 20.50147247, 16.35793304, 20.50147247, 20.50147247, 25.40196991, 16.35793304, 20.50147247]"
331,"[16.35793304, 16.35793304, 16.35793304, 25.40196991, 16.35793304, 16.35793304, 16.35793304, 20.50147247, 10.85316372, 10.85316372, 20.50147247, 12.86226368, 20.50147247, 25.40196991, 16.35793304, 25.40196991, 20.50147247, 20.50147247, 20.50147247, 16.35793304, 20.50147247, 20.50147247, 30.58232117, 16.35793304, 20.50147247]"
332,"[16.35793304, 16.35793304, 16.35793304, 25.40196991, 16.35793304, 16.35793304, 16.35793304, 20.50147247, 36.45310974, 30.58232117, 20.50147247, 16.35793304, 20.50147247, 30.58232117, 12.86226368, 25.40196991, 20.50147247, 20.50147247, 25.40196991, 16.35793304, 20.50147247, 20.50147247, 20.50147247, 16.35793304, 20.50147247]"
333,"[20.50147247, 16.35793304, 20.50147247, 30.58232117, 16.35793304, 16.35793304, 16.35793304, 20.50147247, 10.85316372, 30.58232117, 20.50147247, 16.35793304, 25.40196991, 30.58232117, 16.35793304, 25.40196991, 20.50147247, 25.40196991, 20.50147247, 20.50147247, 20.50147247, 25.40196991, 30.58232117, 16.35793304, 20.50147247]"
334,"[20.50147247, 16.35793304, 20.50147247, 30.58232117, 16.35793304, 16.35793304, 20.50147247, 20.50147247, 10.85316372, 10.85316372, 20.50147247, 16.35793304, 25.40196991, 30.58232117, 16.35793304, 25.40196991, 20.50147247, 25.40196991, 25.40196991, 20.50147247, 20.50147247, 25.40196991, 25.40196991, 20.50147247, 25.40196991]"
335,"[20.50147247, 16.35793304, 20.50147247, 30.58232117, 16.35793304, 20.50147247, 20.50147247, 20.50147247, 36.45310974, 34.56784439, 20.50147247, 16.35793304, 25.40196991, 25.40196991, 16.35793304, 25.40196991, 25.40196991, 30.58232117, 20.50147247, 20.50147247, 20.50147247, 25.40196991, 25.40196991, 20.50147247, 25.40196991]"
336,"[20.50147247, 16.35793304, 20.50147247, 25.40196991, 16.35793304, 16.35793304, 16.35793304, 25.40196991, 36.45310974, 34.56784439, 20.50147247, 16.35793304, 25.40196991, 30.58232117, 12.86226368, 20.50147247, 20.50147247, 25.40196991, 20.50147247, 20.50147247, 20.50147247, 25.40196991, 30.58232117, 20.50147247, 20.50147247]"
337,"[20.50147247, 16.35793304, 16.35793304, 25.40196991, 16.35793304, 16.35793304, 16.35793304, 20.50147247, 34.56784439, 34.56784439, 20.50147247, 16.35793304, 20.50147247, 25.40196991, 16.35793304, 20.50147247, 20.50147247, 20.50147247, 25.40196991, 16.35793304, 16.35793304, 20.50147247, 25.40196991, 20.50147247, 20.50147247]"
338,"[20.50147247, 16.35793304, 20.50147247, 25.40196991, 12.86226368, 16.35793304, 16.35793304, 20.50147247, 34.56784439, 30.58232117, 16.35793304, 16.35793304, 20.50147247, 25.40196991, 16.35793304, 25.40196991, 20.50147247, 20.50147247, 20.50147247, 16.35793304, 16.35793304, 20.50147247, 30.58232117, 20.50147247, 20.50147247]"
339,"[20.50147247, 16.35793304, 16.35793304, 25.40196991, 16.35793304, 16.35793304, 16.35793304, 20.50147247, 36.45310974, 30.58232117, 20.50147247, 16.35793304, 20.50147247, 25.40196991, 16.35793304, 25.40196991, 20.50147247, 20.50147247, 20.50147247, 20.50147247, 16.35793304, 20.50147247, 25.40196991, 20.50147247, 20.50147247]"
340,"[20.50147247, 16.35793304, 16.35793304, 25.40196991, 16.35793304, 16.35793304, 16.35793304, 20.50147247, 34.56784439, 10.85316372, 20.50147247, 16.35793304, 20.50147247, 30.58232117, 16.35793304, 25.40196991, 20.50147247, 20.50147247, 20.50147247, 16.35793304, 16.35793304, 20.50147247, 30.58232117, 20.50147247, 25.40196991]"
341,"[20.50147247, 16.35793304, 20.50147247, 25.40196991, 16.35793304, 16.35793304, 16.35793304, 20.50147247, 34.56784439, 10.85316372, 20.50147247, 16.35793304, 20.50147247, 30.58232117, 12.86226368, 30.58232117, 20.50147247, 20.50147247, 25.40196991, 20.50147247, 16.35793304, 20.50147247, 25.40196991, 20.50147247, 25.40196991]"
342,"[20.50147247, 16.35793304, 20.50147247, 25.40196991, 16.35793304, 16.35793304, 16.35793304, 20.50147247, 34.56784439, 30.58232117, 20.50147247, 16.35793304, 20.50147247, 30.58232117, 16.35793304, 10.85316372, 20.50147247, 25.40196991, 25.40196991, 20.50147247, 20.50147247, 20.50147247, 30.58232117, 30.58232117, 20.50147247]"
343,"[20.50147247, 20.50147247, 20.50147247, 25.40196991, 16.35793304, 16.35793304, 16.35793304, 20.50147247, 36.45310974, 10.85316372, 20.50147247, 16.35793304, 20.50147247, 30.58232117, 20.50147247, 30.58232117, 25.40196991, 30.58232117, 25.40196991, 20.50147247, 20.50147247, 25.40196991, 30.58232117, 34.56784439, 25.40196991]"
344,"[20.50147247, 20.50147247, 25.40196991, 10.85316372, 20.50147247, 16.35793304, 20.50147247, 20.50147247, 39.55387878, 10.85316372, 20.50147247, 16.35793304, 20.50147247, 30.58232117, 16.35793304, 25.40196991, 20.50147247, 30.58232117, 20.50147247, 20.50147247, 20.50147247, 25.40196991, 30.58232117, 30.58232117, 25.40196991]"
345,"[20.50147247, 20.50147247, 25.40196991, 30.58232117, 20.50147247, 16.35793304, 20.50147247, 20.50147247, 36.45310974, 10.85316372, 20.50147247, 16.35793304, 25.40196991, 10.85316372, 16.35793304, 25.40196991, 20.50147247, 25.40196991, 20.50147247, 25.40196991, 16.35793304, 25.40196991, 25.40196991, 25.40196991, 20.50147247]"
346,"[20.50147247, 20.50147247, 20.50147247, 30.58232117, 20.50147247, 16.35793304, 20.50147247, 20.50147247, 36.45310974, 34.56784439, 20.50147247, 16.35793304, 20.50147247, 30.58232117, 16.35793304, 25.40196991, 20.50147247, 25.40196991, 20.50147247, 20.50147247, 16.35793304, 25.40196991, 30.58232117, 25.40196991, 25.40196991]"
347,"[20.50147247, 20.50147247, 20.50147247, 30.58232117, 20.50147247, 16.35793304, 20.50147247, 20.50147247, 34.56784439, 30.58232117, 20.50147247, 16.35793304, 25.40196991, 30.58232117, 16.35793304, 20.50147247, 20.50147247, 20.50147247, 25.40196991, 16.35793304, 16.35793304, 25.40196991, 25.40196991, 25.40196991, 20.50147247]"
348,"[20.50147247, 20.50147247, 20.50147247, 25.40196991, 25.40196991, 16.35793304, 25.40196991, 20.50147247, 34.56784439, 30.58232117, 20.50147247, 16.35793304, 25.40196991, 30.58232117, 16.35793304, 25.40196991, 20.50147247, 20.50147247, 20.50147247, 16.35793304, 16.35793304, 25.40196991, 25.40196991, 25.40196991, 25.40196991]"
349,"[20.50147247, 20.50147247, 20.50147247, 25.40196991, 25.40196991, 16.35793304, 25.40196991, 20.50147247, 10.85316372, 10.85316372, 20.50147247, 16.35793304, 25.40196991, 30.58232117, 16.35793304, 20.50147247, 20.50147247, 20.50147247, 20.50147247, 20.50147247, 16.35793304, 25.40196991, 30.58232117, 20.50147247, 20.50147247]"
350,"[20.50147247, 20.50147247, 20.50147247, 25.40196991, 30.58232117, 16.35793304, 20.50147247, 20.50147247, 34.56784439, 10.85316372, 20.50147247, 16.35793304, 25.40196991, 30.58232117, 16.35793304, 20.50147247, 25.40196991, 20.50147247, 20.50147247, 20.50147247, 16.35793304, 25.40196991, 30.58232117, 20.50147247, 25.40196991]"
351,"[20.50147247, 20.50147247, 20.50147247, 25.40196991, 39.55387878, 16.35793304, 20.50147247, 20.50147247, 39.55387878, 10.85316372, 20.50147247, 16.35793304, 25.40196991, 30.58232117, 12.86226368, 20.50147247, 25.40196991, 20.50147247, 20.50147247, 16.35793304, 20.50147247, 25.40196991, 30.58232117, 20.50147247, 25.40196991]"
352,"[20.50147247, 20.50147247, 20.50147247, 25.40196991, 36.45310974, 16.35793304, 20.50147247, 20.50147247, 10.85316372, 30.58232117, 20.50147247, 16.35793304, 25.40196991, 30.58232117, 16.35793304, 25.40196991, 30.58232117, 20.50147247, 25.40196991, 16.35793304, 20.50147247, 25.40196991, 20.50147247, 20.50147247, 25.40196991]"
353,"[20.50147247, 20.50147247, 20.50147247, 25.40196991, 39.55387878, 20.50147247, 20.50147247, 20.50147247, 34.56784439, 10.85316372, 25.40196991, 16.35793304, 20.50147247, 30.58232117, 16.35793304, 25.40196991, 30.58232117, 20.50147247, 20.50147247, 20.50147247, 20.50147247, 25.40196991, 30.58232117, 20.50147247, 25.40196991]"
354,"[20.50147247, 20.50147247, 25.40196991, 25.40196991, 36.45310974, 20.50147247, 25.40196991, 25.40196991, 34.56784439, 30.58232117, 25.40196991, 16.35793304, 20.50147247, 30.58232117, 16.35793304, 34.56784439, 30.58232117, 20.50147247, 20.50147247, 20.50147247, 20.50147247, 25.40196991, 25.40196991, 25.40196991, 25.40196991]"
355,"[25.40196991, 25.40196991, 25.40196991, 30.58232117, 30.58232117, 20.50147247, 25.40196991, 25.40196991, 39.55387878, 10.85316372, 30.58232117, 25.40196991, 25.40196991, 10.85316372, 20.50147247, 10.85316372, 25.40196991, 30.58232117, 20.50147247, 25.40196991, 20.50147247, 30.58232117, 10.85316372, 25.40196991, 25.40196991]"
356,"[25.40196991, 25.40196991, 25.40196991, 30.58232117, 25.40196991, 20.50147247, 25.40196991, 25.40196991, 34.56784439, 34.56784439, 30.58232117, 25.40196991, 30.58232117, 10.85316372, 20.50147247, 30.58232117, 25.40196991, 25.40196991, 20.50147247, 25.40196991, 20.50147247, 30.58232117, 30.58232117, 25.40196991, 25.40196991]"
357,"[25.40196991, 25.40196991, 25.40196991, 10.85316372, 20.50147247, 20.50147247, 20.50147247, 25.40196991, 10.85316372, 34.56784439, 25.40196991, 25.40196991, 30.58232117, 30.58232117, 16.35793304, 30.58232117, 25.40196991, 25.40196991, 20.50147247, 25.40196991, 20.50147247, 30.58232117, 30.58232117, 25.40196991, 30.58232117]"
358,"[25.40196991, 25.40196991, 25.40196991, 30.58232117, 20.50147247, 20.50147247, 20.50147247, 25.40196991, 36.45310974, 10.85316372, 20.50147247, 25.40196991, 25.40196991, 10.85316372, 16.35793304, 25.40196991, 25.40196991, 30.58232117, 20.50147247, 25.40196991, 20.50147247, 25.40196991, 30.58232117, 25.40196991, 25.40196991]"
359,"[25.40196991, 20.50147247, 25.40196991, 30.58232117, 16.35793304, 20.50147247, 20.50147247, 20.50147247, 34.56784439, 10.85316372, 20.50147247, 20.50147247, 25.40196991, 30.58232117, 16.35793304, 30.58232117, 25.40196991, 25.40196991, 20.50147247, 25.40196991, 20.50147247, 25.40196991, 10.85316372, 25.40196991, 25.40196991]"
360,"[20.50147247, 20.50147247, 20.50147247, 25.40196991, 16.35793304, 20.50147247, 20.50147247, 20.50147247, 10.85316372, 34.56784439, 20.50147247, 20.50147247, 20.50147247, 10.85316372, 16.35793304, 10.85316372, 25.40196991, 25.40196991, 20.50147247, 20.50147247, 20.50147247, 25.40196991, 30.58232117, 30.58232117, 25.40196991]"
361,"[25.40196991, 25.40196991, 20.50147247, 30.58232117, 20.50147247, 20.50147247, 20.50147247, 20.50147247, 34.56784439, 10.85316372, 20.50147247, 20.50147247, 20.50147247, 10.85316372, 16.35793304, 34.56784439, 25.40196991, 25.40196991, 20.50147247, 20.50147247, 20.50147247, 25.40196991, 30.58232117, 30.58232117, 25.40196991]"
362,"[25.40196991, 25.40196991, 20.50147247, 10.85316372, 20.50147247, 20.50147247, 20.50147247, 25.40196991, 36.45310974, 34.56784439, 25.40196991, 20.50147247, 25.40196991, 10.85316372, 16.35793304, 34.56784439, 25.40196991, 30.58232117, 25.40196991, 25.40196991, 20.50147247, 25.40196991, 25.40196991, 30.58232117, 25.40196991]"
363,"[25.40196991, 25.40196991, 20.50147247, 30.58232117, 20.50147247, 20.50147247, 25.40196991, 25.40196991, 34.56784439, 34.56784439, 25.40196991, 20.50147247, 25.40196991, 10.85316372, 16.35793304, 36.45310974, 30.58232117, 25.40196991, 25.40196991, 25.40196991, 25.40196991, 25.40196991, 10.85316372, 30.58232117, 30.58232117]"
364,"[20.50147247, 25.40196991, 25.40196991, 30.58232117, 36.45310974, 20.50147247, 20.50147247, 20.50147247, 34.56784439, 10.85316372, 25.40196991, 20.50147247, 25.40196991, 10.85316372, 16.35793304, 34.56784439, 30.58232117, 25.40196991, 20.50147247, 25.40196991, 10.85316372, 25.40196991, 10.85316372, 30.58232117, 25.40196991]"
365,"[20.50147247, 25.40196991, 20.50147247, 30.58232117, 36.45310974, 20.50147247, 16.35793304, 20.50147247, 34.56784439, 34.56784439, 20.50147247, 20.50147247, 20.50147247, 36.45310974, 16.35793304, 34.56784439, 25.40196991, 30.58232117, 20.50147247, 25.40196991, 25.40196991, 25.40196991, 30.58232117, 30.58232117, 25.40196991]"
366,"[20.50147247, 20.50147247, 16.35793304, 30.58232117, 34.56784439, 16.35793304, 16.35793304, 25.40196991, 10.85316372, 34.56784439, 20.50147247, 16.35793304, 20.50147247, 10.85316372, 16.35793304, 25.40196991, 30.58232117, 30.58232117, 20.50147247, 20.50147247, 20.50147247, 25.40196991, 30.58232117, 25.40196991, 25.40196991]"
367,"[20.50147247, 20.50147247, 16.35793304, 25.40196991, 10.85316372, 16.35793304, 16.35793304, 25.40196991, 36.45310974, 30.58232117, 16.35793304, 20.50147247, 20.50147247, 30.58232117, 16.35793304, 10.85316372, 30.58232117, 30.58232117, 20.50147247, 20.50147247, 20.50147247, 20.50147247, 30.58232117, 20.50147247, 20.50147247]"
368,"[20.50147247, 20.50147247, 16.35793304, 25.40196991, 34.56784439, 16.35793304, 16.35793304, 20.50147247, 10.85316372, 10.85316372, 16.35793304, 16.35793304, 20.50147247, 30.58232117, 16.35793304, 25.40196991, 30.58232117, 25.40196991, 20.50147247, 20.50147247, 20.50147247, 20.50147247, 25.40196991, 20.50147247, 20.50147247]"
369,"[16.35793304, 20.50147247, 16.35793304, 25.40196991, 34.56784439, 16.35793304, 16.35793304, 20.50147247, 34.56784439, 34.56784439, 20.50147247, 16.35793304, 20.50147247, 10.85316372, 16.35793304, 30.58232117, 30.58232117, 25.40196991, 20.50147247, 20.50147247, 20.50147247, 20.50147247, 30.58232117, 20.50147247, 25.40196991]"
370,"[20.50147247, 16.35793304, 12.86226368, 25.40196991, 34.56784439, 16.35793304, 16.35793304, 20.50147247, 34.56784439, 30.58232117, 20.50147247, 16.35793304, 20.50147247, 34.56784439, 16.35793304, 30.58232117, 30.58232117, 25.40196991, 25.40196991, 20.50147247, 25.40196991, 20.50147247, 30.58232117, 25.40196991, 25.40196991]"
371,"[20.50147247, 16.35793304, 12.86226368, 20.50147247, 36.45310974, 16.35793304, 16.35793304, 20.50147247, 34.56784439, 30.58232117, 20.50147247, 16.35793304, 20.50147247, 30.58232117, 16.35793304, 30.58232117, 30.58232117, 25.40196991, 25.40196991, 16.35793304, 25.40196991, 20.50147247, 20.50147247, 25.40196991, 25.40196991]"
372,"[20.50147247, 20.50147247, 12.86226368, 20.50147247, 39.55387878, 16.35793304, 16.35793304, 20.50147247, 10.85316372, 30.58232117, 25.40196991, 16.35793304, 20.50147247, 10.85316372, 20.50147247, 30.58232117, 30.58232117, 25.40196991, 20.50147247, 16.35793304, 25.40196991, 20.50147247, 30.58232117, 25.40196991, 25.40196991]"
373,"[20.50147247, 20.50147247, 16.35793304, 20.50147247, 36.45310974, 16.35793304, 20.50147247, 20.50147247, 36.45310974, 10.85316372, 25.40196991, 16.35793304, 20.50147247, 30.58232117, 16.35793304, 30.58232117, 30.58232117, 25.40196991, 25.40196991, 16.35793304, 25.40196991, 20.50147247, 25.40196991, 25.40196991, 20.50147247]"
374,"[20.50147247, 20.50147247, 16.35793304, 25.40196991, 34.56784439, 16.35793304, 20.50147247, 20.50147247, 10.85316372, 34.56784439, 25.40196991, 12.86226368, 20.50147247, 30.58232117, 16.35793304, 30.58232117, 10.85316372, 30.58232117, 25.40196991, 20.50147247, 25.40196991, 25.40196991, 10.85316372, 25.40196991, 25.40196991]"
375,"[20.50147247, 20.50147247, 16.35793304, 25.40196991, 36.45310974, 16.35793304, 20.50147247, 20.50147247, 34.56784439, 10.85316372, 25.40196991, 16.35793304, 25.40196991, 30.58232117, 20.50147247, 30.58232117, 10.85316372, 25.40196991, 25.40196991, 20.50147247, 25.40196991, 25.40196991, 34.56784439, 25.40196991, 25.40196991]"
376,"[25.40196991, 20.50147247, 20.50147247, 25.40196991, 34.56784439, 16.35793304, 25.40196991, 25.40196991, 36.45310974, 10.85316372, 25.40196991, 16.35793304, 25.40196991, 10.85316372, 20.50147247, 39.55387878, 34.56784439, 30.58232117, 25.40196991, 20.50147247, 30.58232117, 25.40196991, 10.85316372, 30.58232117, 25.40196991]"
377,"[30.58232117, 20.50147247, 25.40196991, 30.58232117, 34.56784439, 20.50147247, 25.40196991, 25.40196991, 36.45310974, 10.85316372, 25.40196991, 25.40196991, 30.58232117, 10.85316372, 25.40196991, 34.56784439, 34.56784439, 10.85316372, 25.40196991, 25.40196991, 30.58232117, 30.58232117, 10.85316372, 30.58232117, 30.58232117]"
378,"[30.58232117, 25.40196991, 25.40196991, 10.85316372, 25.40196991, 20.50147247, 25.40196991, 30.58232117, 39.55387878, 34.56784439, 30.58232117, 25.40196991, 30.58232117, 10.85316372, 20.50147247, 30.58232117, 34.56784439, 10.85316372, 25.40196991, 20.50147247, 25.40196991, 30.58232117, 10.85316372, 30.58232117, 10.85316372]"
379,"[30.58232117, 25.40196991, 25.40196991, 10.85316372, 20.50147247, 20.50147247, 25.40196991, 59.80796814, 39.74495697, 34.56784439, 30.58232117, 25.40196991, 25.40196991, 30.58232117, 20.50147247, 30.58232117, 36.45310974, 30.58232117, 25.40196991, 25.40196991, 25.40196991, 30.58232117, 10.85316372, 30.58232117, 30.58232117]"
380,"[30.58232117, 25.40196991, 20.50147247, 30.58232117, 20.50147247, 20.50147247, 20.50147247, 44.33079147, 34.56784439, 34.56784439, 25.40196991, 25.40196991, 30.58232117, 10.85316372, 20.50147247, 25.40196991, 30.58232117, 30.58232117, 25.40196991, 25.40196991, 25.40196991, 25.40196991, 30.58232117, 30.58232117, 30.58232117]"
381,"[30.58232117, 25.40196991, 25.40196991, 10.85316372, 20.50147247, 20.50147247, 25.40196991, 20.50147247, 36.45310974, 34.56784439, 25.40196991, 25.40196991, 25.40196991, 10.85316372, 20.50147247, 30.58232117, 30.58232117, 30.58232117, 20.50147247, 25.40196991, 20.50147247, 30.58232117, 30.58232117, 30.58232117, 30.58232117]"
382,"[30.58232117, 30.58232117, 25.40196991, 10.85316372, 25.40196991, 25.40196991, 25.40196991, 25.40196991, 34.56784439, 36.45310974, 30.58232117, 25.40196991, 30.58232117, 34.56784439, 25.40196991, 34.56784439, 10.85316372, 10.85316372, 25.40196991, 25.40196991, 20.50147247, 30.58232117, 10.85316372, 10.85316372, 10.85316372]"
383,"[10.85316372, 30.58232117, 30.58232117, 10.85316372, 25.40196991, 25.40196991, 30.58232117, 25.40196991, 39.55387878, 10.85316372, 30.58232117, 25.40196991, 30.58232117, 34.56784439, 25.40196991, 36.45310974, 10.85316372, 30.58232117, 25.40196991, 30.58232117, 20.50147247, 10.85316372, 34.56784439, 34.56784439, 10.85316372]"
384,"[10.85316372, 30.58232117, 30.58232117, 34.56784439, 25.40196991, 20.50147247, 30.58232117, 25.40196991, 39.55387878, 39.55387878, 30.58232117, 30.58232117, 30.58232117, 36.45310974, 20.50147247, 39.55387878, 10.85316372, 30.58232117, 25.40196991, 30.58232117, 25.40196991, 10.85316372, 10.85316372, 36.45310974, 10.85316372]"
385,"[30.58232117, 10.85316372, 25.40196991, 10.85316372, 25.40196991, 20.50147247, 30.58232117, 20.50147247, 34.56784439, 34.56784439, 25.40196991, 25.40196991, 30.58232117, 36.45310974, 20.50147247, 39.55387878, 10.85316372, 30.58232117, 20.50147247, 25.40196991, 25.40196991, 10.85316372, 10.85316372, 36.45310974, 30.58232117]"
386,"[25.40196991, 30.58232117, 25.40196991, 30.58232117, 34.56784439, 20.50147247, 30.58232117, 20.50147247, 39.55387878, 10.85316372, 25.40196991, 20.50147247, 30.58232117, 36.45310974, 16.35793304, 39.55387878, 30.58232117, 30.58232117, 20.50147247, 25.40196991, 25.40196991, 30.58232117, 10.85316372, 36.45310974, 30.58232117]"
387,"[25.40196991, 30.58232117, 20.50147247, 25.40196991, 36.45310974, 20.50147247, 30.58232117, 20.50147247, 36.45310974, 10.85316372, 25.40196991, 20.50147247, 25.40196991, 39.55387878, 20.50147247, 10.85316372, 10.85316372, 30.58232117, 20.50147247, 25.40196991, 30.58232117, 10.85316372, 10.85316372, 39.55387878, 10.85316372]"
388,"[25.40196991, 30.58232117, 20.50147247, 30.58232117, 34.56784439, 20.50147247, 30.58232117, 20.50147247, 36.45310974, 34.56784439, 25.40196991, 20.50147247, 25.40196991, 36.45310974, 20.50147247, 30.58232117, 34.56784439, 30.58232117, 25.40196991, 25.40196991, 30.58232117, 10.85316372, 34.56784439, 39.55387878, 30.58232117]"
389,"[25.40196991, 30.58232117, 20.50147247, 10.85316372, 10.85316372, 20.50147247, 30.58232117, 20.50147247, 36.45310974, 30.58232117, 30.58232117, 20.50147247, 25.40196991, 36.45310974, 20.50147247, 30.58232117, 39.55387878, 30.58232117, 20.50147247, 25.40196991, 30.58232117, 10.85316372, 34.56784439, 36.45310974, 10.85316372]"
390,"[25.40196991, 30.58232117, 20.50147247, 30.58232117, 10.85316372, 20.50147247, 30.58232117, 25.40196991, 34.56784439, 34.56784439, 25.40196991, 20.50147247, 30.58232117, 34.56784439, 25.40196991, 10.85316372, 34.56784439, 25.40196991, 25.40196991, 25.40196991, 30.58232117, 30.58232117, 10.85316372, 10.85316372, 30.58232117]"
391,"[25.40196991, 30.58232117, 25.40196991, 30.58232117, 30.58232117, 20.50147247, 30.58232117, 20.50147247, 39.55387878, 34.56784439, 30.58232117, 20.50147247, 25.40196991, 34.56784439, 25.40196991, 34.56784439, 36.45310974, 30.58232117, 25.40196991, 25.40196991, 30.58232117, 30.58232117, 34.56784439, 10.85316372, 30.58232117]"
392,"[25.40196991, 30.58232117, 25.40196991, 30.58232117, 25.40196991, 20.50147247, 30.58232117, 20.50147247, 36.45310974, 34.56784439, 30.58232117, 20.50147247, 30.58232117, 36.45310974, 25.40196991, 34.56784439, 34.56784439, 30.58232117, 25.40196991, 25.40196991, 30.58232117, 30.58232117, 10.85316372, 10.85316372, 30.58232117]"
393,"[30.58232117, 30.58232117, 25.40196991, 30.58232117, 10.85316372, 20.50147247, 30.58232117, 20.50147247, 36.45310974, 36.45310974, 30.58232117, 20.50147247, 30.58232117, 34.56784439, 25.40196991, 34.56784439, 34.56784439, 30.58232117, 25.40196991, 25.40196991, 30.58232117, 30.58232117, 34.56784439, 10.85316372, 30.58232117]"
394,"[25.40196991, 30.58232117, 25.40196991, 30.58232117, 34.56784439, 20.50147247, 30.58232117, 20.50147247, 36.45310974, 10.85316372, 30.58232117, 20.50147247, 25.40196991, 34.56784439, 20.50147247, 10.85316372, 34.56784439, 25.40196991, 25.40196991, 25.40196991, 30.58232117, 30.58232117, 10.85316372, 10.85316372, 25.40196991]"
395,"[25.40196991, 30.58232117, 20.50147247, 30.58232117, 25.40196991, 20.50147247, 25.40196991, 20.50147247, 36.45310974, 34.56784439, 30.58232117, 16.35793304, 30.58232117, 34.56784439, 20.50147247, 10.85316372, 34.56784439, 20.50147247, 25.40196991, 20.50147247, 30.58232117, 30.58232117, 10.85316372, 10.85316372, 30.58232117]"
396,"[25.40196991, 30.58232117, 25.40196991, 30.58232117, 30.58232117, 20.50147247, 25.40196991, 20.50147247, 34.56784439, 10.85316372, 25.40196991, 20.50147247, 30.58232117, 10.85316372, 20.50147247, 10.85316372, 34.56784439, 25.40196991, 25.40196991, 20.50147247, 30.58232117, 30.58232117, 34.56784439, 10.85316372, 30.58232117]"
397,"[25.40196991, 10.85316372, 20.50147247, 10.85316372, 39.55387878, 20.50147247, 25.40196991, 20.50147247, 34.56784439, 36.45310974, 25.40196991, 20.50147247, 30.58232117, 10.85316372, 20.50147247, 10.85316372, 34.56784439, 25.40196991, 25.40196991, 20.50147247, 30.58232117, 30.58232117, 10.85316372, 10.85316372, 10.85316372]"
398,"[25.40196991, 10.85316372, 20.50147247, 10.85316372, 34.56784439, 20.50147247, 25.40196991, 20.50147247, 36.45310974, 30.58232117, 25.40196991, 20.50147247, 30.58232117, 10.85316372, 20.50147247, 30.58232117, 34.56784439, 25.40196991, 25.40196991, 25.40196991, 30.58232117, 30.58232117, 10.85316372, 10.85316372, 30.58232117]"
399,"[30.58232117, 10.85316372, 25.40196991, 34.56784439, 10.85316372, 25.40196991, 30.58232117, 20.50147247, 34.56784439, 36.45310974, 30.58232117, 20.50147247, 30.58232117, 39.55387878, 20.50147247, 10.85316372, 34.56784439, 25.40196991, 25.40196991, 25.40196991, 30.58232117, 30.58232117, 10.85316372, 34.56784439, 30.58232117]"
400,"[30.58232117, 10.85316372, 25.40196991, 34.56784439, 30.58232117, 25.40196991, 30.58232117, 25.40196991, 39.55387878, 36.45310974, 30.58232117, 30.58232117, 30.58232117, 36.45310974, 25.40196991, 10.85316372, 34.56784439, 30.58232117, 25.40196991, 30.58232117, 30.58232117, 10.85316372, 10.85316372, 34.56784439, 30.58232117]"
401,"[10.85316372, 34.56784439, 10.85316372, 36.45310974, 30.58232117, 25.40196991, 10.85316372, 30.58232117, 39.74495697, 39.55387878, 10.85316372, 30.58232117, 10.85316372, 36.45310974, 25.40196991, 34.56784439, 36.45310974, 10.85316372, 25.40196991, 10.85316372, 30.58232117, 34.56784439, 36.45310974, 36.45310974, 34.56784439]"
402,"[36.45310974, 36.45310974, 34.56784439, 36.45310974, 30.58232117, 25.40196991, 34.56784439, 34.56784439, 39.93603134, 39.55387878, 34.56784439, 34.56784439, 36.45310974, 39.55387878, 25.40196991, 34.56784439, 36.45310974, 10.85316372, 25.40196991, 10.85316372, 30.58232117, 36.45310974, 39.74495697, 39.55387878, 36.45310974]"
403,"[34.56784439, 10.85316372, 30.58232117, 34.56784439, 25.40196991, 25.40196991, 30.58232117, 30.58232117, 39.55387878, 39.74495697, 10.85316372, 34.56784439, 34.56784439, 39.55387878, 20.50147247, 10.85316372, 34.56784439, 30.58232117, 20.50147247, 30.58232117, 25.40196991, 10.85316372, 10.85316372, 36.45310974, 36.45310974]"
404,"[30.58232117, 30.58232117, 25.40196991, 10.85316372, 25.40196991, 20.50147247, 25.40196991, 25.40196991, 36.45310974, 10.85316372, 25.40196991, 25.40196991, 30.58232117, 36.45310974, 16.35793304, 39.55387878, 10.85316372, 25.40196991, 25.40196991, 25.40196991, 25.40196991, 30.58232117, 34.56784439, 34.56784439, 10.85316372]"
405,"[25.40196991, 30.58232117, 20.50147247, 30.58232117, 34.56784439, 20.50147247, 25.40196991, 20.50147247, 34.56784439, 36.45310974, 25.40196991, 20.50147247, 30.58232117, 36.45310974, 20.50147247, 39.74495697, 10.85316372, 25.40196991, 20.50147247, 20.50147247, 25.40196991, 30.58232117, 10.85316372, 34.56784439, 10.85316372]"
406,"[25.40196991, 25.40196991, 20.50147247, 25.40196991, 10.85316372, 20.50147247, 25.40196991, 20.50147247, 34.56784439, 10.85316372, 25.40196991, 20.50147247, 25.40196991, 39.55387878, 20.50147247, 39.93603134, 10.85316372, 25.40196991, 25.40196991, 20.50147247, 25.40196991, 25.40196991, 10.85316372, 10.85316372, 34.56784439]"
407,"[25.40196991, 25.40196991, 20.50147247, 25.40196991, 34.56784439, 20.50147247, 25.40196991, 20.50147247, 39.74495697, 36.45310974, 25.40196991, 16.35793304, 25.40196991, 34.56784439, 16.35793304, 34.56784439, 10.85316372, 25.40196991, 20.50147247, 20.50147247, 25.40196991, 25.40196991, 34.56784439, 10.85316372, 10.85316372]"
408,"[25.40196991, 25.40196991, 20.50147247, 30.58232117, 36.45310974, 20.50147247, 30.58232117, 20.50147247, 34.56784439, 10.85316372, 25.40196991, 20.50147247, 30.58232117, 34.56784439, 16.35793304, 36.45310974, 10.85316372, 25.40196991, 20.50147247, 20.50147247, 25.40196991, 25.40196991, 25.40196991, 10.85316372, 30.58232117]"
409,"[25.40196991, 25.40196991, 20.50147247, 30.58232117, 25.40196991, 20.50147247, 34.56784439, 20.50147247, 39.55387878, 10.85316372, 25.40196991, 25.40196991, 30.58232117, 34.56784439, 16.35793304, 10.85316372, 30.58232117, 20.50147247, 20.50147247, 20.50147247, 25.40196991, 25.40196991, 30.58232117, 10.85316372, 30.58232117]"
410,"[20.50147247, 25.40196991, 25.40196991, 30.58232117, 20.50147247, 20.50147247, 25.40196991, 20.50147247, 34.56784439, 10.85316372, 20.50147247, 25.40196991, 30.58232117, 10.85316372, 20.50147247, 10.85316372, 30.58232117, 25.40196991, 20.50147247, 20.50147247, 25.40196991, 25.40196991, 30.58232117, 10.85316372, 30.58232117]"
411,"[20.50147247, 25.40196991, 20.50147247, 30.58232117, 20.50147247, 20.50147247, 20.50147247, 20.50147247, 34.56784439, 34.56784439, 20.50147247, 20.50147247, 25.40196991, 10.85316372, 20.50147247, 30.58232117, 30.58232117, 20.50147247, 20.50147247, 20.50147247, 20.50147247, 25.40196991, 34.56784439, 30.58232117, 25.40196991]"
412,"[20.50147247, 25.40196991, 16.35793304, 30.58232117, 20.50147247, 16.35793304, 20.50147247, 16.35793304, 34.56784439, 10.85316372, 20.50147247, 20.50147247, 25.40196991, 10.85316372, 16.35793304, 25.40196991, 30.58232117, 20.50147247, 20.50147247, 20.50147247, 20.50147247, 25.40196991, 10.85316372, 30.58232117, 25.40196991]"
413,"[20.50147247, 25.40196991, 20.50147247, 30.58232117, 20.50147247, 16.35793304, 20.50147247, 16.35793304, 10.85316372, 10.85316372, 20.50147247, 20.50147247, 25.40196991, 10.85316372, 16.35793304, 30.58232117, 30.58232117, 25.40196991, 20.50147247, 20.50147247, 20.50147247, 25.40196991, 25.40196991, 30.58232117, 25.40196991]"
414,"[25.40196991, 30.58232117, 20.50147247, 10.85316372, 20.50147247, 20.50147247, 25.40196991, 20.50147247, 34.56784439, 34.56784439, 25.40196991, 25.40196991, 10.85316372, 10.85316372, 20.50147247, 30.58232117, 10.85316372, 30.58232117, 20.50147247, 25.40196991, 25.40196991, 30.58232117, 10.85316372, 10.85316372, 25.40196991]"
415,"[25.40196991, 25.40196991, 20.50147247, 10.85316372, 20.50147247, 20.50147247, 25.40196991, 25.40196991, 34.56784439, 34.56784439, 25.40196991, 25.40196991, 30.58232117, 10.85316372, 16.35793304, 25.40196991, 10.85316372, 25.40196991, 20.50147247, 25.40196991, 25.40196991, 25.40196991, 10.85316372, 30.58232117, 30.58232117]"
416,"[20.50147247, 25.40196991, 20.50147247, 30.58232117, 20.50147247, 20.50147247, 20.50147247, 20.50147247, 34.56784439, 34.56784439, 25.40196991, 25.40196991, 30.58232117, 10.85316372, 16.35793304, 30.58232117, 10.85316372, 25.40196991, 20.50147247, 20.50147247, 25.40196991, 30.58232117, 10.85316372, 25.40196991, 25.40196991]"
417,"[25.40196991, 25.40196991, 20.50147247, 10.85316372, 20.50147247, 20.50147247, 25.40196991, 20.50147247, 34.56784439, 10.85316372, 25.40196991, 25.40196991, 30.58232117, 10.85316372, 16.35793304, 25.40196991, 10.85316372, 25.40196991, 25.40196991, 25.40196991, 25.40196991, 30.58232117, 30.58232117, 25.40196991, 25.40196991]"
418,"[25.40196991, 25.40196991, 25.40196991, 10.85316372, 20.50147247, 20.50147247, 25.40196991, 20.50147247, 10.85316372, 34.56784439, 25.40196991, 25.40196991, 30.58232117, 10.85316372, 16.35793304, 25.40196991, 10.85316372, 25.40196991, 20.50147247, 25.40196991, 25.40196991, 30.58232117, 10.85316372, 25.40196991, 30.58232117]"
419,"[25.40196991, 25.40196991, 20.50147247, 30.58232117, 20.50147247, 20.50147247, 20.50147247, 25.40196991, 34.56784439, 34.56784439, 25.40196991, 20.50147247, 30.58232117, 10.85316372, 16.35793304, 25.40196991, 10.85316372, 25.40196991, 20.50147247, 20.50147247, 25.40196991, 25.40196991, 25.40196991, 25.40196991, 25.40196991]"
420,"[25.40196991, 25.40196991, 16.35793304, 30.58232117, 20.50147247, 20.50147247, 20.50147247, 20.50147247, 39.55387878, 10.85316372, 25.40196991, 20.50147247, 25.40196991, 30.58232117, 16.35793304, 25.40196991, 10.85316372, 20.50147247, 20.50147247, 20.50147247, 25.40196991, 25.40196991, 10.85316372, 25.40196991, 30.58232117]"
421,"[25.40196991, 25.40196991, 20.50147247, 30.58232117, 20.50147247, 20.50147247, 20.50147247, 20.50147247, 34.56784439, 34.56784439, 20.50147247, 20.50147247, 25.40196991, 30.58232117, 16.35793304, 25.40196991, 30.58232117, 20.50147247, 20.50147247, 20.50147247, 25.40196991, 25.40196991, 10.85316372, 25.40196991, 25.40196991]"
422,"[20.50147247, 20.50147247, 20.50147247, 30.58232117, 16.35793304, 16.35793304, 20.50147247, 20.50147247, 36.45310974, 10.85316372, 20.50147247, 20.50147247, 25.40196991, 10.85316372, 16.35793304, 25.40196991, 30.58232117, 20.50147247, 20.50147247, 20.50147247, 25.40196991, 25.40196991, 30.58232117, 25.40196991, 25.40196991]"
423,"[20.50147247, 20.50147247, 20.50147247, 30.58232117, 16.35793304, 16.35793304, 20.50147247, 20.50147247, 34.56784439, 10.85316372, 20.50147247, 20.50147247, 25.40196991, 30.58232117, 16.35793304, 25.40196991, 30.58232117, 20.50147247, 25.40196991, 20.50147247, 20.50147247, 25.40196991, 30.58232117, 25.40196991, 25.40196991]"
424,"[20.50147247, 20.50147247, 16.35793304, 25.40196991, 16.35793304, 16.35793304, 16.35793304, 20.50147247, 34.56784439, 10.85316372, 20.50147247, 20.50147247, 20.50147247, 30.58232117, 20.50147247, 30.58232117, 30.58232117, 20.50147247, 25.40196991, 16.35793304, 20.50147247, 20.50147247, 30.58232117, 25.40196991, 25.40196991]"
425,"[20.50147247, 16.35793304, 16.35793304, 25.40196991, 12.86226368, 16.35793304, 16.35793304, 16.35793304, 36.45310974, 10.85316372, 20.50147247, 16.35793304, 20.50147247, 30.58232117, 16.35793304, 10.85316372, 30.58232117, 20.50147247, 25.40196991, 16.35793304, 20.50147247, 20.50147247, 25.40196991, 25.40196991, 25.40196991]"
426,"[20.50147247, 16.35793304, 16.35793304, 25.40196991, 16.35793304, 16.35793304, 16.35793304, 16.35793304, 34.56784439, 10.85316372, 16.35793304, 16.35793304, 20.50147247, 30.58232117, 16.35793304, 25.40196991, 30.58232117, 20.50147247, 25.40196991, 16.35793304, 20.50147247, 20.50147247, 25.40196991, 25.40196991, 20.50147247]"
427,"[20.50147247, 20.50147247, 20.50147247, 25.40196991, 16.35793304, 16.35793304, 16.35793304, 16.35793304, 34.56784439, 10.85316372, 20.50147247, 16.35793304, 20.50147247, 30.58232117, 16.35793304, 25.40196991, 30.58232117, 20.50147247, 25.40196991, 16.35793304, 25.40196991, 20.50147247, 10.85316372, 20.50147247, 16.35793304]"
428,"[20.50147247, 20.50147247, 16.35793304, 30.58232117, 16.35793304, 16.35793304, 20.50147247, 16.35793304, 34.56784439, 10.85316372, 20.50147247, 20.50147247, 20.50147247, 30.58232117, 20.50147247, 25.40196991, 30.58232117, 20.50147247, 25.40196991, 16.35793304, 25.40196991, 25.40196991, 10.85316372, 25.40196991, 20.50147247]"
429,"[20.50147247, 20.50147247, 20.50147247, 30.58232117, 16.35793304, 16.35793304, 20.50147247, 16.35793304, 34.56784439, 34.56784439, 20.50147247, 20.50147247, 25.40196991, 30.58232117, 16.35793304, 25.40196991, 30.58232117, 20.50147247, 20.50147247, 20.50147247, 25.40196991, 25.40196991, 30.58232117, 20.50147247, 25.40196991]"
430,"[20.50147247, 20.50147247, 20.50147247, 25.40196991, 16.35793304, 16.35793304, 20.50147247, 16.35793304, 34.56784439, 10.85316372, 20.50147247, 16.35793304, 25.40196991, 30.58232117, 16.35793304, 25.40196991, 30.58232117, 20.50147247, 20.50147247, 20.50147247, 25.40196991, 25.40196991, 25.40196991, 20.50147247, 20.50147247]"
431,"[20.50147247, 16.35793304, 16.35793304, 25.40196991, 25.40196991, 16.35793304, 16.35793304, 16.35793304, 30.58232117, 30.58232117, 20.50147247, 16.35793304, 20.50147247, 30.58232117, 12.86226368, 25.40196991, 30.58232117, 20.50147247, 20.50147247, 16.35793304, 25.40196991, 20.50147247, 30.58232117, 16.35793304, 25.40196991]"
432,"[20.50147247, 16.35793304, 16.35793304, 25.40196991, 10.85316372, 16.35793304, 16.35793304, 16.35793304, 34.56784439, 34.56784439, 20.50147247, 16.35793304, 20.50147247, 30.58232117, 16.35793304, 20.50147247, 30.58232117, 20.50147247, 25.40196991, 20.50147247, 20.50147247, 20.50147247, 25.40196991, 16.35793304, 20.50147247]"
433,"[20.50147247, 16.35793304, 16.35793304, 20.50147247, 10.85316372, 16.35793304, 16.35793304, 16.35793304, 10.85316372, 30.58232117, 20.50147247, 16.35793304, 20.50147247, 30.58232117, 16.35793304, 20.50147247, 30.58232117, 20.50147247, 25.40196991, 16.35793304, 20.50147247, 20.50147247, 30.58232117, 20.50147247, 20.50147247]"
434,"[16.35793304, 16.35793304, 16.35793304, 20.50147247, 30.58232117, 16.35793304, 16.35793304, 16.35793304, 34.56784439, 25.40196991, 20.50147247, 16.35793304, 20.50147247, 10.85316372, 16.35793304, 20.50147247, 34.56784439, 20.50147247, 25.40196991, 16.35793304, 25.40196991, 20.50147247, 25.40196991, 20.50147247, 20.50147247]"
435,"[20.50147247, 16.35793304, 16.35793304, 25.40196991, 10.85316372, 20.50147247, 20.50147247, 16.35793304, 30.58232117, 10.85316372, 25.40196991, 16.35793304, 20.50147247, 10.85316372, 16.35793304, 20.50147247, 10.85316372, 20.50147247, 25.40196991, 16.35793304, 25.40196991, 20.50147247, 10.85316372, 16.35793304, 20.50147247]"
436,"[20.50147247, 16.35793304, 16.35793304, 25.40196991, 25.40196991, 20.50147247, 20.50147247, 16.35793304, 34.56784439, 10.85316372, 25.40196991, 12.86226368, 20.50147247, 10.85316372, 20.50147247, 20.50147247, 10.85316372, 20.50147247, 25.40196991, 20.50147247, 25.40196991, 25.40196991, 10.85316372, 20.50147247, 25.40196991]"
437,"[25.40196991, 20.50147247, 20.50147247, 25.40196991, 30.58232117, 20.50147247, 20.50147247, 16.35793304, 34.56784439, 30.58232117, 25.40196991, 12.86226368, 20.50147247, 30.58232117, 20.50147247, 25.40196991, 10.85316372, 25.40196991, 25.40196991, 20.50147247, 25.40196991, 25.40196991, 30.58232117, 20.50147247, 20.50147247]"
438,"[25.40196991, 20.50147247, 20.50147247, 30.58232117, 20.50147247, 20.50147247, 20.50147247, 20.50147247, 36.45310974, 34.56784439, 25.40196991, 16.35793304, 20.50147247, 30.58232117, 16.35793304, 25.40196991, 10.85316372, 25.40196991, 25.40196991, 20.50147247, 25.40196991, 25.40196991, 25.40196991, 20.50147247, 25.40196991]"
439,"[25.40196991, 25.40196991, 20.50147247, 30.58232117, 20.50147247, 20.50147247, 20.50147247, 20.50147247, 39.55387878, 10.85316372, 25.40196991, 20.50147247, 25.40196991, 10.85316372, 20.50147247, 25.40196991, 10.85316372, 25.40196991, 25.40196991, 20.50147247, 25.40196991, 25.40196991, 10.85316372, 25.40196991, 25.40196991]"
440,"[25.40196991, 25.40196991, 25.40196991, 30.58232117, 20.50147247, 20.50147247, 25.40196991, 20.50147247, 36.45310974, 34.56784439, 25.40196991, 20.50147247, 25.40196991, 10.85316372, 20.50147247, 30.58232117, 34.56784439, 30.58232117, 20.50147247, 25.40196991, 25.40196991, 25.40196991, 10.85316372, 25.40196991, 25.40196991]"
441,"[25.40196991, 25.40196991, 20.50147247, 10.85316372, 25.40196991, 20.50147247, 25.40196991, 25.40196991, 36.45310974, 34.56784439, 30.58232117, 25.40196991, 30.58232117, 10.85316372, 16.35793304, 30.58232117, 36.45310974, 30.58232117, 20.50147247, 25.40196991, 30.58232117, 30.58232117, 10.85316372, 25.40196991, 25.40196991]"
442,"[25.40196991, 25.40196991, 25.40196991, 30.58232117, 20.50147247, 20.50147247, 25.40196991, 20.50147247, 39.55387878, 10.85316372, 25.40196991, 20.50147247, 30.58232117, 10.85316372, 16.35793304, 30.58232117, 34.56784439, 30.58232117, 20.50147247, 20.50147247, 25.40196991, 25.40196991, 10.85316372, 25.40196991, 25.40196991]"
443,"[20.50147247, 20.50147247, 20.50147247, 30.58232117, 20.50147247, 20.50147247, 25.40196991, 20.50147247, 34.56784439, 10.85316372, 25.40196991, 20.50147247, 25.40196991, 30.58232117, 16.35793304, 25.40196991, 10.85316372, 25.40196991, 20.50147247, 20.50147247, 25.40196991, 25.40196991, 10.85316372, 30.58232117, 25.40196991]"
444,"[20.50147247, 20.50147247, 20.50147247, 30.58232117, 20.50147247, 20.50147247, 50.44522858, 20.50147247, 34.56784439, 34.56784439, 25.40196991, 20.50147247, 25.40196991, 30.58232117, 16.35793304, 25.40196991, 10.85316372, 25.40196991, 20.50147247, 20.50147247, 25.40196991, 25.40196991, 30.58232117, 25.40196991, 20.50147247]"
445,"[20.50147247, 20.50147247, 20.50147247, 30.58232117, 20.50147247, 16.35793304, 20.50147247, 20.50147247, 34.56784439, 34.56784439, 20.50147247, 25.40196991, 25.40196991, 30.58232117, 16.35793304, 25.40196991, 10.85316372, 25.40196991, 20.50147247, 20.50147247, 25.40196991, 25.40196991, 10.85316372, 30.58232117, 25.40196991]"
446,"[20.50147247, 20.50147247, 16.35793304, 30.58232117, 20.50147247, 16.35793304, 16.35793304, 16.35793304, 34.56784439, 34.56784439, 20.50147247, 20.50147247, 25.40196991, 10.85316372, 16.35793304, 25.40196991, 30.58232117, 25.40196991, 20.50147247, 20.50147247, 25.40196991, 25.40196991, 30.58232117, 25.40196991, 25.40196991]"
447,"[20.50147247, 20.50147247, 20.50147247, 25.40196991, 16.35793304, 20.50147247, 16.35793304, 16.35793304, 36.45310974, 30.58232117, 20.50147247, 20.50147247, 25.40196991, 30.58232117, 12.86226368, 30.58232117, 30.58232117, 25.40196991, 20.50147247, 20.50147247, 25.40196991, 25.40196991, 30.58232117, 20.50147247, 20.50147247]"
448,"[20.50147247, 20.50147247, 20.50147247, 25.40196991, 16.35793304, 16.35793304, 20.50147247, 16.35793304, 34.56784439, 10.85316372, 20.50147247, 20.50147247, 25.40196991, 10.85316372, 12.86226368, 34.56784439, 10.85316372, 20.50147247, 20.50147247, 20.50147247, 30.58232117, 25.40196991, 30.58232117, 20.50147247, 25.40196991]"
449,"[20.50147247, 20.50147247, 16.35793304, 25.40196991, 30.58232117, 16.35793304, 16.35793304, 16.35793304, 36.45310974, 10.85316372, 20.50147247, 20.50147247, 25.40196991, 10.85316372, 12.86226368, 39.55387878, 30.58232117, 20.50147247, 20.50147247, 20.50147247, 25.40196991, 25.40196991, 10.85316372, 25.40196991, 20.50147247]"
450,"[20.50147247, 20.50147247, 16.35793304, 25.40196991, 10.85316372, 16.35793304, 16.35793304, 16.35793304, 34.56784439, 30.58232117, 20.50147247, 20.50147247, 25.40196991, 34.56784439, 16.35793304, 36.45310974, 30.58232117, 20.50147247, 25.40196991, 20.50147247, 25.40196991, 20.50147247, 30.58232117, 20.50147247, 25.40196991]"
451,"[20.50147247, 20.50147247, 16.35793304, 20.50147247, 30.58232117, 16.35793304, 16.35793304, 20.50147247, 36.45310974, 10.85316372, 20.50147247, 16.35793304, 20.50147247, 10.85316372, 16.35793304, 10.85316372, 30.58232117, 20.50147247, 25.40196991, 20.50147247, 25.40196991, 25.40196991, 30.58232117, 25.40196991, 20.50147247]"
452,"[20.50147247, 20.50147247, 16.35793304, 25.40196991, 25.40196991, 16.35793304, 16.35793304, 16.35793304, 36.45310974, 34.56784439, 20.50147247, 16.35793304, 20.50147247, 10.85316372, 16.35793304, 25.40196991, 30.58232117, 20.50147247, 25.40196991, 16.35793304, 25.40196991, 20.50147247, 30.58232117, 20.50147247, 25.40196991]"
453,"[20.50147247, 20.50147247, 16.35793304, 20.50147247, 20.50147247, 20.50147247, 20.50147247, 16.35793304, 10.85316372, 34.56784439, 20.50147247, 16.35793304, 20.50147247, 10.85316372, 16.35793304, 25.40196991, 30.58232117, 20.50147247, 20.50147247, 20.50147247, 25.40196991, 20.50147247, 25.40196991, 20.50147247, 20.50147247]"
454,"[20.50147247, 20.50147247, 16.35793304, 20.50147247, 16.35793304, 16.35793304, 16.35793304, 16.35793304, 36.45310974, 10.85316372, 20.50147247, 16.35793304, 20.50147247, 30.58232117, 16.35793304, 25.40196991, 30.58232117, 20.50147247, 20.50147247, 16.35793304, 25.40196991, 25.40196991, 10.85316372, 20.50147247, 25.40196991]"
455,"[20.50147247, 20.50147247, 16.35793304, 20.50147247, 30.58232117, 16.35793304, 16.35793304, 16.35793304, 34.56784439, 10.85316372, 20.50147247, 16.35793304, 20.50147247, 30.58232117, 16.35793304, 25.40196991, 34.56784439, 20.50147247, 20.50147247, 20.50147247, 25.40196991, 20.50147247, 25.40196991, 20.50147247, 20.50147247]"
456,"[20.50147247, 20.50147247, 16.35793304, 25.40196991, 30.58232117, 16.35793304, 16.35793304, 16.35793304, 10.85316372, 30.58232117, 25.40196991, 16.35793304, 20.50147247, 30.58232117, 16.35793304, 25.40196991, 34.56784439, 20.50147247, 25.40196991, 20.50147247, 25.40196991, 20.50147247, 25.40196991, 20.50147247, 20.50147247]"
457,"[20.50147247, 20.50147247, 16.35793304, 25.40196991, 25.40196991, 16.35793304, 20.50147247, 20.50147247, 30.58232117, 10.85316372, 25.40196991, 12.86226368, 25.40196991, 30.58232117, 20.50147247, 10.85316372, 36.45310974, 25.40196991, 25.40196991, 20.50147247, 25.40196991, 20.50147247, 25.40196991, 20.50147247, 25.40196991]"
458,"[20.50147247, 25.40196991, 20.50147247, 25.40196991, 25.40196991, 20.50147247, 25.40196991, 20.50147247, 10.85316372, 10.85316372, 25.40196991, 16.35793304, 25.40196991, 10.85316372, 20.50147247, 10.85316372, 34.56784439, 25.40196991, 25.40196991, 20.50147247, 25.40196991, 25.40196991, 25.40196991, 25.40196991, 20.50147247]"
459,"[20.50147247, 30.58232117, 25.40196991, 30.58232117, 25.40196991, 20.50147247, 30.58232117, 20.50147247, 36.45310974, 10.85316372, 20.50147247, 16.35793304, 25.40196991, 10.85316372, 16.35793304, 30.58232117, 34.56784439, 25.40196991, 25.40196991, 25.40196991, 25.40196991, 25.40196991, 30.58232117, 25.40196991, 25.40196991]"
460,"[25.40196991, 30.58232117, 25.40196991, 30.58232117, 34.56784439, 20.50147247, 25.40196991, 20.50147247, 36.45310974, 36.45310974, 25.40196991, 25.40196991, 25.40196991, 10.85316372, 20.50147247, 30.58232117, 34.56784439, 30.58232117, 25.40196991, 25.40196991, 25.40196991, 30.58232117, 30.58232117, 30.58232117, 25.40196991]"
461,"[30.58232117, 30.58232117, 25.40196991, 10.85316372, 30.58232117, 20.50147247, 25.40196991, 25.40196991, 36.45310974, 36.45310974, 25.40196991, 30.58232117, 25.40196991, 10.85316372, 20.50147247, 30.58232117, 34.56784439, 30.58232117, 20.50147247, 25.40196991, 25.40196991, 30.58232117, 36.45310974, 30.58232117, 25.40196991]"
462,"[30.58232117, 30.58232117, 25.40196991, 10.85316372, 25.40196991, 20.50147247, 25.40196991, 25.40196991, 39.55387878, 34.56784439, 30.58232117, 30.58232117, 30.58232117, 10.85316372, 20.50147247, 25.40196991, 10.85316372, 25.40196991, 20.50147247, 25.40196991, 25.40196991, 30.58232117, 34.56784439, 10.85316372, 30.58232117]"
463,"[30.58232117, 30.58232117, 25.40196991, 10.85316372, 20.50147247, 20.50147247, 25.40196991, 25.40196991, 36.45310974, 34.56784439, 30.58232117, 30.58232117, 30.58232117, 34.56784439, 20.50147247, 25.40196991, 34.56784439, 25.40196991, 20.50147247, 25.40196991, 30.58232117, 30.58232117, 34.56784439, 10.85316372, 30.58232117]"
464,"[30.58232117, 30.58232117, 25.40196991, 30.58232117, 20.50147247, 20.50147247, 25.40196991, 25.40196991, 39.55387878, 34.56784439, 25.40196991, 25.40196991, 30.58232117, 10.85316372, 16.35793304, 25.40196991, 34.56784439, 25.40196991, 20.50147247, 25.40196991, 30.58232117, 30.58232117, 36.45310974, 10.85316372, 10.85316372]"
465,"[25.40196991, 25.40196991, 25.40196991, 30.58232117, 20.50147247, 20.50147247, 20.50147247, 25.40196991, 36.45310974, 10.85316372, 25.40196991, 10.85316372, 25.40196991, 10.85316372, 20.50147247, 30.58232117, 10.85316372, 25.40196991, 20.50147247, 25.40196991, 25.40196991, 30.58232117, 34.56784439, 10.85316372, 30.58232117]"
466,"[30.58232117, 25.40196991, 25.40196991, 10.85316372, 20.50147247, 20.50147247, 20.50147247, 25.40196991, 39.93603134, 10.85316372, 25.40196991, 10.85316372, 25.40196991, 10.85316372, 16.35793304, 30.58232117, 10.85316372, 25.40196991, 20.50147247, 20.50147247, 25.40196991, 25.40196991, 30.58232117, 10.85316372, 30.58232117]"
467,"[25.40196991, 25.40196991, 25.40196991, 10.85316372, 20.50147247, 20.50147247, 20.50147247, 20.50147247, 36.45310974, 36.45310974, 25.40196991, 20.50147247, 30.58232117, 34.56784439, 16.35793304, 10.85316372, 10.85316372, 25.40196991, 20.50147247, 20.50147247, 25.40196991, 25.40196991, 10.85316372, 30.58232117, 25.40196991]"
468,"[25.40196991, 25.40196991, 20.50147247, 10.85316372, 25.40196991, 20.50147247, 20.50147247, 20.50147247, 36.45310974, 34.56784439, 25.40196991, 20.50147247, 30.58232117, 34.56784439, 16.35793304, 25.40196991, 10.85316372, 25.40196991, 20.50147247, 20.50147247, 25.40196991, 25.40196991, 30.58232117, 10.85316372, 30.58232117]"
469,"[25.40196991, 30.58232117, 25.40196991, 30.58232117, 30.58232117, 20.50147247, 25.40196991, 20.50147247, 34.56784439, 30.58232117, 25.40196991, 20.50147247, 30.58232117, 34.56784439, 16.35793304, 30.58232117, 34.56784439, 25.40196991, 20.50147247, 25.40196991, 30.58232117, 30.58232117, 10.85316372, 34.56784439, 25.40196991]"
470,"[25.40196991, 25.40196991, 30.58232117, 30.58232117, 10.85316372, 20.50147247, 25.40196991, 20.50147247, 10.85316372, 10.85316372, 25.40196991, 25.40196991, 30.58232117, 34.56784439, 16.35793304, 30.58232117, 36.45310974, 30.58232117, 20.50147247, 25.40196991, 30.58232117, 30.58232117, 10.85316372, 34.56784439, 25.40196991]"
471,"[30.58232117, 30.58232117, 25.40196991, 25.40196991, 30.58232117, 20.50147247, 25.40196991, 20.50147247, 36.45310974, 34.56784439, 25.40196991, 25.40196991, 30.58232117, 34.56784439, 16.35793304, 30.58232117, 36.45310974, 30.58232117, 20.50147247, 25.40196991, 10.85316372, 30.58232117, 36.45310974, 36.45310974, 10.85316372]"
472,"[30.58232117, 30.58232117, 30.58232117, 25.40196991, 20.50147247, 20.50147247, 25.40196991, 20.50147247, 36.45310974, 34.56784439, 25.40196991, 20.50147247, 30.58232117, 34.56784439, 20.50147247, 30.58232117, 34.56784439, 30.58232117, 20.50147247, 25.40196991, 30.58232117, 30.58232117, 10.85316372, 36.45310974, 30.58232117]"
473,"[25.40196991, 30.58232117, 25.40196991, 25.40196991, 30.58232117, 20.50147247, 25.40196991, 20.50147247, 34.56784439, 10.85316372, 25.40196991, 16.35793304, 30.58232117, 34.56784439, 16.35793304, 30.58232117, 34.56784439, 30.58232117, 25.40196991, 25.40196991, 30.58232117, 30.58232117, 30.58232117, 34.56784439, 25.40196991]"
474,"[25.40196991, 25.40196991, 25.40196991, 25.40196991, 25.40196991, 20.50147247, 25.40196991, 20.50147247, 39.55387878, 34.56784439, 25.40196991, 16.35793304, 30.58232117, 36.45310974, 16.35793304, 30.58232117, 10.85316372, 25.40196991, 25.40196991, 25.40196991, 30.58232117, 30.58232117, 10.85316372, 30.58232117, 30.58232117]"
475,"[25.40196991, 25.40196991, 20.50147247, 25.40196991, 25.40196991, 20.50147247, 25.40196991, 20.50147247, 36.45310974, 34.56784439, 25.40196991, 16.35793304, 25.40196991, 34.56784439, 16.35793304, 30.58232117, 10.85316372, 25.40196991, 25.40196991, 20.50147247, 30.58232117, 30.58232117, 10.85316372, 30.58232117, 25.40196991]"
476,"[25.40196991, 25.40196991, 16.35793304, 25.40196991, 25.40196991, 20.50147247, 25.40196991, 20.50147247, 39.55387878, 34.56784439, 25.40196991, 16.35793304, 25.40196991, 34.56784439, 16.35793304, 30.58232117, 10.85316372, 20.50147247, 20.50147247, 20.50147247, 30.58232117, 25.40196991, 34.56784439, 30.58232117, 25.40196991]"
477,"[25.40196991, 25.40196991, 16.35793304, 25.40196991, 20.50147247, 20.50147247, 25.40196991, 20.50147247, 34.56784439, 10.85316372, 25.40196991, 16.35793304, 25.40196991, 10.85316372, 12.86226368, 25.40196991, 10.85316372, 20.50147247, 20.50147247, 16.35793304, 30.58232117, 25.40196991, 10.85316372, 30.58232117, 25.40196991]"
478,"[20.50147247, 25.40196991, 16.35793304, 25.40196991, 25.40196991, 20.50147247, 25.40196991, 20.50147247, 39.55387878, 34.56784439, 25.40196991, 16.35793304, 25.40196991, 10.85316372, 16.35793304, 30.58232117, 10.85316372, 20.50147247, 20.50147247, 16.35793304, 25.40196991, 25.40196991, 30.58232117, 30.58232117, 20.50147247]"
479,"[20.50147247, 20.50147247, 16.35793304, 25.40196991, 25.40196991, 20.50147247, 20.50147247, 20.50147247, 39.55387878, 10.85316372, 25.40196991, 16.35793304, 25.40196991, 10.85316372, 12.86226368, 25.40196991, 34.56784439, 20.50147247, 20.50147247, 16.35793304, 25.40196991, 25.40196991, 10.85316372, 30.58232117, 20.50147247]"
480,"[25.40196991, 25.40196991, 16.35793304, 25.40196991, 25.40196991, 20.50147247, 20.50147247, 20.50147247, 34.56784439, 34.56784439, 25.40196991, 16.35793304, 25.40196991, 30.58232117, 16.35793304, 25.40196991, 36.45310974, 20.50147247, 20.50147247, 20.50147247, 25.40196991, 25.40196991, 10.85316372, 30.58232117, 20.50147247]"
481,"[25.40196991, 25.40196991, 16.35793304, 25.40196991, 20.50147247, 20.50147247, 20.50147247, 25.40196991, 36.45310974, 10.85316372, 25.40196991, 16.35793304, 25.40196991, 30.58232117, 16.35793304, 30.58232117, 36.45310974, 25.40196991, 20.50147247, 16.35793304, 25.40196991, 30.58232117, 10.85316372, 30.58232117, 30.58232117]"
482,"[30.58232117, 30.58232117, 20.50147247, 25.40196991, 20.50147247, 20.50147247, 25.40196991, 25.40196991, 34.56784439, 34.56784439, 25.40196991, 16.35793304, 25.40196991, 30.58232117, 16.35793304, 10.85316372, 36.45310974, 25.40196991, 25.40196991, 20.50147247, 30.58232117, 30.58232117, 10.85316372, 30.58232117, 25.40196991]"
483,"[30.58232117, 30.58232117, 30.58232117, 30.58232117, 34.56784439, 20.50147247, 25.40196991, 25.40196991, 39.55387878, 34.56784439, 25.40196991, 25.40196991, 30.58232117, 34.56784439, 20.50147247, 36.45310974, 36.45310974, 30.58232117, 25.40196991, 25.40196991, 25.40196991, 30.58232117, 10.85316372, 10.85316372, 10.85316372]"
484,"[30.58232117, 30.58232117, 30.58232117, 10.85316372, 30.58232117, 20.50147247, 25.40196991, 25.40196991, 36.45310974, 34.56784439, 25.40196991, 30.58232117, 10.85316372, 34.56784439, 20.50147247, 36.45310974, 36.45310974, 10.85316372, 25.40196991, 30.58232117, 10.85316372, 10.85316372, 34.56784439, 34.56784439, 30.58232117]"
485,"[10.85316372, 10.85316372, 10.85316372, 34.56784439, 30.58232117, 25.40196991, 30.58232117, 30.58232117, 39.55387878, 36.45310974, 10.85316372, 30.58232117, 10.85316372, 34.56784439, 25.40196991, 34.56784439, 39.55387878, 34.56784439, 20.50147247, 10.85316372, 10.85316372, 10.85316372, 36.45310974, 34.56784439, 30.58232117]"
486,"[10.85316372, 30.58232117, 30.58232117, 30.58232117, 25.40196991, 20.50147247, 25.40196991, 30.58232117, 36.45310974, 36.45310974, 30.58232117, 25.40196991, 10.85316372, 34.56784439, 16.35793304, 30.58232117, 36.45310974, 30.58232117, 20.50147247, 30.58232117, 30.58232117, 30.58232117, 34.56784439, 25.40196991, 10.85316372]"
487,"[30.58232117, 25.40196991, 20.50147247, 30.58232117, 20.50147247, 20.50147247, 20.50147247, 25.40196991, 39.55387878, 34.56784439, 25.40196991, 25.40196991, 30.58232117, 34.56784439, 16.35793304, 25.40196991, 10.85316372, 25.40196991, 20.50147247, 25.40196991, 25.40196991, 25.40196991, 30.58232117, 12.86226368, 10.85316372]"
488,"[25.40196991, 25.40196991, 20.50147247, 30.58232117, 16.35793304, 20.50147247, 20.50147247, 25.40196991, 36.45310974, 34.56784439, 20.50147247, 25.40196991, 25.40196991, 10.85316372, 16.35793304, 30.58232117, 30.58232117, 25.40196991, 20.50147247, 25.40196991, 25.40196991, 25.40196991, 10.85316372, 20.50147247, 25.40196991]"
489,"[25.40196991, 25.40196991, 20.50147247, 25.40196991, 16.35793304, 16.35793304, 20.50147247, 25.40196991, 36.45310974, 30.58232117, 20.50147247, 20.50147247, 25.40196991, 10.85316372, 16.35793304, 10.85316372, 30.58232117, 20.50147247, 20.50147247, 20.50147247, 25.40196991, 25.40196991, 10.85316372, 16.35793304, 25.40196991]"
490,"[25.40196991, 20.50147247, 20.50147247, 25.40196991, 16.35793304, 16.35793304, 16.35793304, 20.50147247, 36.45310974, 10.85316372, 20.50147247, 20.50147247, 25.40196991, 34.56784439, 16.35793304, 10.85316372, 30.58232117, 20.50147247, 20.50147247, 20.50147247, 20.50147247, 20.50147247, 10.85316372, 16.35793304, 25.40196991]"
491,"[20.50147247, 20.50147247, 16.35793304, 25.40196991, 16.35793304, 16.35793304, 16.35793304, 20.50147247, 34.56784439, 10.85316372, 20.50147247, 20.50147247, 20.50147247, 10.85316372, 12.86226368, 30.58232117, 30.58232117, 20.50147247, 20.50147247, 16.35793304, 20.50147247, 20.50147247, 30.58232117, 16.35793304, 25.40196991]"
492,"[20.50147247, 20.50147247, 16.35793304, 25.40196991, 16.35793304, 16.35793304, 16.35793304, 20.50147247, 10.85316372, 10.85316372, 20.50147247, 20.50147247, 20.50147247, 10.85316372, 12.86226368, 30.58232117, 30.58232117, 25.40196991, 20.50147247, 16.35793304, 20.50147247, 20.50147247, 30.58232117, 16.35793304, 25.40196991]"
493,"[25.40196991, 20.50147247, 16.35793304, 30.58232117, 16.35793304, 16.35793304, 20.50147247, 20.50147247, 39.55387878, 30.58232117, 20.50147247, 20.50147247, 25.40196991, 30.58232117, 16.35793304, 30.58232117, 30.58232117, 20.50147247, 20.50147247, 16.35793304, 20.50147247, 20.50147247, 10.85316372, 16.35793304, 20.50147247]"
494,"[25.40196991, 25.40196991, 25.40196991, 30.58232117, 20.50147247, 16.35793304, 20.50147247, 20.50147247, 34.56784439, 10.85316372, 20.50147247, 20.50147247, 25.40196991, 10.85316372, 16.35793304, 30.58232117, 30.58232117, 25.40196991, 25.40196991, 20.50147247, 25.40196991, 25.40196991, 34.56784439, 20.50147247, 25.40196991]"
495,"[25.40196991, 25.40196991, 20.50147247, 30.58232117, 20.50147247, 16.35793304, 20.50147247, 20.50147247, 34.56784439, 10.85316372, 20.50147247, 20.50147247, 25.40196991, 10.85316372, 16.35793304, 10.85316372, 30.58232117, 20.50147247, 25.40196991, 20.50147247, 25.40196991, 25.40196991, 10.85316372, 20.50147247, 30.58232117]"
496,"[20.50147247, 25.40196991, 20.50147247, 30.58232117, 20.50147247, 16.35793304, 20.50147247, 20.50147247, 36.45310974, 34.56784439, 20.50147247, 20.50147247, 25.40196991, 30.58232117, 16.35793304, 30.58232117, 30.58232117, 20.50147247, 25.40196991, 16.35793304, 25.40196991, 25.40196991, 10.85316372, 16.35793304, 30.58232117]"
497,"[20.50147247, 25.40196991, 16.35793304, 30.58232117, 30.58232117, 16.35793304, 20.50147247, 20.50147247, 34.56784439, 10.85316372, 20.50147247, 20.50147247, 25.40196991, 30.58232117, 16.35793304, 30.58232117, 30.58232117, 25.40196991, 25.40196991, 20.50147247, 25.40196991, 25.40196991, 34.56784439, 20.50147247, 25.40196991]"
498,"[20.50147247, 20.50147247, 20.50147247, 30.58232117, 10.85316372, 16.35793304, 20.50147247, 20.50147247, 30.58232117, 10.85316372, 20.50147247, 16.35793304, 25.40196991, 30.58232117, 16.35793304, 25.40196991, 30.58232117, 25.40196991, 25.40196991, 20.50147247, 25.40196991, 25.40196991, 10.85316372, 16.35793304, 20.50147247]"
499,"[20.50147247, 20.50147247, 20.50147247, 25.40196991, 34.56784439, 16.35793304, 16.35793304, 16.35793304, 30.58232117, 10.85316372, 20.50147247, 16.35793304, 25.40196991, 10.85316372, 16.35793304, 25.40196991, 10.85316372, 20.50147247, 20.50147247, 20.50147247, 25.40196991, 20.50147247, 30.58232117, 16.35793304, 25.40196991]"
500,"[20.50147247, 20.50147247, 20.50147247, 25.40196991, 36.45310974, 16.35793304, 20.50147247, 16.35793304, 10.85316372, 10.85316372, 20.50147247, 16.35793304, 25.40196991, 34.56784439, 16.35793304, 25.40196991, 10.85316372, 20.50147247, 25.40196991, 20.50147247, 25.40196991, 20.50147247, 30.58232117, 20.50147247, 25.40196991]"
501,"[20.50147247, 20.50147247, 20.50147247, 25.40196991, 39.93603134, 16.35793304, 16.35793304, 16.35793304, 34.56784439, 10.85316372, 20.50147247, 16.35793304, 20.50147247, 10.85316372, 16.35793304, 30.58232117, 10.85316372, 20.50147247, 20.50147247, 20.50147247, 25.40196991, 25.40196991, 30.58232117, 25.40196991, 20.50147247]"
502,"[20.50147247, 20.50147247, 20.50147247, 25.40196991, 34.56784439, 16.35793304, 20.50147247, 16.35793304, 36.45310974, 30.58232117, 25.40196991, 16.35793304, 20.50147247, 30.58232117, 16.35793304, 25.40196991, 10.85316372, 20.50147247, 25.40196991, 20.50147247, 25.40196991, 25.40196991, 30.58232117, 20.50147247, 25.40196991]"
503,"[20.50147247, 20.50147247, 16.35793304, 25.40196991, 34.56784439, 16.35793304, 16.35793304, 20.50147247, 34.56784439, 10.85316372, 25.40196991, 16.35793304, 25.40196991, 10.85316372, 16.35793304, 30.58232117, 10.85316372, 20.50147247, 25.40196991, 20.50147247, 25.40196991, 25.40196991, 30.58232117, 25.40196991, 25.40196991]"
504,"[20.50147247, 20.50147247, 16.35793304, 25.40196991, 34.56784439, 16.35793304, 20.50147247, 20.50147247, 36.45310974, 10.85316372, 25.40196991, 16.35793304, 25.40196991, 10.85316372, 16.35793304, 10.85316372, 10.85316372, 25.40196991, 25.40196991, 20.50147247, 25.40196991, 25.40196991, 25.40196991, 25.40196991, 20.50147247]"
505,"[25.40196991, 20.50147247, 20.50147247, 25.40196991, 10.85316372, 16.35793304, 20.50147247, 20.50147247, 36.45310974, 10.85316372, 25.40196991, 16.35793304, 25.40196991, 10.85316372, 12.86226368, 25.40196991, 10.85316372, 30.58232117, 25.40196991, 20.50147247, 25.40196991, 25.40196991, 10.85316372, 25.40196991, 25.40196991]"
506,"[30.58232117, 20.50147247, 20.50147247, 30.58232117, 25.40196991, 20.50147247, 25.40196991, 25.40196991, 36.45310974, 34.56784439, 25.40196991, 25.40196991, 25.40196991, 10.85316372, 16.35793304, 10.85316372, 10.85316372, 10.85316372, 25.40196991, 20.50147247, 25.40196991, 25.40196991, 34.56784439, 30.58232117, 25.40196991]"
507,"[25.40196991, 20.50147247, 20.50147247, 30.58232117, 20.50147247, 20.50147247, 20.50147247, 25.40196991, 39.74495697, 10.85316372, 25.40196991, 25.40196991, 25.40196991, 30.58232117, 16.35793304, 25.40196991, 34.56784439, 30.58232117, 25.40196991, 20.50147247, 30.58232117, 25.40196991, 30.58232117, 25.40196991, 30.58232117]"
508,"[25.40196991, 20.50147247, 20.50147247, 30.58232117, 16.35793304, 20.50147247, 20.50147247, 20.50147247, 36.45310974, 36.45310974, 25.40196991, 25.40196991, 25.40196991, 30.58232117, 16.35793304, 25.40196991, 10.85316372, 25.40196991, 25.40196991, 25.40196991, 25.40196991, 25.40196991, 10.85316372, 20.50147247, 25.40196991]"
509,"[25.40196991, 25.40196991, 20.50147247, 30.58232117, 16.35793304, 20.50147247, 20.50147247, 20.50147247, 34.56784439, 10.85316372, 20.50147247, 20.50147247, 25.40196991, 10.85316372, 16.35793304, 25.40196991, 30.58232117, 20.50147247, 25.40196991, 20.50147247, 20.50147247, 25.40196991, 10.85316372, 20.50147247, 25.40196991]"
510,"[25.40196991, 20.50147247, 20.50147247, 30.58232117, 16.35793304, 16.35793304, 20.50147247, 20.50147247, 36.45310974, 10.85316372, 20.50147247, 20.50147247, 25.40196991, 10.85316372, 16.35793304, 30.58232117, 30.58232117, 20.50147247, 20.50147247, 16.35793304, 20.50147247, 25.40196991, 25.40196991, 20.50147247, 30.58232117]"
511,"[25.40196991, 20.50147247, 16.35793304, 25.40196991, 16.35793304, 16.35793304, 16.35793304, 16.35793304, 10.85316372, 10.85316372, 20.50147247, 20.50147247, 20.50147247, 10.85316372, 10.85316372, 10.85316372, 30.58232117, 25.40196991, 20.50147247, 16.35793304, 20.50147247, 20.50147247, 30.58232117, 16.35793304, 30.58232117]"
512,"[25.40196991, 20.50147247, 16.35793304, 25.40196991, 16.35793304, 16.35793304, 16.35793304, 16.35793304, 34.56784439, 30.58232117, 16.35793304, 16.35793304, 20.50147247, 10.85316372, 10.85316372, 10.85316372, 34.56784439, 25.40196991, 20.50147247, 25.40196991, 30.58232117, 25.40196991, 30.58232117, 16.35793304, 20.50147247]"
513,"[25.40196991, 20.50147247, 16.35793304, 25.40196991, 16.35793304, 16.35793304, 16.35793304, 20.50147247, 36.45310974, 30.58232117, 20.50147247, 20.50147247, 20.50147247, 10.85316372, 20.50147247, 25.40196991, 34.56784439, 25.40196991, 25.40196991, 25.40196991, 30.58232117, 30.58232117, 10.85316372, 20.50147247, 20.50147247]"
514,"[20.50147247, 20.50147247, 20.50147247, 25.40196991, 16.35793304, 16.35793304, 16.35793304, 20.50147247, 36.45310974, 10.85316372, 20.50147247, 20.50147247, 20.50147247, 10.85316372, 16.35793304, 36.45310974, 34.56784439, 25.40196991, 25.40196991, 20.50147247, 30.58232117, 25.40196991, 10.85316372, 25.40196991, 25.40196991]"
515,"[20.50147247, 20.50147247, 16.35793304, 25.40196991, 30.58232117, 16.35793304, 20.50147247, 20.50147247, 39.55387878, 34.56784439, 20.50147247, 20.50147247, 20.50147247, 34.56784439, 20.50147247, 34.56784439, 36.45310974, 25.40196991, 20.50147247, 25.40196991, 34.56784439, 10.85316372, 30.58232117, 25.40196991, 25.40196991]"
516,"[20.50147247, 20.50147247, 20.50147247, 25.40196991, 10.85316372, 16.35793304, 16.35793304, 20.50147247, 10.85316372, 34.56784439, 20.50147247, 20.50147247, 20.50147247, 34.56784439, 20.50147247, 34.56784439, 34.56784439, 30.58232117, 20.50147247, 25.40196991, 10.85316372, 10.85316372, 30.58232117, 25.40196991, 25.40196991]"
517,"[20.50147247, 20.50147247, 16.35793304, 25.40196991, 10.85316372, 16.35793304, 16.35793304, 16.35793304, 10.85316372, 34.56784439, 20.50147247, 16.35793304, 20.50147247, 36.45310974, 25.40196991, 10.85316372, 34.56784439, 25.40196991, 20.50147247, 25.40196991, 30.58232117, 10.85316372, 34.56784439, 30.58232117, 25.40196991]"
518,"[20.50147247, 25.40196991, 16.35793304, 25.40196991, 10.85316372, 20.50147247, 20.50147247, 16.35793304, 10.85316372, 34.56784439, 20.50147247, 16.35793304, 25.40196991, 34.56784439, 25.40196991, 41.65571976, 39.55387878, 30.58232117, 25.40196991, 25.40196991, 30.58232117, 30.58232117, 34.56784439, 34.56784439, 25.40196991]"
519,"[20.50147247, 25.40196991, 20.50147247, 20.50147247, 34.56784439, 16.35793304, 25.40196991, 20.50147247, 36.45310974, 10.85316372, 25.40196991, 16.35793304, 25.40196991, 10.85316372, 25.40196991, 34.56784439, 10.85316372, 25.40196991, 25.40196991, 16.35793304, 25.40196991, 25.40196991, 30.58232117, 25.40196991, 25.40196991]"
520,"[20.50147247, 20.50147247, 16.35793304, 20.50147247, 36.45310974, 16.35793304, 20.50147247, 20.50147247, 10.85316372, 30.58232117, 25.40196991, 16.35793304, 25.40196991, 34.56784439, 20.50147247, 30.58232117, 30.58232117, 20.50147247, 25.40196991, 20.50147247, 25.40196991, 25.40196991, 30.58232117, 20.50147247, 25.40196991]"
521,"[20.50147247, 20.50147247, 16.35793304, 25.40196991, 25.40196991, 16.35793304, 16.35793304, 20.50147247, 34.56784439, 10.85316372, 25.40196991, 16.35793304, 25.40196991, 10.85316372, 25.40196991, 25.40196991, 30.58232117, 20.50147247, 25.40196991, 20.50147247, 25.40196991, 20.50147247, 30.58232117, 25.40196991, 25.40196991]"
522,"[20.50147247, 20.50147247, 16.35793304, 25.40196991, 16.35793304, 16.35793304, 16.35793304, 20.50147247, 34.56784439, 30.58232117, 25.40196991, 16.35793304, 25.40196991, 10.85316372, 25.40196991, 25.40196991, 30.58232117, 20.50147247, 25.40196991, 20.50147247, 25.40196991, 20.50147247, 30.58232117, 25.40196991, 20.50147247]"
523,"[16.35793304, 16.35793304, 20.50147247, 25.40196991, 16.35793304, 16.35793304, 16.35793304, 16.35793304, 10.85316372, 10.85316372, 25.40196991, 16.35793304, 25.40196991, 10.85316372, 30.58232117, 30.58232117, 30.58232117, 25.40196991, 25.40196991, 20.50147247, 25.40196991, 20.50147247, 30.58232117, 20.50147247, 25.40196991]"
524,"[20.50147247, 20.50147247, 20.50147247, 25.40196991, 10.85316372, 16.35793304, 16.35793304, 20.50147247, 34.56784439, 30.58232117, 25.40196991, 16.35793304, 25.40196991, 10.85316372, 20.50147247, 10.85316372, 30.58232117, 25.40196991, 25.40196991, 20.50147247, 25.40196991, 20.50147247, 30.58232117, 20.50147247, 25.40196991]"
525,"[20.50147247, 20.50147247, 25.40196991, 25.40196991, 10.85316372, 16.35793304, 20.50147247, 25.40196991, 36.45310974, 10.85316372, 25.40196991, 20.50147247, 25.40196991, 10.85316372, 25.40196991, 34.56784439, 34.56784439, 25.40196991, 25.40196991, 20.50147247, 30.58232117, 25.40196991, 30.58232117, 20.50147247, 30.58232117]"
526,"[25.40196991, 20.50147247, 25.40196991, 25.40196991, 20.50147247, 20.50147247, 20.50147247, 20.50147247, 10.85316372, 34.56784439, 25.40196991, 25.40196991, 30.58232117, 10.85316372, 30.58232117, 39.55387878, 34.56784439, 30.58232117, 25.40196991, 25.40196991, 30.58232117, 30.58232117, 10.85316372, 20.50147247, 30.58232117]"
527,"[25.40196991, 25.40196991, 20.50147247, 30.58232117, 20.50147247, 20.50147247, 20.50147247, 20.50147247, 36.45310974, 36.45310974, 25.40196991, 25.40196991, 25.40196991, 10.85316372, 30.58232117, 25.40196991, 34.56784439, 30.58232117, 25.40196991, 25.40196991, 30.58232117, 25.40196991, 10.85316372, 20.50147247, 30.58232117]"
528,"[25.40196991, 25.40196991, 25.40196991, 30.58232117, 20.50147247, 20.50147247, 20.50147247, 20.50147247, 34.56784439, 10.85316372, 25.40196991, 25.40196991, 25.40196991, 10.85316372, 30.58232117, 25.40196991, 10.85316372, 25.40196991, 20.50147247, 20.50147247, 25.40196991, 25.40196991, 30.58232117, 20.50147247, 25.40196991]"
529,"[25.40196991, 20.50147247, 20.50147247, 30.58232117, 16.35793304, 20.50147247, 20.50147247, 20.50147247, 34.56784439, 30.58232117, 20.50147247, 20.50147247, 25.40196991, 30.58232117, 16.35793304, 25.40196991, 10.85316372, 25.40196991, 20.50147247, 20.50147247, 25.40196991, 25.40196991, 30.58232117, 20.50147247, 25.40196991]"
530,"[25.40196991, 20.50147247, 20.50147247, 30.58232117, 16.35793304, 20.50147247, 20.50147247, 20.50147247, 34.56784439, 10.85316372, 20.50147247, 20.50147247, 25.40196991, 10.85316372, 30.58232117, 20.50147247, 10.85316372, 25.40196991, 20.50147247, 20.50147247, 25.40196991, 25.40196991, 34.56784439, 20.50147247, 20.50147247]"
531,"[25.40196991, 25.40196991, 20.50147247, 30.58232117, 10.85316372, 20.50147247, 20.50147247, 20.50147247, 36.45310974, 34.56784439, 20.50147247, 20.50147247, 25.40196991, 10.85316372, 20.50147247, 30.58232117, 10.85316372, 20.50147247, 20.50147247, 20.50147247, 25.40196991, 25.40196991, 30.58232117, 20.50147247, 25.40196991]"
532,"[25.40196991, 20.50147247, 20.50147247, 30.58232117, 16.35793304, 20.50147247, 20.50147247, 20.50147247, 36.45310974, 34.56784439, 20.50147247, 20.50147247, 20.50147247, 10.85316372, 20.50147247, 10.85316372, 10.85316372, 20.50147247, 20.50147247, 20.50147247, 25.40196991, 25.40196991, 30.58232117, 20.50147247, 30.58232117]"
533,"[25.40196991, 20.50147247, 20.50147247, 30.58232117, 16.35793304, 20.50147247, 20.50147247, 20.50147247, 36.45310974, 30.58232117, 20.50147247, 20.50147247, 20.50147247, 10.85316372, 25.40196991, 30.58232117, 10.85316372, 20.50147247, 20.50147247, 20.50147247, 25.40196991, 25.40196991, 30.58232117, 20.50147247, 25.40196991]"
534,"[25.40196991, 25.40196991, 25.40196991, 30.58232117, 20.50147247, 20.50147247, 20.50147247, 20.50147247, 34.56784439, 34.56784439, 25.40196991, 20.50147247, 25.40196991, 10.85316372, 20.50147247, 30.58232117, 10.85316372, 20.50147247, 20.50147247, 20.50147247, 25.40196991, 25.40196991, 30.58232117, 20.50147247, 25.40196991]"
535,"[25.40196991, 20.50147247, 16.35793304, 30.58232117, 16.35793304, 16.35793304, 20.50147247, 20.50147247, 36.45310974, 36.45310974, 20.50147247, 20.50147247, 25.40196991, 10.85316372, 20.50147247, 25.40196991, 30.58232117, 20.50147247, 20.50147247, 20.50147247, 25.40196991, 20.50147247, 10.85316372, 20.50147247, 25.40196991]"
536,"[20.50147247, 20.50147247, 20.50147247, 30.58232117, 16.35793304, 16.35793304, 20.50147247, 20.50147247, 36.45310974, 34.56784439, 20.50147247, 20.50147247, 20.50147247, 30.58232117, 25.40196991, 25.40196991, 30.58232117, 20.50147247, 20.50147247, 20.50147247, 25.40196991, 25.40196991, 10.85316372, 20.50147247, 30.58232117]"
537,"[20.50147247, 20.50147247, 20.50147247, 30.58232117, 16.35793304, 16.35793304, 20.50147247, 20.50147247, 34.56784439, 34.56784439, 20.50147247, 20.50147247, 20.50147247, 30.58232117, 20.50147247, 30.58232117, 10.85316372, 20.50147247, 25.40196991, 20.50147247, 25.40196991, 25.40196991, 30.58232117, 20.50147247, 20.50147247]"
538,"[20.50147247, 20.50147247, 20.50147247, 10.85316372, 16.35793304, 16.35793304, 20.50147247, 16.35793304, 10.85316372, 10.85316372, 20.50147247, 16.35793304, 20.50147247, 30.58232117, 25.40196991, 30.58232117, 30.58232117, 20.50147247, 25.40196991, 20.50147247, 25.40196991, 25.40196991, 30.58232117, 16.35793304, 20.50147247]"
539,"[20.50147247, 20.50147247, 20.50147247, 30.58232117, 16.35793304, 16.35793304, 20.50147247, 16.35793304, 34.56784439, 10.85316372, 20.50147247, 16.35793304, 20.50147247, 30.58232117, 25.40196991, 30.58232117, 30.58232117, 25.40196991, 25.40196991, 16.35793304, 25.40196991, 25.40196991, 10.85316372, 20.50147247, 20.50147247]"
540,"[20.50147247, 20.50147247, 16.35793304, 30.58232117, 16.35793304, 16.35793304, 16.35793304, 16.35793304, 10.85316372, 30.58232117, 20.50147247, 16.35793304, 20.50147247, 30.58232117, 20.50147247, 30.58232117, 30.58232117, 20.50147247, 20.50147247, 16.35793304, 25.40196991, 25.40196991, 20.50147247, 20.50147247, 20.50147247]"
541,"[20.50147247, 16.35793304, 16.35793304, 25.40196991, 16.35793304, 16.35793304, 16.35793304, 16.35793304, 34.56784439, 10.85316372, 20.50147247, 16.35793304, 20.50147247, 30.58232117, 20.50147247, 25.40196991, 30.58232117, 20.50147247, 20.50147247, 20.50147247, 25.40196991, 25.40196991, 25.40196991, 16.35793304, 20.50147247]"
542,"[20.50147247, 20.50147247, 20.50147247, 30.58232117, 16.35793304, 16.35793304, 16.35793304, 16.35793304, 34.56784439, 10.85316372, 20.50147247, 16.35793304, 20.50147247, 30.58232117, 12.86226368, 20.50147247, 30.58232117, 20.50147247, 20.50147247, 20.50147247, 25.40196991, 25.40196991, 25.40196991, 20.50147247, 20.50147247]"
543,"[20.50147247, 16.35793304, 20.50147247, 30.58232117, 16.35793304, 16.35793304, 16.35793304, 16.35793304, 34.56784439, 30.58232117, 20.50147247, 16.35793304, 20.50147247, 30.58232117, 20.50147247, 20.50147247, 30.58232117, 20.50147247, 20.50147247, 20.50147247, 25.40196991, 25.40196991, 25.40196991, 16.35793304, 25.40196991]"
544,"[20.50147247, 20.50147247, 16.35793304, 30.58232117, 16.35793304, 16.35793304, 16.35793304, 16.35793304, 34.56784439, 30.58232117, 20.50147247, 16.35793304, 20.50147247, 30.58232117, 16.35793304, 20.50147247, 30.58232117, 20.50147247, 20.50147247, 20.50147247, 25.40196991, 25.40196991, 30.58232117, 16.35793304, 20.50147247]"
545,"[20.50147247, 20.50147247, 12.86226368, 30.58232117, 16.35793304, 16.35793304, 16.35793304, 16.35793304, 30.58232117, 34.56784439, 20.50147247, 16.35793304, 20.50147247, 30.58232117, 16.35793304, 20.50147247, 30.58232117, 20.50147247, 20.50147247, 20.50147247, 25.40196991, 25.40196991, 30.58232117, 16.35793304, 25.40196991]"
546,"[20.50147247, 20.50147247, 20.50147247, 30.58232117, 16.35793304, 20.50147247, 16.35793304, 16.35793304, 10.85316372, 30.58232117, 20.50147247, 16.35793304, 20.50147247, 30.58232117, 25.40196991, 20.50147247, 30.58232117, 20.50147247, 25.40196991, 20.50147247, 25.40196991, 25.40196991, 25.40196991, 16.35793304, 20.50147247]"
547,"[20.50147247, 20.50147247, 20.50147247, 30.58232117, 16.35793304, 20.50147247, 16.35793304, 16.35793304, 34.56784439, 10.85316372, 20.50147247, 16.35793304, 20.50147247, 30.58232117, 20.50147247, 20.50147247, 30.58232117, 20.50147247, 25.40196991, 20.50147247, 25.40196991, 25.40196991, 30.58232117, 20.50147247, 20.50147247]"
548,"[20.50147247, 20.50147247, 20.50147247, 30.58232117, 16.35793304, 20.50147247, 16.35793304, 16.35793304, 34.56784439, 10.85316372, 20.50147247, 16.35793304, 20.50147247, 30.58232117, 25.40196991, 25.40196991, 10.85316372, 20.50147247, 25.40196991, 20.50147247, 25.40196991, 25.40196991, 30.58232117, 20.50147247, 25.40196991]"
549,"[20.50147247, 20.50147247, 20.50147247, 30.58232117, 16.35793304, 20.50147247, 20.50147247, 20.50147247, 36.45310974, 10.85316372, 25.40196991, 16.35793304, 25.40196991, 30.58232117, 20.50147247, 25.40196991, 10.85316372, 25.40196991, 25.40196991, 20.50147247, 25.40196991, 25.40196991, 30.58232117, 20.50147247, 20.50147247]"
550,"[20.50147247, 20.50147247, 20.50147247, 30.58232117, 16.35793304, 20.50147247, 20.50147247, 20.50147247, 10.85316372, 30.58232117, 20.50147247, 20.50147247, 25.40196991, 30.58232117, 20.50147247, 25.40196991, 10.85316372, 20.50147247, 20.50147247, 20.50147247, 25.40196991, 25.40196991, 30.58232117, 20.50147247, 20.50147247]"
551,"[20.50147247, 16.35793304, 16.35793304, 25.40196991, 16.35793304, 16.35793304, 20.50147247, 20.50147247, 10.85316372, 10.85316372, 20.50147247, 20.50147247, 20.50147247, 30.58232117, 20.50147247, 20.50147247, 10.85316372, 25.40196991, 20.50147247, 20.50147247, 25.40196991, 25.40196991, 25.40196991, 20.50147247, 25.40196991]"
552,"[20.50147247, 20.50147247, 16.35793304, 25.40196991, 16.35793304, 16.35793304, 16.35793304, 20.50147247, 36.45310974, 30.58232117, 20.50147247, 20.50147247, 20.50147247, 30.58232117, 20.50147247, 20.50147247, 30.58232117, 20.50147247, 20.50147247, 20.50147247, 25.40196991, 25.40196991, 10.85316372, 16.35793304, 25.40196991]"
553,"[20.50147247, 20.50147247, 20.50147247, 25.40196991, 16.35793304, 16.35793304, 16.35793304, 20.50147247, 34.56784439, 30.58232117, 20.50147247, 20.50147247, 20.50147247, 30.58232117, 16.35793304, 25.40196991, 30.58232117, 20.50147247, 20.50147247, 20.50147247, 25.40196991, 25.40196991, 25.40196991, 16.35793304, 25.40196991]"
554,"[20.50147247, 20.50147247, 20.50147247, 25.40196991, 16.35793304, 16.35793304, 16.35793304, 20.50147247, 36.45310974, 10.85316372, 20.50147247, 20.50147247, 20.50147247, 30.58232117, 20.50147247, 30.58232117, 30.58232117, 20.50147247, 20.50147247, 20.50147247, 25.40196991, 25.40196991, 30.58232117, 16.35793304, 25.40196991]"
555,"[20.50147247, 16.35793304, 16.35793304, 25.40196991, 16.35793304, 16.35793304, 16.35793304, 16.35793304, 10.85316372, 10.85316372, 20.50147247, 20.50147247, 20.50147247, 30.58232117, 20.50147247, 30.58232117, 30.58232117, 20.50147247, 20.50147247, 20.50147247, 25.40196991, 20.50147247, 30.58232117, 16.35793304, 25.40196991]"
556,"[20.50147247, 20.50147247, 16.35793304, 25.40196991, 16.35793304, 16.35793304, 16.35793304, 16.35793304, 30.58232117, 10.85316372, 20.50147247, 16.35793304, 20.50147247, 30.58232117, 20.50147247, 30.58232117, 30.58232117, 25.40196991, 20.50147247, 16.35793304, 25.40196991, 20.50147247, 25.40196991, 16.35793304, 20.50147247]"
557,"[20.50147247, 20.50147247, 16.35793304, 25.40196991, 16.35793304, 16.35793304, 16.35793304, 16.35793304, 34.56784439, 30.58232117, 20.50147247, 20.50147247, 20.50147247, 34.56784439, 30.58232117, 30.58232117, 34.56784439, 25.40196991, 25.40196991, 16.35793304, 25.40196991, 20.50147247, 30.58232117, 16.35793304, 25.40196991]"
558,"[20.50147247, 20.50147247, 20.50147247, 30.58232117, 16.35793304, 16.35793304, 16.35793304, 16.35793304, 10.85316372, 30.58232117, 20.50147247, 20.50147247, 20.50147247, 34.56784439, 25.40196991, 30.58232117, 10.85316372, 20.50147247, 20.50147247, 16.35793304, 25.40196991, 25.40196991, 30.58232117, 16.35793304, 25.40196991]"
559,"[20.50147247, 20.50147247, 16.35793304, 30.58232117, 20.50147247, 16.35793304, 20.50147247, 16.35793304, 34.56784439, 10.85316372, 20.50147247, 16.35793304, 20.50147247, 30.58232117, 20.50147247, 30.58232117, 30.58232117, 20.50147247, 20.50147247, 20.50147247, 25.40196991, 25.40196991, 30.58232117, 16.35793304, 25.40196991]"
560,"[20.50147247, 20.50147247, 16.35793304, 25.40196991, 10.85316372, 16.35793304, 20.50147247, 16.35793304, 34.56784439, 10.85316372, 20.50147247, 16.35793304, 20.50147247, 30.58232117, 20.50147247, 20.50147247, 30.58232117, 20.50147247, 20.50147247, 16.35793304, 25.40196991, 25.40196991, 30.58232117, 20.50147247, 20.50147247]"
561,"[20.50147247, 20.50147247, 16.35793304, 25.40196991, 10.85316372, 16.35793304, 20.50147247, 16.35793304, 10.85316372, 34.56784439, 20.50147247, 16.35793304, 20.50147247, 30.58232117, 20.50147247, 25.40196991, 30.58232117, 25.40196991, 25.40196991, 16.35793304, 25.40196991, 20.50147247, 30.58232117, 30.58232117, 20.50147247]"
562,"[20.50147247, 20.50147247, 20.50147247, 20.50147247, 10.85316372, 16.35793304, 16.35793304, 16.35793304, 34.56784439, 10.85316372, 20.50147247, 16.35793304, 20.50147247, 10.85316372, 20.50147247, 25.40196991, 30.58232117, 25.40196991, 25.40196991, 20.50147247, 25.40196991, 20.50147247, 25.40196991, 25.40196991, 20.50147247]"
563,"[20.50147247, 16.35793304, 16.35793304, 20.50147247, 10.85316372, 16.35793304, 16.35793304, 16.35793304, 34.56784439, 10.85316372, 20.50147247, 16.35793304, 20.50147247, 34.56784439, 16.35793304, 25.40196991, 30.58232117, 20.50147247, 25.40196991, 16.35793304, 25.40196991, 20.50147247, 30.58232117, 25.40196991, 25.40196991]"
564,"[16.35793304, 16.35793304, 16.35793304, 20.50147247, 34.56784439, 16.35793304, 16.35793304, 16.35793304, 10.85316372, 10.85316372, 20.50147247, 12.86226368, 20.50147247, 10.85316372, 20.50147247, 25.40196991, 30.58232117, 20.50147247, 20.50147247, 16.35793304, 25.40196991, 20.50147247, 25.40196991, 10.85316372, 20.50147247]"
565,"[20.50147247, 20.50147247, 16.35793304, 20.50147247, 10.85316372, 16.35793304, 16.35793304, 16.35793304, 34.56784439, 30.58232117, 20.50147247, 12.86226368, 20.50147247, 10.85316372, 12.86226368, 25.40196991, 10.85316372, 20.50147247, 25.40196991, 16.35793304, 25.40196991, 20.50147247, 30.58232117, 25.40196991, 20.50147247]"
566,"[16.35793304, 16.35793304, 12.86226368, 20.50147247, 10.85316372, 16.35793304, 16.35793304, 16.35793304, 34.56784439, 30.58232117, 20.50147247, 12.86226368, 20.50147247, 10.85316372, 20.50147247, 20.50147247, 36.45310974, 20.50147247, 20.50147247, 16.35793304, 25.40196991, 20.50147247, 25.40196991, 16.35793304, 20.50147247]"
567,"[20.50147247, 16.35793304, 12.86226368, 20.50147247, 30.58232117, 16.35793304, 16.35793304, 16.35793304, 36.45310974, 25.40196991, 20.50147247, 12.86226368, 20.50147247, 10.85316372, 20.50147247, 25.40196991, 41.08248901, 16.35793304, 25.40196991, 16.35793304, 25.40196991, 20.50147247, 30.58232117, 16.35793304, 20.50147247]"
568,"[20.50147247, 16.35793304, 16.35793304, 20.50147247, 25.40196991, 16.35793304, 16.35793304, 16.35793304, 34.56784439, 30.58232117, 25.40196991, 12.86226368, 20.50147247, 10.85316372, 10.85316372, 30.58232117, 36.45310974, 20.50147247, 25.40196991, 16.35793304, 25.40196991, 20.50147247, 25.40196991, 20.50147247, 20.50147247]"
569,"[20.50147247, 20.50147247, 16.35793304, 25.40196991, 25.40196991, 16.35793304, 16.35793304, 16.35793304, 34.56784439, 10.85316372, 25.40196991, 16.35793304, 20.50147247, 10.85316372, 30.58232117, 10.85316372, 36.45310974, 20.50147247, 25.40196991, 20.50147247, 25.40196991, 25.40196991, 30.58232117, 20.50147247, 20.50147247]"
570,"[25.40196991, 20.50147247, 20.50147247, 30.58232117, 20.50147247, 20.50147247, 20.50147247, 20.50147247, 36.45310974, 10.85316372, 25.40196991, 20.50147247, 25.40196991, 10.85316372, 25.40196991, 25.40196991, 36.45310974, 25.40196991, 25.40196991, 20.50147247, 25.40196991, 25.40196991, 30.58232117, 20.50147247, 20.50147247]"
571,"[25.40196991, 20.50147247, 25.40196991, 30.58232117, 20.50147247, 20.50147247, 20.50147247, 20.50147247, 39.55387878, 34.56784439, 25.40196991, 25.40196991, 25.40196991, 30.58232117, 25.40196991, 30.58232117, 39.74495697, 25.40196991, 25.40196991, 20.50147247, 30.58232117, 25.40196991, 30.58232117, 20.50147247, 25.40196991]"
572,"[30.58232117, 25.40196991, 25.40196991, 10.85316372, 20.50147247, 20.50147247, 20.50147247, 20.50147247, 36.45310974, 10.85316372, 25.40196991, 25.40196991, 25.40196991, 10.85316372, 30.58232117, 25.40196991, 34.56784439, 25.40196991, 25.40196991, 25.40196991, 30.58232117, 30.58232117, 30.58232117, 20.50147247, 30.58232117]"
573,"[25.40196991, 25.40196991, 25.40196991, 10.85316372, 20.50147247, 20.50147247, 20.50147247, 20.50147247, 36.45310974, 34.56784439, 25.40196991, 20.50147247, 25.40196991, 10.85316372, 25.40196991, 25.40196991, 34.56784439, 25.40196991, 20.50147247, 20.50147247, 25.40196991, 25.40196991, 30.58232117, 20.50147247, 25.40196991]"
574,"[25.40196991, 25.40196991, 20.50147247, 10.85316372, 25.40196991, 20.50147247, 20.50147247, 20.50147247, 36.45310974, 34.56784439, 25.40196991, 25.40196991, 25.40196991, 10.85316372, 30.58232117, 25.40196991, 34.56784439, 25.40196991, 20.50147247, 20.50147247, 30.58232117, 25.40196991, 30.58232117, 20.50147247, 25.40196991]"
575,"[25.40196991, 25.40196991, 20.50147247, 10.85316372, 20.50147247, 20.50147247, 20.50147247, 20.50147247, 36.45310974, 10.85316372, 25.40196991, 25.40196991, 25.40196991, 34.56784439, 25.40196991, 30.58232117, 34.56784439, 25.40196991, 20.50147247, 20.50147247, 30.58232117, 25.40196991, 10.85316372, 20.50147247, 25.40196991]"
576,"[25.40196991, 25.40196991, 16.35793304, 30.58232117, 20.50147247, 20.50147247, 20.50147247, 20.50147247, 34.56784439, 34.56784439, 20.50147247, 25.40196991, 25.40196991, 34.56784439, 25.40196991, 25.40196991, 10.85316372, 25.40196991, 20.50147247, 20.50147247, 25.40196991, 25.40196991, 30.58232117, 25.40196991, 25.40196991]"
577,"[20.50147247, 25.40196991, 20.50147247, 30.58232117, 20.50147247, 16.35793304, 20.50147247, 16.35793304, 34.56784439, 10.85316372, 20.50147247, 25.40196991, 25.40196991, 10.85316372, 20.50147247, 25.40196991, 10.85316372, 20.50147247, 20.50147247, 20.50147247, 25.40196991, 25.40196991, 10.85316372, 20.50147247, 25.40196991]"
578,"[20.50147247, 20.50147247, 16.35793304, 25.40196991, 16.35793304, 16.35793304, 20.50147247, 16.35793304, 34.56784439, 10.85316372, 20.50147247, 20.50147247, 25.40196991, 30.58232117, 20.50147247, 25.40196991, 30.58232117, 20.50147247, 20.50147247, 20.50147247, 25.40196991, 25.40196991, 30.58232117, 25.40196991, 25.40196991]"
579,"[20.50147247, 20.50147247, 20.50147247, 25.40196991, 16.35793304, 16.35793304, 16.35793304, 16.35793304, 34.56784439, 30.58232117, 20.50147247, 20.50147247, 25.40196991, 30.58232117, 25.40196991, 20.50147247, 10.85316372, 20.50147247, 20.50147247, 16.35793304, 25.40196991, 25.40196991, 25.40196991, 20.50147247, 20.50147247]"
580,"[20.50147247, 20.50147247, 16.35793304, 25.40196991, 16.35793304, 16.35793304, 16.35793304, 16.35793304, 10.85316372, 10.85316372, 20.50147247, 20.50147247, 20.50147247, 30.58232117, 20.50147247, 25.40196991, 10.85316372, 20.50147247, 20.50147247, 16.35793304, 25.40196991, 20.50147247, 30.58232117, 30.58232117, 20.50147247]"
581,"[20.50147247, 20.50147247, 16.35793304, 25.40196991, 16.35793304, 16.35793304, 16.35793304, 16.35793304, 10.85316372, 10.85316372, 20.50147247, 20.50147247, 25.40196991, 30.58232117, 20.50147247, 20.50147247, 10.85316372, 20.50147247, 20.50147247, 20.50147247, 25.40196991, 25.40196991, 20.50147247, 30.58232117, 20.50147247]"
582,"[20.50147247, 25.40196991, 16.35793304, 30.58232117, 20.50147247, 20.50147247, 16.35793304, 16.35793304, 36.45310974, 30.58232117, 20.50147247, 20.50147247, 25.40196991, 30.58232117, 25.40196991, 25.40196991, 30.58232117, 20.50147247, 20.50147247, 20.50147247, 25.40196991, 25.40196991, 30.58232117, 10.85316372, 25.40196991]"
583,"[20.50147247, 20.50147247, 20.50147247, 30.58232117, 20.50147247, 16.35793304, 16.35793304, 16.35793304, 36.45310974, 30.58232117, 20.50147247, 20.50147247, 25.40196991, 30.58232117, 20.50147247, 25.40196991, 10.85316372, 20.50147247, 20.50147247, 20.50147247, 25.40196991, 25.40196991, 30.58232117, 34.56784439, 25.40196991]"
584,"[20.50147247, 20.50147247, 20.50147247, 25.40196991, 20.50147247, 16.35793304, 20.50147247, 16.35793304, 10.85316372, 25.40196991, 20.50147247, 20.50147247, 25.40196991, 30.58232117, 25.40196991, 20.50147247, 30.58232117, 20.50147247, 20.50147247, 20.50147247, 25.40196991, 25.40196991, 30.58232117, 30.58232117, 25.40196991]"
585,"[16.35793304, 20.50147247, 20.50147247, 25.40196991, 20.50147247, 16.35793304, 16.35793304, 16.35793304, 34.56784439, 10.85316372, 20.50147247, 20.50147247, 25.40196991, 30.58232117, 20.50147247, 25.40196991, 30.58232117, 20.50147247, 20.50147247, 16.35793304, 25.40196991, 20.50147247, 25.40196991, 30.58232117, 20.50147247]"
586,"[16.35793304, 16.35793304, 16.35793304, 25.40196991, 16.35793304, 16.35793304, 16.35793304, 16.35793304, 30.58232117, 30.58232117, 20.50147247, 16.35793304, 25.40196991, 30.58232117, 20.50147247, 20.50147247, 30.58232117, 16.35793304, 20.50147247, 16.35793304, 25.40196991, 20.50147247, 30.58232117, 30.58232117, 20.50147247]"
587,"[20.50147247, 20.50147247, 20.50147247, 25.40196991, 16.35793304, 16.35793304, 16.35793304, 16.35793304, 34.56784439, 10.85316372, 20.50147247, 20.50147247, 25.40196991, 30.58232117, 20.50147247, 25.40196991, 30.58232117, 16.35793304, 20.50147247, 16.35793304, 25.40196991, 20.50147247, 25.40196991, 16.35793304, 20.50147247]"
588,"[20.50147247, 20.50147247, 16.35793304, 25.40196991, 20.50147247, 16.35793304, 20.50147247, 16.35793304, 10.85316372, 34.56784439, 20.50147247, 20.50147247, 30.58232117, 30.58232117, 20.50147247, 25.40196991, 10.85316372, 20.50147247, 20.50147247, 16.35793304, 30.58232117, 25.40196991, 25.40196991, 16.35793304, 20.50147247]"
589,"[20.50147247, 20.50147247, 20.50147247, 30.58232117, 20.50147247, 16.35793304, 20.50147247, 20.50147247, 36.45310974, 10.85316372, 20.50147247, 20.50147247, 30.58232117, 10.85316372, 20.50147247, 25.40196991, 10.85316372, 20.50147247, 20.50147247, 20.50147247, 30.58232117, 25.40196991, 30.58232117, 20.50147247, 20.50147247]"
590,"[20.50147247, 25.40196991, 20.50147247, 30.58232117, 20.50147247, 16.35793304, 20.50147247, 20.50147247, 30.58232117, 10.85316372, 20.50147247, 20.50147247, 30.58232117, 30.58232117, 16.35793304, 30.58232117, 10.85316372, 20.50147247, 20.50147247, 25.40196991, 30.58232117, 25.40196991, 30.58232117, 20.50147247, 20.50147247]"
591,"[20.50147247, 20.50147247, 20.50147247, 30.58232117, 20.50147247, 20.50147247, 20.50147247, 20.50147247, 39.55387878, 34.56784439, 25.40196991, 25.40196991, 30.58232117, 10.85316372, 25.40196991, 30.58232117, 34.56784439, 20.50147247, 20.50147247, 20.50147247, 30.58232117, 30.58232117, 30.58232117, 20.50147247, 25.40196991]"
592,"[25.40196991, 25.40196991, 25.40196991, 10.85316372, 25.40196991, 20.50147247, 20.50147247, 20.50147247, 39.74495697, 30.58232117, 25.40196991, 25.40196991, 30.58232117, 10.85316372, 30.58232117, 25.40196991, 34.56784439, 25.40196991, 20.50147247, 25.40196991, 30.58232117, 30.58232117, 10.85316372, 25.40196991, 25.40196991]"
593,"[20.50147247, 20.50147247, 20.50147247, 30.58232117, 20.50147247, 16.35793304, 16.35793304, 25.40196991, 34.56784439, 34.56784439, 20.50147247, 20.50147247, 25.40196991, 30.58232117, 20.50147247, 20.50147247, 10.85316372, 25.40196991, 20.50147247, 20.50147247, 25.40196991, 25.40196991, 30.58232117, 20.50147247, 25.40196991]"
594,"[20.50147247, 20.50147247, 20.50147247, 25.40196991, 16.35793304, 16.35793304, 16.35793304, 20.50147247, 10.85316372, 10.85316372, 20.50147247, 20.50147247, 20.50147247, 30.58232117, 16.35793304, 20.50147247, 30.58232117, 16.35793304, 20.50147247, 20.50147247, 25.40196991, 25.40196991, 30.58232117, 16.35793304, 25.40196991]"
595,"[20.50147247, 20.50147247, 16.35793304, 25.40196991, 16.35793304, 16.35793304, 16.35793304, 20.50147247, 34.56784439, 34.56784439, 20.50147247, 20.50147247, 20.50147247, 30.58232117, 20.50147247, 20.50147247, 30.58232117, 20.50147247, 20.50147247, 20.50147247, 25.40196991, 25.40196991, 30.58232117, 16.35793304, 20.50147247]"
596,"[20.50147247, 16.35793304, 16.35793304, 25.40196991, 16.35793304, 12.86226368, 16.35793304, 16.35793304, 10.85316372, 30.58232117, 16.35793304, 16.35793304, 20.50147247, 30.58232117, 16.35793304, 30.58232117, 30.58232117, 20.50147247, 20.50147247, 16.35793304, 20.50147247, 20.50147247, 25.40196991, 16.35793304, 20.50147247]"
597,"[16.35793304, 16.35793304, 16.35793304, 25.40196991, 12.86226368, 12.86226368, 16.35793304, 16.35793304, 10.85316372, 10.85316372, 16.35793304, 16.35793304, 20.50147247, 30.58232117, 20.50147247, 30.58232117, 30.58232117, 20.50147247, 20.50147247, 16.35793304, 20.50147247, 20.50147247, 16.35793304, 16.35793304, 20.50147247]"
598,"[20.50147247, 16.35793304, 16.35793304, 25.40196991, 16.35793304, 12.86226368, 16.35793304, 16.35793304, 36.45310974, 10.85316372, 16.35793304, 16.35793304, 20.50147247, 30.58232117, 20.50147247, 25.40196991, 25.40196991, 20.50147247, 20.50147247, 16.35793304, 20.50147247, 20.50147247, 11.05874348, 16.35793304, 25.40196991]"
599,"[20.50147247, 16.35793304, 16.35793304, 25.40196991, 16.35793304, 12.86226368, 16.35793304, 16.35793304, 36.45310974, 36.45310974, 16.35793304, 16.35793304, 20.50147247, 30.58232117, 16.35793304, 25.40196991, 25.40196991, 20.50147247, 20.50147247, 16.35793304, 20.50147247, 20.50147247, 25.40196991, 16.35793304, 16.35793304]"
600,"[20.50147247, 16.35793304, 16.35793304, 25.40196991, 16.35793304, 12.86226368, 16.35793304, 16.35793304, 10.85316372, 30.58232117, 20.50147247, 16.35793304, 20.50147247, 30.58232117, 20.50147247, 25.40196991, 30.58232117, 20.50147247, 20.50147247, 16.35793304, 20.50147247, 20.50147247, 25.40196991, 16.35793304, 20.50147247]"
601,"[20.50147247, 20.50147247, 16.35793304, 25.40196991, 16.35793304, 12.86226368, 16.35793304, 16.35793304, 34.56784439, 10.85316372, 20.50147247, 16.35793304, 20.50147247, 30.58232117, 16.35793304, 30.58232117, 30.58232117, 20.50147247, 20.50147247, 16.35793304, 25.40196991, 20.50147247, 30.58232117, 16.35793304, 20.50147247]"
602,"[20.50147247, 20.50147247, 16.35793304, 30.58232117, 16.35793304, 12.86226368, 16.35793304, 20.50147247, 34.56784439, 34.56784439, 20.50147247, 16.35793304, 20.50147247, 30.58232117, 16.35793304, 30.58232117, 30.58232117, 20.50147247, 25.40196991, 16.35793304, 25.40196991, 25.40196991, 20.50147247, 16.35793304, 20.50147247]"
603,"[20.50147247, 20.50147247, 20.50147247, 30.58232117, 16.35793304, 12.86226368, 16.35793304, 16.35793304, 36.45310974, 10.85316372, 20.50147247, 16.35793304, 20.50147247, 30.58232117, 20.50147247, 10.85316372, 30.58232117, 20.50147247, 25.40196991, 16.35793304, 25.40196991, 25.40196991, 30.58232117, 16.35793304, 25.40196991]"
604,"[20.50147247, 20.50147247, 16.35793304, 25.40196991, 16.35793304, 12.86226368, 20.50147247, 16.35793304, 39.55387878, 10.85316372, 20.50147247, 16.35793304, 25.40196991, 30.58232117, 25.40196991, 30.58232117, 30.58232117, 20.50147247, 20.50147247, 16.35793304, 25.40196991, 25.40196991, 30.58232117, 20.50147247, 25.40196991]"
605,"[20.50147247, 20.50147247, 20.50147247, 25.40196991, 25.40196991, 12.86226368, 20.50147247, 20.50147247, 34.56784439, 10.85316372, 20.50147247, 16.35793304, 25.40196991, 30.58232117, 25.40196991, 10.85316372, 30.58232117, 20.50147247, 20.50147247, 16.35793304, 25.40196991, 25.40196991, 25.40196991, 20.50147247, 25.40196991]"
606,"[20.50147247, 20.50147247, 16.35793304, 25.40196991, 30.58232117, 12.86226368, 20.50147247, 16.35793304, 36.45310974, 10.85316372, 20.50147247, 16.35793304, 25.40196991, 10.85316372, 16.35793304, 30.58232117, 30.58232117, 20.50147247, 20.50147247, 16.35793304, 25.40196991, 25.40196991, 10.85316372, 20.50147247, 25.40196991]"
607,"[20.50147247, 20.50147247, 16.35793304, 25.40196991, 34.56784439, 12.86226368, 16.35793304, 16.35793304, 34.56784439, 34.56784439, 20.50147247, 16.35793304, 25.40196991, 10.85316372, 20.50147247, 25.40196991, 30.58232117, 20.50147247, 25.40196991, 16.35793304, 25.40196991, 25.40196991, 30.58232117, 20.50147247, 25.40196991]"
608,"[20.50147247, 20.50147247, 16.35793304, 25.40196991, 10.85316372, 12.86226368, 16.35793304, 16.35793304, 36.45310974, 10.85316372, 20.50147247, 16.35793304, 20.50147247, 30.58232117, 25.40196991, 25.40196991, 10.85316372, 20.50147247, 25.40196991, 16.35793304, 25.40196991, 20.50147247, 25.40196991, 25.40196991, 20.50147247]"
609,"[20.50147247, 20.50147247, 16.35793304, 25.40196991, 10.85316372, 12.86226368, 16.35793304, 16.35793304, 10.85316372, 30.58232117, 20.50147247, 16.35793304, 25.40196991, 10.85316372, 20.50147247, 25.40196991, 10.85316372, 20.50147247, 25.40196991, 16.35793304, 25.40196991, 20.50147247, 30.58232117, 34.56784439, 20.50147247]"
610,"[20.50147247, 20.50147247, 20.50147247, 25.40196991, 30.58232117, 12.86226368, 16.35793304, 16.35793304, 10.85316372, 30.58232117, 25.40196991, 16.35793304, 25.40196991, 10.85316372, 20.50147247, 25.40196991, 30.58232117, 20.50147247, 25.40196991, 16.35793304, 25.40196991, 25.40196991, 25.40196991, 25.40196991, 20.50147247]"
611,"[20.50147247, 20.50147247, 16.35793304, 25.40196991, 25.40196991, 12.86226368, 25.40196991, 16.35793304, 34.56784439, 30.58232117, 20.50147247, 16.35793304, 25.40196991, 10.85316372, 20.50147247, 20.50147247, 10.85316372, 20.50147247, 25.40196991, 16.35793304, 25.40196991, 25.40196991, 25.40196991, 20.50147247, 20.50147247]"
612,"[20.50147247, 25.40196991, 16.35793304, 25.40196991, 20.50147247, 16.35793304, 20.50147247, 16.35793304, 34.56784439, 34.56784439, 25.40196991, 16.35793304, 25.40196991, 30.58232117, 20.50147247, 25.40196991, 10.85316372, 20.50147247, 25.40196991, 20.50147247, 30.58232117, 25.40196991, 30.58232117, 20.50147247, 30.58232117]"
613,"[20.50147247, 25.40196991, 20.50147247, 25.40196991, 20.50147247, 16.35793304, 25.40196991, 20.50147247, 34.56784439, 10.85316372, 25.40196991, 16.35793304, 25.40196991, 34.56784439, 25.40196991, 25.40196991, 10.85316372, 25.40196991, 25.40196991, 20.50147247, 30.58232117, 25.40196991, 30.58232117, 25.40196991, 25.40196991]"
614,"[25.40196991, 25.40196991, 25.40196991, 30.58232117, 20.50147247, 12.86226368, 20.50147247, 25.40196991, 36.45310974, 10.85316372, 25.40196991, 20.50147247, 25.40196991, 30.58232117, 25.40196991, 25.40196991, 34.56784439, 25.40196991, 25.40196991, 25.40196991, 30.58232117, 30.58232117, 30.58232117, 20.50147247, 25.40196991]"
615,"[25.40196991, 20.50147247, 20.50147247, 30.58232117, 20.50147247, 16.35793304, 20.50147247, 25.40196991, 36.45310974, 34.56784439, 25.40196991, 20.50147247, 25.40196991, 30.58232117, 25.40196991, 25.40196991, 36.45310974, 25.40196991, 25.40196991, 20.50147247, 25.40196991, 30.58232117, 30.58232117, 20.50147247, 25.40196991]"
616,"[20.50147247, 25.40196991, 25.40196991, 30.58232117, 20.50147247, 12.86226368, 20.50147247, 20.50147247, 34.56784439, 34.56784439, 25.40196991, 20.50147247, 25.40196991, 30.58232117, 20.50147247, 25.40196991, 10.85316372, 25.40196991, 25.40196991, 20.50147247, 30.58232117, 25.40196991, 30.58232117, 20.50147247, 25.40196991]"
617,"[25.40196991, 25.40196991, 20.50147247, 30.58232117, 20.50147247, 16.35793304, 20.50147247, 20.50147247, 34.56784439, 30.58232117, 25.40196991, 20.50147247, 25.40196991, 30.58232117, 25.40196991, 25.40196991, 10.85316372, 20.50147247, 20.50147247, 20.50147247, 25.40196991, 25.40196991, 30.58232117, 20.50147247, 25.40196991]"
618,"[25.40196991, 25.40196991, 25.40196991, 30.58232117, 16.35793304, 12.86226368, 20.50147247, 20.50147247, 39.55387878, 10.85316372, 25.40196991, 20.50147247, 25.40196991, 10.85316372, 25.40196991, 30.58232117, 10.85316372, 20.50147247, 25.40196991, 20.50147247, 25.40196991, 25.40196991, 30.58232117, 20.50147247, 25.40196991]"
619,"[25.40196991, 25.40196991, 20.50147247, 30.58232117, 20.50147247, 16.35793304, 20.50147247, 20.50147247, 34.56784439, 10.85316372, 25.40196991, 20.50147247, 25.40196991, 10.85316372, 30.58232117, 10.85316372, 10.85316372, 20.50147247, 25.40196991, 20.50147247, 25.40196991, 25.40196991, 34.56784439, 20.50147247, 25.40196991]"
620,"[25.40196991, 25.40196991, 20.50147247, 10.85316372, 20.50147247, 16.35793304, 20.50147247, 20.50147247, 39.55387878, 10.85316372, 20.50147247, 20.50147247, 25.40196991, 10.85316372, 30.58232117, 39.74495697, 34.56784439, 25.40196991, 25.40196991, 20.50147247, 30.58232117, 25.40196991, 10.85316372, 16.35793304, 30.58232117]"
621,"[10.85316372, 34.56784439, 25.40196991, 34.56784439, 30.58232117, 16.35793304, 25.40196991, 20.50147247, 39.55387878, 34.56784439, 25.40196991, 25.40196991, 25.40196991, 10.85316372, 30.58232117, 40.12710953, 34.56784439, 25.40196991, 25.40196991, 25.40196991, 30.58232117, 30.58232117, 10.85316372, 20.50147247, 30.58232117]"
622,"[25.40196991, 30.58232117, 25.40196991, 10.85316372, 20.50147247, 12.86226368, 30.58232117, 25.40196991, 39.55387878, 36.45310974, 25.40196991, 25.40196991, 30.58232117, 34.56784439, 30.58232117, 39.55387878, 34.56784439, 25.40196991, 25.40196991, 25.40196991, 10.85316372, 30.58232117, 10.85316372, 25.40196991, 25.40196991]"
623,"[25.40196991, 25.40196991, 25.40196991, 30.58232117, 25.40196991, 16.35793304, 25.40196991, 25.40196991, 34.56784439, 34.56784439, 25.40196991, 25.40196991, 25.40196991, 34.56784439, 30.58232117, 36.45310974, 36.45310974, 25.40196991, 25.40196991, 20.50147247, 10.85316372, 30.58232117, 30.58232117, 25.40196991, 30.58232117]"
624,"[25.40196991, 25.40196991, 20.50147247, 25.40196991, 34.56784439, 16.35793304, 25.40196991, 20.50147247, 39.55387878, 34.56784439, 25.40196991, 20.50147247, 25.40196991, 36.45310974, 30.58232117, 34.56784439, 34.56784439, 25.40196991, 25.40196991, 20.50147247, 30.58232117, 25.40196991, 10.85316372, 25.40196991, 30.58232117]"
625,"[25.40196991, 25.40196991, 20.50147247, 30.58232117, 36.45310974, 16.35793304, 25.40196991, 20.50147247, 34.56784439, 34.56784439, 25.40196991, 20.50147247, 25.40196991, 10.85316372, 20.50147247, 10.85316372, 34.56784439, 30.58232117, 25.40196991, 25.40196991, 30.58232117, 25.40196991, 10.85316372, 30.58232117, 30.58232117]"
626,"[25.40196991, 25.40196991, 20.50147247, 30.58232117, 36.45310974, 16.35793304, 25.40196991, 20.50147247, 36.45310974, 10.85316372, 25.40196991, 20.50147247, 25.40196991, 34.56784439, 25.40196991, 36.45310974, 10.85316372, 30.58232117, 25.40196991, 25.40196991, 10.85316372, 25.40196991, 30.58232117, 30.58232117, 25.40196991]"
627,"[25.40196991, 25.40196991, 20.50147247, 30.58232117, 36.45310974, 16.35793304, 25.40196991, 20.50147247, 34.56784439, 34.56784439, 25.40196991, 20.50147247, 25.40196991, 34.56784439, 10.85316372, 36.45310974, 34.56784439, 30.58232117, 25.40196991, 25.40196991, 30.58232117, 25.40196991, 30.58232117, 10.85316372, 30.58232117]"
628,"[25.40196991, 25.40196991, 20.50147247, 30.58232117, 10.85316372, 16.35793304, 25.40196991, 20.50147247, 36.45310974, 36.45310974, 25.40196991, 20.50147247, 25.40196991, 36.45310974, 25.40196991, 39.55387878, 34.56784439, 25.40196991, 25.40196991, 25.40196991, 30.58232117, 25.40196991, 10.85316372, 34.56784439, 30.58232117]"
629,"[20.50147247, 25.40196991, 20.50147247, 25.40196991, 34.56784439, 16.35793304, 20.50147247, 20.50147247, 34.56784439, 34.56784439, 25.40196991, 20.50147247, 25.40196991, 10.85316372, 30.58232117, 10.85316372, 10.85316372, 25.40196991, 25.40196991, 25.40196991, 30.58232117, 25.40196991, 30.58232117, 10.85316372, 30.58232117]"
630,"[25.40196991, 25.40196991, 16.35793304, 25.40196991, 36.45310974, 16.35793304, 20.50147247, 20.50147247, 36.45310974, 34.56784439, 25.40196991, 20.50147247, 25.40196991, 10.85316372, 20.50147247, 30.58232117, 10.85316372, 25.40196991, 20.50147247, 25.40196991, 30.58232117, 25.40196991, 30.58232117, 25.40196991, 25.40196991]"
631,"[25.40196991, 25.40196991, 16.35793304, 25.40196991, 36.45310974, 16.35793304, 20.50147247, 20.50147247, 36.45310974, 30.58232117, 25.40196991, 20.50147247, 25.40196991, 34.56784439, 20.50147247, 25.40196991, 10.85316372, 20.50147247, 25.40196991, 20.50147247, 30.58232117, 25.40196991, 30.58232117, 25.40196991, 25.40196991]"
632,"[25.40196991, 25.40196991, 20.50147247, 25.40196991, 34.56784439, 16.35793304, 20.50147247, 20.50147247, 39.55387878, 10.85316372, 25.40196991, 16.35793304, 25.40196991, 34.56784439, 20.50147247, 25.40196991, 10.85316372, 25.40196991, 25.40196991, 20.50147247, 25.40196991, 25.40196991, 30.58232117, 25.40196991, 25.40196991]"
633,"[25.40196991, 25.40196991, 20.50147247, 25.40196991, 34.56784439, 16.35793304, 25.40196991, 20.50147247, 36.45310974, 30.58232117, 30.58232117, 16.35793304, 25.40196991, 10.85316372, 30.58232117, 30.58232117, 34.56784439, 25.40196991, 25.40196991, 20.50147247, 25.40196991, 25.40196991, 10.85316372, 25.40196991, 30.58232117]"
634,"[25.40196991, 25.40196991, 20.50147247, 25.40196991, 30.58232117, 16.35793304, 25.40196991, 20.50147247, 36.45310974, 34.56784439, 25.40196991, 16.35793304, 30.58232117, 36.45310974, 25.40196991, 30.58232117, 10.85316372, 25.40196991, 25.40196991, 20.50147247, 25.40196991, 30.58232117, 30.58232117, 30.58232117, 25.40196991]"
635,"[25.40196991, 25.40196991, 20.50147247, 25.40196991, 34.56784439, 16.35793304, 25.40196991, 25.40196991, 39.74495697, 10.85316372, 30.58232117, 16.35793304, 30.58232117, 34.56784439, 25.40196991, 34.56784439, 36.45310974, 25.40196991, 25.40196991, 25.40196991, 30.58232117, 30.58232117, 30.58232117, 30.58232117, 30.58232117]"
636,"[10.85316372, 30.58232117, 30.58232117, 30.58232117, 25.40196991, 20.50147247, 25.40196991, 25.40196991, 39.55387878, 34.56784439, 10.85316372, 30.58232117, 30.58232117, 34.56784439, 36.45310974, 10.85316372, 39.74495697, 30.58232117, 25.40196991, 30.58232117, 30.58232117, 10.85316372, 10.85316372, 34.56784439, 25.40196991]"
637,"[30.58232117, 25.40196991, 25.40196991, 30.58232117, 20.50147247, 16.35793304, 25.40196991, 25.40196991, 36.45310974, 39.55387878, 30.58232117, 30.58232117, 30.58232117, 10.85316372, 10.85316372, 30.58232117, 36.45310974, 30.58232117, 25.40196991, 25.40196991, 10.85316372, 10.85316372, 10.85316372, 10.85316372, 10.85316372]"
638,"[25.40196991, 25.40196991, 20.50147247, 30.58232117, 20.50147247, 16.35793304, 25.40196991, 25.40196991, 39.55387878, 39.55387878, 30.58232117, 25.40196991, 30.58232117, 10.85316372, 30.58232117, 30.58232117, 36.45310974, 30.58232117, 25.40196991, 25.40196991, 30.58232117, 30.58232117, 10.85316372, 25.40196991, 30.58232117]"
639,"[25.40196991, 25.40196991, 20.50147247, 30.58232117, 20.50147247, 12.86226368, 20.50147247, 25.40196991, 36.45310974, 34.56784439, 30.58232117, 25.40196991, 30.58232117, 10.85316372, 30.58232117, 25.40196991, 36.45310974, 30.58232117, 20.50147247, 25.40196991, 30.58232117, 25.40196991, 30.58232117, 25.40196991, 30.58232117]"
640,"[30.58232117, 25.40196991, 20.50147247, 30.58232117, 20.50147247, 12.86226368, 20.50147247, 25.40196991, 34.56784439, 10.85316372, 30.58232117, 25.40196991, 25.40196991, 10.85316372, 25.40196991, 30.58232117, 36.45310974, 30.58232117, 25.40196991, 25.40196991, 30.58232117, 25.40196991, 10.85316372, 25.40196991, 30.58232117]"
641,"[25.40196991, 25.40196991, 25.40196991, 30.58232117, 20.50147247, 16.35793304, 20.50147247, 25.40196991, 34.56784439, 10.85316372, 25.40196991, 20.50147247, 25.40196991, 10.85316372, 30.58232117, 39.55387878, 36.45310974, 10.85316372, 25.40196991, 25.40196991, 30.58232117, 30.58232117, 10.85316372, 20.50147247, 10.85316372]"
642,"[25.40196991, 25.40196991, 30.58232117, 30.58232117, 20.50147247, 12.86226368, 25.40196991, 25.40196991, 10.85316372, 34.56784439, 25.40196991, 25.40196991, 25.40196991, 10.85316372, 20.50147247, 36.45310974, 34.56784439, 30.58232117, 25.40196991, 25.40196991, 30.58232117, 30.58232117, 10.85316372, 25.40196991, 30.58232117]"
643,"[25.40196991, 25.40196991, 20.50147247, 30.58232117, 20.50147247, 12.86226368, 25.40196991, 20.50147247, 34.56784439, 36.45310974, 20.50147247, 20.50147247, 25.40196991, 10.85316372, 25.40196991, 34.56784439, 10.85316372, 25.40196991, 20.50147247, 20.50147247, 25.40196991, 30.58232117, 30.58232117, 20.50147247, 30.58232117]"
644,"[20.50147247, 20.50147247, 20.50147247, 30.58232117, 20.50147247, 16.35793304, 20.50147247, 20.50147247, 34.56784439, 34.56784439, 20.50147247, 20.50147247, 25.40196991, 10.85316372, 25.40196991, 10.85316372, 30.58232117, 20.50147247, 20.50147247, 20.50147247, 25.40196991, 25.40196991, 30.58232117, 20.50147247, 30.58232117]"
645,"[20.50147247, 20.50147247, 20.50147247, 30.58232117, 20.50147247, 16.35793304, 20.50147247, 20.50147247, 34.56784439, 10.85316372, 20.50147247, 20.50147247, 25.40196991, 10.85316372, 20.50147247, 10.85316372, 10.85316372, 20.50147247, 20.50147247, 20.50147247, 25.40196991, 25.40196991, 10.85316372, 20.50147247, 25.40196991]"
646,"[20.50147247, 20.50147247, 20.50147247, 25.40196991, 25.40196991, 16.35793304, 20.50147247, 20.50147247, 39.55387878, 10.85316372, 20.50147247, 16.35793304, 25.40196991, 10.85316372, 25.40196991, 34.56784439, 30.58232117, 20.50147247, 20.50147247, 20.50147247, 25.40196991, 25.40196991, 10.85316372, 20.50147247, 25.40196991]"
647,"[20.50147247, 20.50147247, 20.50147247, 25.40196991, 10.85316372, 16.35793304, 20.50147247, 20.50147247, 10.85316372, 10.85316372, 20.50147247, 16.35793304, 25.40196991, 34.56784439, 20.50147247, 34.56784439, 10.85316372, 20.50147247, 20.50147247, 20.50147247, 25.40196991, 25.40196991, 30.58232117, 20.50147247, 25.40196991]"
648,"[20.50147247, 20.50147247, 16.35793304, 25.40196991, 30.58232117, 12.86226368, 20.50147247, 20.50147247, 10.85316372, 34.56784439, 20.50147247, 20.50147247, 25.40196991, 10.85316372, 20.50147247, 10.85316372, 10.85316372, 20.50147247, 20.50147247, 20.50147247, 25.40196991, 25.40196991, 30.58232117, 20.50147247, 25.40196991]"
649,"[20.50147247, 20.50147247, 20.50147247, 25.40196991, 20.50147247, 16.35793304, 20.50147247, 20.50147247, 34.56784439, 10.85316372, 20.50147247, 20.50147247, 25.40196991, 10.85316372, 16.35793304, 30.58232117, 10.85316372, 20.50147247, 20.50147247, 20.50147247, 25.40196991, 25.40196991, 30.58232117, 20.50147247, 25.40196991]"
650,"[20.50147247, 20.50147247, 20.50147247, 30.58232117, 20.50147247, 12.86226368, 20.50147247, 20.50147247, 36.45310974, 30.58232117, 20.50147247, 20.50147247, 25.40196991, 10.85316372, 20.50147247, 30.58232117, 10.85316372, 20.50147247, 20.50147247, 20.50147247, 25.40196991, 25.40196991, 30.58232117, 20.50147247, 25.40196991]"
651,"[20.50147247, 20.50147247, 20.50147247, 30.58232117, 20.50147247, 12.86226368, 20.50147247, 20.50147247, 34.56784439, 34.56784439, 20.50147247, 20.50147247, 25.40196991, 10.85316372, 20.50147247, 30.58232117, 10.85316372, 25.40196991, 20.50147247, 20.50147247, 25.40196991, 25.40196991, 30.58232117, 20.50147247, 20.50147247]"
652,"[20.50147247, 25.40196991, 20.50147247, 30.58232117, 20.50147247, 12.86226368, 20.50147247, 20.50147247, 10.85316372, 10.85316372, 20.50147247, 20.50147247, 25.40196991, 10.85316372, 25.40196991, 25.40196991, 10.85316372, 25.40196991, 20.50147247, 20.50147247, 25.40196991, 25.40196991, 30.58232117, 20.50147247, 25.40196991]"
653,"[20.50147247, 25.40196991, 20.50147247, 30.58232117, 20.50147247, 12.86226368, 20.50147247, 20.50147247, 39.55387878, 36.45310974, 20.50147247, 20.50147247, 25.40196991, 10.85316372, 20.50147247, 20.50147247, 10.85316372, 20.50147247, 20.50147247, 20.50147247, 25.40196991, 25.40196991, 30.58232117, 20.50147247, 25.40196991]"
654,"[20.50147247, 20.50147247, 20.50147247, 30.58232117, 20.50147247, 12.86226368, 20.50147247, 20.50147247, 34.56784439, 10.85316372, 20.50147247, 20.50147247, 25.40196991, 30.58232117, 20.50147247, 20.50147247, 30.58232117, 20.50147247, 20.50147247, 20.50147247, 25.40196991, 25.40196991, 30.58232117, 20.50147247, 25.40196991]"
655,"[20.50147247, 20.50147247, 20.50147247, 30.58232117, 20.50147247, 16.35793304, 16.35793304, 20.50147247, 34.56784439, 10.85316372, 25.40196991, 20.50147247, 25.40196991, 30.58232117, 16.35793304, 20.50147247, 30.58232117, 20.50147247, 20.50147247, 20.50147247, 25.40196991, 25.40196991, 30.58232117, 20.50147247, 20.50147247]"
656,"[20.50147247, 20.50147247, 20.50147247, 30.58232117, 20.50147247, 16.35793304, 16.35793304, 25.40196991, 36.45310974, 34.56784439, 25.40196991, 20.50147247, 25.40196991, 30.58232117, 20.50147247, 20.50147247, 30.58232117, 20.50147247, 20.50147247, 20.50147247, 25.40196991, 25.40196991, 25.40196991, 20.50147247, 25.40196991]"
657,"[20.50147247, 20.50147247, 20.50147247, 30.58232117, 20.50147247, 16.35793304, 16.35793304, 20.50147247, 34.56784439, 34.56784439, 20.50147247, 20.50147247, 25.40196991, 30.58232117, 20.50147247, 20.50147247, 10.85316372, 20.50147247, 25.40196991, 16.35793304, 25.40196991, 25.40196991, 25.40196991, 20.50147247, 25.40196991]"
658,"[20.50147247, 20.50147247, 16.35793304, 30.58232117, 16.35793304, 16.35793304, 16.35793304, 25.40196991, 30.58232117, 34.56784439, 20.50147247, 20.50147247, 25.40196991, 30.58232117, 20.50147247, 20.50147247, 30.58232117, 20.50147247, 25.40196991, 16.35793304, 25.40196991, 20.50147247, 25.40196991, 20.50147247, 25.40196991]"
659,"[20.50147247, 20.50147247, 16.35793304, 25.40196991, 16.35793304, 12.86226368, 16.35793304, 20.50147247, 36.45310974, 34.56784439, 20.50147247, 20.50147247, 25.40196991, 30.58232117, 20.50147247, 20.50147247, 30.58232117, 20.50147247, 20.50147247, 16.35793304, 25.40196991, 25.40196991, 30.58232117, 16.35793304, 25.40196991]"
660,"[20.50147247, 10.85316372, 16.35793304, 25.40196991, 16.35793304, 16.35793304, 20.50147247, 20.50147247, 36.45310974, 30.58232117, 20.50147247, 16.35793304, 25.40196991, 30.58232117, 20.50147247, 20.50147247, 30.58232117, 20.50147247, 20.50147247, 16.35793304, 25.40196991, 25.40196991, 30.58232117, 20.50147247, 20.50147247]"
661,"[20.50147247, 20.50147247, 20.50147247, 30.58232117, 16.35793304, 16.35793304, 20.50147247, 20.50147247, 39.55387878, 34.56784439, 20.50147247, 16.35793304, 25.40196991, 30.58232117, 20.50147247, 25.40196991, 10.85316372, 20.50147247, 20.50147247, 16.35793304, 25.40196991, 25.40196991, 30.58232117, 20.50147247, 20.50147247]"
662,"[46.81478119, 20.50147247, 20.50147247, 30.58232117, 16.35793304, 16.35793304, 20.50147247, 20.50147247, 34.56784439, 34.56784439, 20.50147247, 16.35793304, 25.40196991, 30.58232117, 25.40196991, 25.40196991, 10.85316372, 20.50147247, 20.50147247, 20.50147247, 25.40196991, 25.40196991, 10.85316372, 20.50147247, 25.40196991]"
663,"[47.77016068, 20.50147247, 20.50147247, 30.58232117, 16.35793304, 16.35793304, 20.50147247, 20.50147247, 34.56784439, 10.85316372, 20.50147247, 20.50147247, 25.40196991, 30.58232117, 20.50147247, 25.40196991, 10.85316372, 20.50147247, 20.50147247, 20.50147247, 25.40196991, 25.40196991, 10.85316372, 16.35793304, 25.40196991]"
664,"[20.50147247, 20.50147247, 16.35793304, 30.58232117, 16.35793304, 16.35793304, 16.35793304, 20.50147247, 34.56784439, 34.56784439, 20.50147247, 20.50147247, 20.50147247, 30.58232117, 20.50147247, 30.58232117, 10.85316372, 20.50147247, 25.40196991, 20.50147247, 25.40196991, 25.40196991, 30.58232117, 16.35793304, 25.40196991]"
665,"[20.50147247, 20.50147247, 20.50147247, 30.58232117, 16.35793304, 16.35793304, 16.35793304, 20.50147247, 36.45310974, 30.58232117, 20.50147247, 20.50147247, 25.40196991, 30.58232117, 25.40196991, 25.40196991, 30.58232117, 20.50147247, 20.50147247, 20.50147247, 25.40196991, 25.40196991, 25.40196991, 16.35793304, 25.40196991]"
666,"[20.50147247, 20.50147247, 20.50147247, 30.58232117, 16.35793304, 16.35793304, 16.35793304, 20.50147247, 34.56784439, 30.58232117, 20.50147247, 20.50147247, 25.40196991, 30.58232117, 25.40196991, 25.40196991, 30.58232117, 20.50147247, 20.50147247, 20.50147247, 25.40196991, 25.40196991, 25.40196991, 16.35793304, 25.40196991]"
667,"[20.50147247, 16.35793304, 16.35793304, 25.40196991, 16.35793304, 16.35793304, 16.35793304, 20.50147247, 36.45310974, 10.85316372, 20.50147247, 20.50147247, 25.40196991, 30.58232117, 20.50147247, 30.58232117, 30.58232117, 25.40196991, 25.40196991, 20.50147247, 25.40196991, 25.40196991, 25.40196991, 16.35793304, 20.50147247]"
668,"[16.35793304, 16.35793304, 16.35793304, 25.40196991, 16.35793304, 12.86226368, 16.35793304, 16.35793304, 34.56784439, 10.85316372, 20.50147247, 16.35793304, 20.50147247, 30.58232117, 25.40196991, 10.85316372, 10.85316372, 20.50147247, 25.40196991, 20.50147247, 25.40196991, 20.50147247, 25.40196991, 16.35793304, 25.40196991]"
669,"[20.50147247, 16.35793304, 16.35793304, 30.58232117, 16.35793304, 12.86226368, 16.35793304, 16.35793304, 34.56784439, 10.85316372, 20.50147247, 16.35793304, 20.50147247, 30.58232117, 16.35793304, 10.85316372, 30.58232117, 20.50147247, 25.40196991, 20.50147247, 25.40196991, 20.50147247, 30.58232117, 16.35793304, 20.50147247]"
670,"[16.35793304, 16.35793304, 16.35793304, 25.40196991, 16.35793304, 12.86226368, 16.35793304, 16.35793304, 10.85316372, 10.85316372, 20.50147247, 12.86226368, 20.50147247, 25.40196991, 20.50147247, 30.58232117, 30.58232117, 20.50147247, 25.40196991, 16.35793304, 20.50147247, 20.50147247, 25.40196991, 16.35793304, 16.35793304]"
671,"[20.50147247, 16.35793304, 16.35793304, 25.40196991, 16.35793304, 12.86226368, 16.35793304, 16.35793304, 34.56784439, 30.58232117, 16.35793304, 16.35793304, 20.50147247, 25.40196991, 16.35793304, 20.50147247, 30.58232117, 16.35793304, 25.40196991, 16.35793304, 20.50147247, 20.50147247, 25.40196991, 16.35793304, 20.50147247]"
672,"[16.35793304, 16.35793304, 16.35793304, 25.40196991, 20.50147247, 12.86226368, 16.35793304, 16.35793304, 34.56784439, 34.56784439, 16.35793304, 12.86226368, 20.50147247, 25.40196991, 20.50147247, 25.40196991, 30.58232117, 20.50147247, 20.50147247, 16.35793304, 25.40196991, 20.50147247, 30.58232117, 16.35793304, 20.50147247]"
673,"[16.35793304, 16.35793304, 12.86226368, 25.40196991, 10.85316372, 12.86226368, 16.35793304, 16.35793304, 34.56784439, 10.85316372, 20.50147247, 16.35793304, 20.50147247, 30.58232117, 20.50147247, 20.50147247, 30.58232117, 20.50147247, 20.50147247, 16.35793304, 20.50147247, 20.50147247, 25.40196991, 16.35793304, 20.50147247]"
674,"[16.35793304, 16.35793304, 16.35793304, 20.50147247, 34.56784439, 12.86226368, 16.35793304, 16.35793304, 34.56784439, 30.58232117, 16.35793304, 12.86226368, 20.50147247, 30.58232117, 20.50147247, 25.40196991, 30.58232117, 16.35793304, 25.40196991, 16.35793304, 25.40196991, 20.50147247, 25.40196991, 16.35793304, 20.50147247]"
675,"[16.35793304, 16.35793304, 16.35793304, 20.50147247, 10.85316372, 12.86226368, 16.35793304, 16.35793304, 10.85316372, 10.85316372, 16.35793304, 12.86226368, 20.50147247, 10.85316372, 20.50147247, 20.50147247, 30.58232117, 16.35793304, 25.40196991, 16.35793304, 25.40196991, 20.50147247, 30.58232117, 16.35793304, 20.50147247]"
676,"[16.35793304, 12.86226368, 12.86226368, 20.50147247, 25.40196991, 16.35793304, 16.35793304, 16.35793304, 10.85316372, 30.58232117, 16.35793304, 12.86226368, 20.50147247, 10.85316372, 16.35793304, 20.50147247, 30.58232117, 20.50147247, 25.40196991, 16.35793304, 30.58232117, 20.50147247, 25.40196991, 25.40196991, 20.50147247]"
677,"[16.35793304, 16.35793304, 16.35793304, 20.50147247, 34.56784439, 16.35793304, 16.35793304, 16.35793304, 34.56784439, 30.58232117, 20.50147247, 12.86226368, 20.50147247, 10.85316372, 16.35793304, 20.50147247, 10.85316372, 20.50147247, 25.40196991, 16.35793304, 30.58232117, 25.40196991, 25.40196991, 30.58232117, 25.40196991]"
678,"[16.35793304, 16.35793304, 16.35793304, 20.50147247, 10.85316372, 16.35793304, 16.35793304, 16.35793304, 34.56784439, 30.58232117, 20.50147247, 12.86226368, 20.50147247, 10.85316372, 20.50147247, 25.40196991, 10.85316372, 20.50147247, 25.40196991, 16.35793304, 30.58232117, 25.40196991, 30.58232117, 20.50147247, 20.50147247]"
679,"[20.50147247, 16.35793304, 16.35793304, 25.40196991, 30.58232117, 16.35793304, 20.50147247, 16.35793304, 36.45310974, 10.85316372, 20.50147247, 12.86226368, 20.50147247, 30.58232117, 25.40196991, 25.40196991, 34.56784439, 20.50147247, 25.40196991, 16.35793304, 30.58232117, 25.40196991, 30.58232117, 25.40196991, 20.50147247]"
680,"[25.40196991, 16.35793304, 16.35793304, 25.40196991, 30.58232117, 16.35793304, 20.50147247, 20.50147247, 10.85316372, 10.85316372, 25.40196991, 16.35793304, 20.50147247, 10.85316372, 20.50147247, 25.40196991, 34.56784439, 20.50147247, 25.40196991, 20.50147247, 25.40196991, 25.40196991, 30.58232117, 25.40196991, 20.50147247]"
681,"[25.40196991, 16.35793304, 20.50147247, 30.58232117, 34.56784439, 16.35793304, 20.50147247, 20.50147247, 36.45310974, 34.56784439, 25.40196991, 16.35793304, 25.40196991, 10.85316372, 20.50147247, 20.50147247, 34.56784439, 25.40196991, 25.40196991, 20.50147247, 25.40196991, 25.40196991, 25.40196991, 25.40196991, 25.40196991]"
682,"[25.40196991, 20.50147247, 20.50147247, 30.58232117, 20.50147247, 16.35793304, 20.50147247, 20.50147247, 39.55387878, 34.56784439, 25.40196991, 20.50147247, 25.40196991, 10.85316372, 20.50147247, 25.40196991, 34.56784439, 25.40196991, 25.40196991, 20.50147247, 30.58232117, 25.40196991, 10.85316372, 20.50147247, 25.40196991]"
683,"[20.50147247, 20.50147247, 20.50147247, 30.58232117, 16.35793304, 16.35793304, 20.50147247, 20.50147247, 39.55387878, 34.56784439, 25.40196991, 20.50147247, 25.40196991, 30.58232117, 20.50147247, 25.40196991, 34.56784439, 30.58232117, 20.50147247, 25.40196991, 30.58232117, 25.40196991, 25.40196991, 25.40196991, 44.9040184]"
684,"[25.40196991, 20.50147247, 20.50147247, 30.58232117, 10.85316372, 16.35793304, 20.50147247, 20.50147247, 34.56784439, 34.56784439, 20.50147247, 20.50147247, 20.50147247, 30.58232117, 25.40196991, 25.40196991, 34.56784439, 25.40196991, 20.50147247, 25.40196991, 30.58232117, 30.58232117, 10.85316372, 20.50147247, 43.75756073]"
685,"[25.40196991, 20.50147247, 20.50147247, 30.58232117, 20.50147247, 16.35793304, 20.50147247, 20.50147247, 34.56784439, 30.58232117, 20.50147247, 20.50147247, 20.50147247, 30.58232117, 25.40196991, 30.58232117, 10.85316372, 20.50147247, 20.50147247, 10.85316372, 25.40196991, 16.35793304, 10.85316372, 20.50147247, 25.40196991]"
686,"[25.40196991, 25.40196991, 20.50147247, 30.58232117, 20.50147247, 16.35793304, 20.50147247, 20.50147247, 34.56784439, 34.56784439, 20.50147247, 20.50147247, 20.50147247, 30.58232117, 25.40196991, 25.40196991, 10.85316372, 20.50147247, 20.50147247, 16.35793304, 25.40196991, 16.35793304, 30.58232117, 20.50147247, 30.58232117]"
687,"[20.50147247, 20.50147247, 20.50147247, 30.58232117, 20.50147247, 45.85939789, 20.50147247, 20.50147247, 34.56784439, 10.85316372, 20.50147247, 20.50147247, 20.50147247, 30.58232117, 25.40196991, 25.40196991, 10.85316372, 20.50147247, 20.50147247, 20.50147247, 30.58232117, 16.35793304, 30.58232117, 16.35793304, 20.50147247]"
688,"[20.50147247, 20.50147247, 20.50147247, 10.85316372, 20.50147247, 16.35793304, 20.50147247, 20.50147247, 36.45310974, 10.85316372, 20.50147247, 20.50147247, 25.40196991, 30.58232117, 20.50147247, 25.40196991, 10.85316372, 25.40196991, 20.50147247, 20.50147247, 30.58232117, 16.35793304, 25.40196991, 16.35793304, 20.50147247]"
689,"[20.50147247, 20.50147247, 16.35793304, 30.58232117, 20.50147247, 16.35793304, 20.50147247, 16.35793304, 10.85316372, 10.85316372, 20.50147247, 20.50147247, 25.40196991, 10.85316372, 20.50147247, 25.40196991, 30.58232117, 20.50147247, 20.50147247, 16.35793304, 25.40196991, 16.35793304, 25.40196991, 16.35793304, 25.40196991]"
690,"[16.35793304, 16.35793304, 16.35793304, 25.40196991, 16.35793304, 16.35793304, 16.35793304, 16.35793304, 34.56784439, 10.85316372, 16.35793304, 16.35793304, 25.40196991, 30.58232117, 12.86226368, 30.58232117, 30.58232117, 16.35793304, 20.50147247, 16.35793304, 20.50147247, 16.35793304, 30.58232117, 20.50147247, 20.50147247]"
691,"[16.35793304, 16.35793304, 16.35793304, 25.40196991, 16.35793304, 16.35793304, 16.35793304, 16.35793304, 34.56784439, 10.85316372, 16.35793304, 16.35793304, 20.50147247, 25.40196991, 20.50147247, 34.56784439, 30.58232117, 16.35793304, 20.50147247, 16.35793304, 20.50147247, 16.35793304, 30.58232117, 20.50147247, 16.35793304]"
692,"[16.35793304, 20.50147247, 16.35793304, 25.40196991, 16.35793304, 16.35793304, 16.35793304, 16.35793304, 34.56784439, 10.85316372, 20.50147247, 16.35793304, 20.50147247, 30.58232117, 20.50147247, 36.45310974, 30.58232117, 20.50147247, 20.50147247, 16.35793304, 25.40196991, 16.35793304, 30.58232117, 20.50147247, 25.40196991]"
693,"[20.50147247, 20.50147247, 16.35793304, 25.40196991, 25.40196991, 16.35793304, 16.35793304, 16.35793304, 10.85316372, 10.85316372, 20.50147247, 16.35793304, 20.50147247, 30.58232117, 25.40196991, 36.45310974, 30.58232117, 20.50147247, 20.50147247, 16.35793304, 25.40196991, 16.35793304, 10.85316372, 16.35793304, 20.50147247]"
694,"[20.50147247, 20.50147247, 20.50147247, 25.40196991, 10.85316372, 16.35793304, 16.35793304, 16.35793304, 34.56784439, 30.58232117, 20.50147247, 16.35793304, 20.50147247, 10.85316372, 16.35793304, 25.40196991, 30.58232117, 25.40196991, 20.50147247, 16.35793304, 25.40196991, 16.35793304, 20.50147247, 16.35793304, 20.50147247]"
695,"[20.50147247, 20.50147247, 16.35793304, 25.40196991, 25.40196991, 16.35793304, 16.35793304, 16.35793304, 25.40196991, 10.85316372, 20.50147247, 16.35793304, 20.50147247, 10.85316372, 20.50147247, 20.50147247, 10.85316372, 20.50147247, 25.40196991, 16.35793304, 25.40196991, 16.35793304, 30.58232117, 20.50147247, 20.50147247]"
696,"[20.50147247, 20.50147247, 16.35793304, 25.40196991, 30.58232117, 16.35793304, 16.35793304, 16.35793304, 10.85316372, 30.58232117, 20.50147247, 12.86226368, 20.50147247, 10.85316372, 20.50147247, 20.50147247, 30.58232117, 20.50147247, 25.40196991, 16.35793304, 25.40196991, 16.35793304, 25.40196991, 16.35793304, 20.50147247]"
697,"[20.50147247, 20.50147247, 16.35793304, 20.50147247, 30.58232117, 16.35793304, 16.35793304, 16.35793304, 34.56784439, 10.85316372, 20.50147247, 12.86226368, 20.50147247, 30.58232117, 20.50147247, 20.50147247, 30.58232117, 20.50147247, 25.40196991, 16.35793304, 25.40196991, 16.35793304, 25.40196991, 16.35793304, 25.40196991]"
698,"[20.50147247, 20.50147247, 12.86226368, 25.40196991, 34.56784439, 16.35793304, 16.35793304, 16.35793304, 34.56784439, 10.85316372, 20.50147247, 12.86226368, 20.50147247, 30.58232117, 16.35793304, 20.50147247, 10.85316372, 20.50147247, 20.50147247, 16.35793304, 25.40196991, 16.35793304, 25.40196991, 16.35793304, 20.50147247]"
699,"[20.50147247, 16.35793304, 16.35793304, 25.40196991, 30.58232117, 16.35793304, 16.35793304, 16.35793304, 34.56784439, 30.58232117, 20.50147247, 12.86226368, 20.50147247, 25.40196991, 20.50147247, 25.40196991, 10.85316372, 16.35793304, 25.40196991, 16.35793304, 25.40196991, 16.35793304, 25.40196991, 16.35793304, 20.50147247]"
700,"[20.50147247, 20.50147247, 16.35793304, 25.40196991, 20.50147247, 16.35793304, 16.35793304, 16.35793304, 34.56784439, 34.56784439, 20.50147247, 16.35793304, 20.50147247, 25.40196991, 20.50147247, 25.40196991, 30.58232117, 20.50147247, 25.40196991, 16.35793304, 25.40196991, 16.35793304, 10.85316372, 16.35793304, 20.50147247]"
701,"[20.50147247, 20.50147247, 16.35793304, 25.40196991, 20.50147247, 16.35793304, 16.35793304, 16.35793304, 10.85316372, 30.58232117, 20.50147247, 12.86226368, 20.50147247, 30.58232117, 16.35793304, 20.50147247, 10.85316372, 20.50147247, 25.40196991, 16.35793304, 25.40196991, 16.35793304, 30.58232117, 16.35793304, 20.50147247]"
702,"[20.50147247, 20.50147247, 16.35793304, 25.40196991, 20.50147247, 16.35793304, 16.35793304, 16.35793304, 39.55387878, 30.58232117, 20.50147247, 12.86226368, 20.50147247, 30.58232117, 20.50147247, 20.50147247, 30.58232117, 20.50147247, 25.40196991, 16.35793304, 25.40196991, 16.35793304, 30.58232117, 16.35793304, 20.50147247]"
703,"[20.50147247, 20.50147247, 20.50147247, 25.40196991, 20.50147247, 20.50147247, 16.35793304, 16.35793304, 36.45310974, 10.85316372, 20.50147247, 16.35793304, 20.50147247, 30.58232117, 25.40196991, 20.50147247, 30.58232117, 20.50147247, 25.40196991, 16.35793304, 25.40196991, 16.35793304, 25.40196991, 16.35793304, 20.50147247]"
704,"[20.50147247, 20.50147247, 20.50147247, 30.58232117, 16.35793304, 20.50147247, 16.35793304, 16.35793304, 36.45310974, 30.58232117, 20.50147247, 12.86226368, 20.50147247, 30.58232117, 20.50147247, 20.50147247, 10.85316372, 20.50147247, 20.50147247, 16.35793304, 25.40196991, 16.35793304, 30.58232117, 16.35793304, 20.50147247]"
705,"[20.50147247, 20.50147247, 20.50147247, 30.58232117, 20.50147247, 20.50147247, 16.35793304, 20.50147247, 34.56784439, 10.85316372, 20.50147247, 16.35793304, 25.40196991, 30.58232117, 16.35793304, 25.40196991, 10.85316372, 20.50147247, 20.50147247, 20.50147247, 30.58232117, 16.35793304, 25.40196991, 16.35793304, 16.35793304]"
706,"[20.50147247, 20.50147247, 16.35793304, 30.58232117, 20.50147247, 16.35793304, 16.35793304, 20.50147247, 34.56784439, 34.56784439, 20.50147247, 20.50147247, 25.40196991, 30.58232117, 25.40196991, 20.50147247, 34.56784439, 25.40196991, 25.40196991, 20.50147247, 30.58232117, 16.35793304, 25.40196991, 16.35793304, 20.50147247]"
707,"[20.50147247, 25.40196991, 16.35793304, 30.58232117, 20.50147247, 16.35793304, 16.35793304, 20.50147247, 10.85316372, 30.58232117, 20.50147247, 20.50147247, 25.40196991, 30.58232117, 25.40196991, 25.40196991, 34.56784439, 25.40196991, 25.40196991, 20.50147247, 30.58232117, 16.35793304, 10.85316372, 16.35793304, 25.40196991]"
708,"[20.50147247, 25.40196991, 20.50147247, 30.58232117, 20.50147247, 16.35793304, 20.50147247, 20.50147247, 10.85316372, 34.56784439, 20.50147247, 20.50147247, 25.40196991, 30.58232117, 25.40196991, 25.40196991, 34.56784439, 20.50147247, 25.40196991, 20.50147247, 30.58232117, 16.35793304, 25.40196991, 16.35793304, 20.50147247]"
709,"[20.50147247, 25.40196991, 20.50147247, 30.58232117, 20.50147247, 16.35793304, 16.35793304, 20.50147247, 34.56784439, 10.85316372, 20.50147247, 20.50147247, 25.40196991, 30.58232117, 25.40196991, 25.40196991, 34.56784439, 20.50147247, 20.50147247, 20.50147247, 30.58232117, 16.35793304, 30.58232117, 20.50147247, 20.50147247]"
710,"[25.40196991, 25.40196991, 20.50147247, 30.58232117, 20.50147247, 16.35793304, 16.35793304, 20.50147247, 34.56784439, 10.85316372, 25.40196991, 20.50147247, 25.40196991, 30.58232117, 25.40196991, 25.40196991, 34.56784439, 20.50147247, 20.50147247, 20.50147247, 25.40196991, 16.35793304, 30.58232117, 20.50147247, 25.40196991]"
711,"[25.40196991, 20.50147247, 20.50147247, 30.58232117, 16.35793304, 16.35793304, 16.35793304, 20.50147247, 34.56784439, 34.56784439, 25.40196991, 20.50147247, 25.40196991, 30.58232117, 25.40196991, 20.50147247, 10.85316372, 20.50147247, 20.50147247, 16.35793304, 25.40196991, 16.35793304, 30.58232117, 16.35793304, 25.40196991]"
712,"[20.50147247, 20.50147247, 16.35793304, 25.40196991, 20.50147247, 16.35793304, 16.35793304, 20.50147247, 34.56784439, 10.85316372, 20.50147247, 16.35793304, 25.40196991, 30.58232117, 20.50147247, 20.50147247, 30.58232117, 20.50147247, 20.50147247, 16.35793304, 25.40196991, 16.35793304, 10.85316372, 16.35793304, 20.50147247]"
713,"[20.50147247, 20.50147247, 16.35793304, 25.40196991, 20.50147247, 16.35793304, 20.50147247, 20.50147247, 36.45310974, 30.58232117, 20.50147247, 16.35793304, 20.50147247, 10.85316372, 20.50147247, 20.50147247, 30.58232117, 16.35793304, 20.50147247, 16.35793304, 25.40196991, 16.35793304, 30.58232117, 16.35793304, 25.40196991]"
714,"[20.50147247, 20.50147247, 16.35793304, 25.40196991, 20.50147247, 16.35793304, 16.35793304, 20.50147247, 36.45310974, 10.85316372, 20.50147247, 16.35793304, 25.40196991, 30.58232117, 16.35793304, 20.50147247, 30.58232117, 20.50147247, 20.50147247, 16.35793304, 25.40196991, 16.35793304, 10.85316372, 16.35793304, 16.35793304]"
715,"[20.50147247, 20.50147247, 16.35793304, 25.40196991, 16.35793304, 16.35793304, 16.35793304, 20.50147247, 34.56784439, 10.85316372, 20.50147247, 16.35793304, 25.40196991, 30.58232117, 16.35793304, 20.50147247, 30.58232117, 20.50147247, 20.50147247, 16.35793304, 20.50147247, 16.35793304, 30.58232117, 16.35793304, 16.35793304]"
716,"[20.50147247, 20.50147247, 16.35793304, 25.40196991, 16.35793304, 16.35793304, 16.35793304, 20.50147247, 34.56784439, 10.85316372, 20.50147247, 16.35793304, 25.40196991, 30.58232117, 25.40196991, 20.50147247, 30.58232117, 20.50147247, 20.50147247, 16.35793304, 20.50147247, 16.35793304, 25.40196991, 16.35793304, 20.50147247]"
717,"[20.50147247, 16.35793304, 16.35793304, 25.40196991, 16.35793304, 16.35793304, 16.35793304, 20.50147247, 36.45310974, 34.56784439, 20.50147247, 20.50147247, 20.50147247, 25.40196991, 16.35793304, 20.50147247, 30.58232117, 20.50147247, 20.50147247, 16.35793304, 20.50147247, 16.35793304, 30.58232117, 16.35793304, 20.50147247]"
718,"[16.35793304, 16.35793304, 16.35793304, 25.40196991, 16.35793304, 16.35793304, 16.35793304, 20.50147247, 36.45310974, 30.58232117, 16.35793304, 16.35793304, 20.50147247, 30.58232117, 16.35793304, 16.35793304, 25.40196991, 16.35793304, 20.50147247, 16.35793304, 20.50147247, 16.35793304, 25.40196991, 16.35793304, 20.50147247]"
719,"[16.35793304, 16.35793304, 16.35793304, 20.50147247, 12.86226368, 16.35793304, 16.35793304, 16.35793304, 36.45310974, 10.85316372, 16.35793304, 16.35793304, 20.50147247, 25.40196991, 16.35793304, 16.35793304, 25.40196991, 12.86226368, 20.50147247, 16.35793304, 20.50147247, 16.35793304, 30.58232117, 16.35793304, 16.35793304]"
720,"[16.35793304, 16.35793304, 12.86226368, 20.50147247, 12.86226368, 16.35793304, 16.35793304, 16.35793304, 10.85316372, 10.85316372, 16.35793304, 16.35793304, 20.50147247, 25.40196991, 16.35793304, 16.35793304, 25.40196991, 16.35793304, 20.50147247, 16.35793304, 20.50147247, 16.35793304, 25.40196991, 12.86226368, 20.50147247]"
721,"[16.35793304, 16.35793304, 12.86226368, 20.50147247, 12.86226368, 16.35793304, 12.86226368, 16.35793304, 10.85316372, 30.58232117, 16.35793304, 16.35793304, 20.50147247, 25.40196991, 16.35793304, 16.35793304, 25.40196991, 16.35793304, 20.50147247, 12.86226368, 20.50147247, 16.35793304, 25.40196991, 12.86226368, 16.35793304]"
722,"[16.35793304, 12.86226368, 12.86226368, 20.50147247, 12.86226368, 16.35793304, 16.35793304, 16.35793304, 36.45310974, 10.85316372, 16.35793304, 12.86226368, 20.50147247, 25.40196991, 16.35793304, 16.35793304, 25.40196991, 16.35793304, 20.50147247, 12.86226368, 20.50147247, 16.35793304, 10.85316372, 12.86226368, 20.50147247]"
723,"[16.35793304, 16.35793304, 12.86226368, 20.50147247, 12.86226368, 16.35793304, 16.35793304, 16.35793304, 10.85316372, 30.58232117, 16.35793304, 12.86226368, 20.50147247, 25.40196991, 16.35793304, 16.35793304, 25.40196991, 16.35793304, 20.50147247, 12.86226368, 20.50147247, 16.35793304, 25.40196991, 12.86226368, 20.50147247]"
724,"[16.35793304, 12.86226368, 12.86226368, 20.50147247, 12.86226368, 16.35793304, 12.86226368, 16.35793304, 30.58232117, 30.58232117, 16.35793304, 12.86226368, 20.50147247, 25.40196991, 16.35793304, 16.35793304, 25.40196991, 16.35793304, 20.50147247, 16.35793304, 20.50147247, 16.35793304, 30.58232117, 12.86226368, 20.50147247]"
725,"[16.35793304, 16.35793304, 16.35793304, 20.50147247, 12.86226368, 20.50147247, 12.86226368, 16.35793304, 34.56784439, 30.58232117, 16.35793304, 16.35793304, 20.50147247, 25.40196991, 16.35793304, 16.35793304, 25.40196991, 16.35793304, 20.50147247, 12.86226368, 20.50147247, 16.35793304, 25.40196991, 16.35793304, 16.35793304]"
726,"[16.35793304, 16.35793304, 16.35793304, 20.50147247, 12.86226368, 16.35793304, 12.86226368, 16.35793304, 36.45310974, 10.85316372, 16.35793304, 16.35793304, 20.50147247, 25.40196991, 16.35793304, 20.50147247, 25.40196991, 16.35793304, 20.50147247, 16.35793304, 20.50147247, 16.35793304, 25.40196991, 12.86226368, 20.50147247]"
727,"[16.35793304, 16.35793304, 16.35793304, 20.50147247, 12.86226368, 16.35793304, 16.35793304, 20.50147247, 36.45310974, 30.58232117, 16.35793304, 16.35793304, 20.50147247, 25.40196991, 16.35793304, 20.50147247, 30.58232117, 16.35793304, 20.50147247, 16.35793304, 20.50147247, 16.35793304, 10.85316372, 16.35793304, 25.40196991]"
728,"[16.35793304, 16.35793304, 12.86226368, 20.50147247, 12.86226368, 16.35793304, 16.35793304, 20.50147247, 10.85316372, 10.85316372, 16.35793304, 16.35793304, 20.50147247, 25.40196991, 16.35793304, 20.50147247, 25.40196991, 16.35793304, 20.50147247, 16.35793304, 20.50147247, 16.35793304, 25.40196991, 16.35793304, 25.40196991]"
729,"[16.35793304, 16.35793304, 12.86226368, 20.50147247, 12.86226368, 16.35793304, 12.86226368, 20.50147247, 10.85316372, 10.85316372, 16.35793304, 16.35793304, 20.50147247, 25.40196991, 12.86226368, 25.40196991, 25.40196991, 12.86226368, 20.50147247, 12.86226368, 20.50147247, 16.35793304, 25.40196991, 12.86226368, 20.50147247]"
730,"[16.35793304, 16.35793304, 12.86226368, 20.50147247, 12.86226368, 16.35793304, 12.86226368, 20.50147247, 34.56784439, 10.85316372, 16.35793304, 16.35793304, 20.50147247, 25.40196991, 16.35793304, 25.40196991, 25.40196991, 16.35793304, 20.50147247, 12.86226368, 20.50147247, 16.35793304, 30.58232117, 16.35793304, 20.50147247]"
731,"[16.35793304, 16.35793304, 12.86226368, 20.50147247, 12.86226368, 16.35793304, 12.86226368, 16.35793304, 34.56784439, 10.85316372, 16.35793304, 16.35793304, 20.50147247, 25.40196991, 16.35793304, 25.40196991, 25.40196991, 16.35793304, 20.50147247, 16.35793304, 20.50147247, 16.35793304, 25.40196991, 16.35793304, 20.50147247]"
732,"[16.35793304, 16.35793304, 16.35793304, 20.50147247, 12.86226368, 16.35793304, 12.86226368, 20.50147247, 34.56784439, 10.85316372, 16.35793304, 16.35793304, 20.50147247, 25.40196991, 16.35793304, 30.58232117, 25.40196991, 16.35793304, 20.50147247, 16.35793304, 20.50147247, 16.35793304, 25.40196991, 12.86226368, 20.50147247]"
733,"[16.35793304, 16.35793304, 16.35793304, 20.50147247, 12.86226368, 16.35793304, 12.86226368, 20.50147247, 10.85316372, 10.85316372, 16.35793304, 16.35793304, 20.50147247, 25.40196991, 16.35793304, 25.40196991, 25.40196991, 16.35793304, 20.50147247, 16.35793304, 20.50147247, 16.35793304, 25.40196991, 12.86226368, 20.50147247]"
734,"[16.35793304, 16.35793304, 12.86226368, 25.40196991, 16.35793304, 16.35793304, 12.86226368, 20.50147247, 10.85316372, 30.58232117, 16.35793304, 16.35793304, 25.40196991, 25.40196991, 16.35793304, 25.40196991, 25.40196991, 16.35793304, 20.50147247, 16.35793304, 20.50147247, 16.35793304, 30.58232117, 12.86226368, 20.50147247]"
735,"[16.35793304, 20.50147247, 16.35793304, 25.40196991, 16.35793304, 16.35793304, 16.35793304, 20.50147247, 10.85316372, 10.85316372, 16.35793304, 16.35793304, 25.40196991, 25.40196991, 12.86226368, 20.50147247, 30.58232117, 16.35793304, 20.50147247, 16.35793304, 20.50147247, 16.35793304, 25.40196991, 12.86226368, 20.50147247]"
736,"[16.35793304, 20.50147247, 16.35793304, 25.40196991, 16.35793304, 16.35793304, 16.35793304, 20.50147247, 10.85316372, 30.58232117, 20.50147247, 16.35793304, 25.40196991, 30.58232117, 16.35793304, 20.50147247, 30.58232117, 16.35793304, 20.50147247, 16.35793304, 25.40196991, 16.35793304, 30.58232117, 16.35793304, 16.35793304]"
737,"[16.35793304, 20.50147247, 16.35793304, 25.40196991, 16.35793304, 16.35793304, 16.35793304, 20.50147247, 34.56784439, 30.58232117, 20.50147247, 16.35793304, 25.40196991, 25.40196991, 20.50147247, 20.50147247, 30.58232117, 16.35793304, 25.40196991, 16.35793304, 25.40196991, 16.35793304, 30.58232117, 16.35793304, 20.50147247]"
738,"[16.35793304, 16.35793304, 16.35793304, 25.40196991, 25.40196991, 16.35793304, 16.35793304, 20.50147247, 34.56784439, 10.85316372, 20.50147247, 20.50147247, 25.40196991, 30.58232117, 25.40196991, 20.50147247, 30.58232117, 20.50147247, 25.40196991, 16.35793304, 25.40196991, 16.35793304, 25.40196991, 16.35793304, 20.50147247]"
739,"[16.35793304, 16.35793304, 16.35793304, 25.40196991, 30.58232117, 16.35793304, 16.35793304, 20.50147247, 10.85316372, 10.85316372, 16.35793304, 16.35793304, 25.40196991, 25.40196991, 20.50147247, 20.50147247, 30.58232117, 16.35793304, 20.50147247, 16.35793304, 25.40196991, 16.35793304, 30.58232117, 16.35793304, 20.50147247]"
740,"[16.35793304, 20.50147247, 16.35793304, 25.40196991, 16.35793304, 16.35793304, 16.35793304, 20.50147247, 36.45310974, 10.85316372, 20.50147247, 16.35793304, 25.40196991, 25.40196991, 20.50147247, 20.50147247, 30.58232117, 16.35793304, 20.50147247, 16.35793304, 25.40196991, 16.35793304, 25.40196991, 16.35793304, 20.50147247]"
741,"[20.50147247, 16.35793304, 16.35793304, 30.58232117, 16.35793304, 20.50147247, 16.35793304, 20.50147247, 10.85316372, 34.56784439, 20.50147247, 16.35793304, 25.40196991, 25.40196991, 20.50147247, 25.40196991, 30.58232117, 16.35793304, 20.50147247, 16.35793304, 25.40196991, 16.35793304, 10.85316372, 16.35793304, 20.50147247]"
742,"[20.50147247, 20.50147247, 16.35793304, 30.58232117, 16.35793304, 20.50147247, 16.35793304, 20.50147247, 36.45310974, 10.85316372, 20.50147247, 16.35793304, 25.40196991, 25.40196991, 25.40196991, 20.50147247, 30.58232117, 20.50147247, 20.50147247, 16.35793304, 25.40196991, 20.50147247, 30.58232117, 16.35793304, 20.50147247]"
743,"[20.50147247, 16.35793304, 16.35793304, 25.40196991, 16.35793304, 20.50147247, 16.35793304, 20.50147247, 34.56784439, 30.58232117, 20.50147247, 16.35793304, 25.40196991, 25.40196991, 20.50147247, 20.50147247, 30.58232117, 16.35793304, 20.50147247, 16.35793304, 25.40196991, 20.50147247, 25.40196991, 16.35793304, 20.50147247]"
744,"[16.35793304, 16.35793304, 16.35793304, 20.50147247, 12.86226368, 20.50147247, 16.35793304, 20.50147247, 34.56784439, 10.85316372, 16.35793304, 16.35793304, 20.50147247, 25.40196991, 20.50147247, 16.35793304, 25.40196991, 16.35793304, 20.50147247, 16.35793304, 20.50147247, 16.35793304, 25.40196991, 16.35793304, 20.50147247]"
745,"[16.35793304, 16.35793304, 12.86226368, 20.50147247, 12.86226368, 16.35793304, 12.86226368, 16.35793304, 34.56784439, 30.58232117, 16.35793304, 16.35793304, 20.50147247, 25.40196991, 16.35793304, 16.35793304, 25.40196991, 16.35793304, 20.50147247, 16.35793304, 20.50147247, 16.35793304, 25.40196991, 12.86226368, 20.50147247]"
746,"[16.35793304, 12.86226368, 12.86226368, 20.50147247, 12.86226368, 16.35793304, 16.35793304, 16.35793304, 34.56784439, 25.40196991, 16.35793304, 16.35793304, 20.50147247, 25.40196991, 16.35793304, 20.50147247, 25.40196991, 16.35793304, 20.50147247, 12.86226368, 20.50147247, 16.35793304, 25.40196991, 16.35793304, 20.50147247]"
747,"[16.35793304, 16.35793304, 12.86226368, 25.40196991, 12.86226368, 20.50147247, 12.86226368, 16.35793304, 34.56784439, 25.40196991, 16.35793304, 16.35793304, 20.50147247, 25.40196991, 20.50147247, 25.40196991, 25.40196991, 16.35793304, 20.50147247, 16.35793304, 20.50147247, 16.35793304, 25.40196991, 16.35793304, 20.50147247]"
748,"[16.35793304, 16.35793304, 12.86226368, 20.50147247, 12.86226368, 20.50147247, 12.86226368, 16.35793304, 34.56784439, 30.58232117, 16.35793304, 16.35793304, 20.50147247, 25.40196991, 16.35793304, 10.85316372, 30.58232117, 16.35793304, 20.50147247, 16.35793304, 20.50147247, 16.35793304, 30.58232117, 16.35793304, 20.50147247]"
749,"[20.50147247, 16.35793304, 16.35793304, 25.40196991, 12.86226368, 20.50147247, 16.35793304, 16.35793304, 10.85316372, 30.58232117, 16.35793304, 16.35793304, 20.50147247, 25.40196991, 20.50147247, 25.40196991, 30.58232117, 16.35793304, 20.50147247, 16.35793304, 20.50147247, 16.35793304, 25.40196991, 16.35793304, 20.50147247]"
750,"[16.35793304, 16.35793304, 16.35793304, 25.40196991, 12.86226368, 20.50147247, 16.35793304, 16.35793304, 10.85316372, 34.56784439, 16.35793304, 16.35793304, 20.50147247, 30.58232117, 20.50147247, 30.58232117, 30.58232117, 16.35793304, 20.50147247, 12.86226368, 25.40196991, 16.35793304, 25.40196991, 16.35793304, 20.50147247]"
751,"[16.35793304, 16.35793304, 16.35793304, 25.40196991, 12.86226368, 20.50147247, 16.35793304, 16.35793304, 36.45310974, 10.85316372, 16.35793304, 16.35793304, 20.50147247, 25.40196991, 20.50147247, 25.40196991, 30.58232117, 16.35793304, 25.40196991, 16.35793304, 20.50147247, 16.35793304, 25.40196991, 16.35793304, 20.50147247]"
752,"[16.35793304, 16.35793304, 12.86226368, 20.50147247, 30.58232117, 20.50147247, 16.35793304, 16.35793304, 34.56784439, 30.58232117, 20.50147247, 16.35793304, 20.50147247, 30.58232117, 20.50147247, 10.85316372, 30.58232117, 20.50147247, 20.50147247, 16.35793304, 20.50147247, 16.35793304, 30.58232117, 16.35793304, 20.50147247]"
753,"[20.50147247, 20.50147247, 16.35793304, 20.50147247, 10.85316372, 20.50147247, 16.35793304, 16.35793304, 34.56784439, 30.58232117, 16.35793304, 16.35793304, 20.50147247, 30.58232117, 20.50147247, 30.58232117, 39.55387878, 25.40196991, 20.50147247, 16.35793304, 20.50147247, 16.35793304, 30.58232117, 25.40196991, 16.35793304]"
754,"[16.35793304, 16.35793304, 12.86226368, 20.50147247, 10.85316372, 20.50147247, 16.35793304, 16.35793304, 34.56784439, 30.58232117, 16.35793304, 16.35793304, 20.50147247, 10.85316372, 16.35793304, 20.50147247, 34.56784439, 20.50147247, 20.50147247, 16.35793304, 30.58232117, 16.35793304, 25.40196991, 16.35793304, 20.50147247]"
755,"[20.50147247, 16.35793304, 12.86226368, 20.50147247, 10.85316372, 20.50147247, 16.35793304, 16.35793304, 34.56784439, 25.40196991, 16.35793304, 12.86226368, 20.50147247, 10.85316372, 20.50147247, 16.35793304, 10.85316372, 16.35793304, 20.50147247, 16.35793304, 25.40196991, 20.50147247, 20.50147247, 25.40196991, 20.50147247]"
756,"[16.35793304, 16.35793304, 12.86226368, 25.40196991, 10.85316372, 20.50147247, 16.35793304, 16.35793304, 10.85316372, 30.58232117, 16.35793304, 12.86226368, 20.50147247, 30.58232117, 16.35793304, 20.50147247, 10.85316372, 20.50147247, 20.50147247, 16.35793304, 25.40196991, 20.50147247, 30.58232117, 16.35793304, 20.50147247]"
757,"[16.35793304, 16.35793304, 16.35793304, 25.40196991, 25.40196991, 20.50147247, 16.35793304, 16.35793304, 10.85316372, 10.85316372, 16.35793304, 12.86226368, 20.50147247, 30.58232117, 25.40196991, 20.50147247, 10.85316372, 20.50147247, 20.50147247, 16.35793304, 25.40196991, 20.50147247, 25.40196991, 20.50147247, 25.40196991]"
758,"[16.35793304, 20.50147247, 12.86226368, 25.40196991, 20.50147247, 20.50147247, 16.35793304, 16.35793304, 10.85316372, 30.58232117, 16.35793304, 12.86226368, 20.50147247, 25.40196991, 16.35793304, 20.50147247, 10.85316372, 20.50147247, 25.40196991, 16.35793304, 25.40196991, 20.50147247, 25.40196991, 16.35793304, 16.35793304]"
759,"[16.35793304, 16.35793304, 12.86226368, 25.40196991, 25.40196991, 20.50147247, 16.35793304, 16.35793304, 10.85316372, 34.56784439, 16.35793304, 12.86226368, 20.50147247, 30.58232117, 25.40196991, 20.50147247, 30.58232117, 20.50147247, 20.50147247, 20.50147247, 25.40196991, 20.50147247, 30.58232117, 16.35793304, 20.50147247]"
760,"[16.35793304, 16.35793304, 16.35793304, 30.58232117, 20.50147247, 20.50147247, 16.35793304, 16.35793304, 10.85316372, 30.58232117, 16.35793304, 12.86226368, 20.50147247, 30.58232117, 20.50147247, 20.50147247, 10.85316372, 20.50147247, 20.50147247, 20.50147247, 25.40196991, 20.50147247, 25.40196991, 16.35793304, 16.35793304]"
761,"[16.35793304, 20.50147247, 16.35793304, 36.45310974, 25.40196991, 25.40196991, 16.35793304, 16.35793304, 34.56784439, 30.58232117, 20.50147247, 12.86226368, 20.50147247, 30.58232117, 25.40196991, 20.50147247, 10.85316372, 20.50147247, 20.50147247, 20.50147247, 30.58232117, 20.50147247, 25.40196991, 20.50147247, 20.50147247]"
762,"[20.50147247, 20.50147247, 20.50147247, 39.55387878, 30.58232117, 25.40196991, 16.35793304, 16.35793304, 36.45310974, 25.40196991, 20.50147247, 16.35793304, 20.50147247, 30.58232117, 20.50147247, 20.50147247, 10.85316372, 20.50147247, 20.50147247, 20.50147247, 30.58232117, 20.50147247, 25.40196991, 20.50147247, 20.50147247]"
763,"[20.50147247, 25.40196991, 20.50147247, 34.56784439, 25.40196991, 25.40196991, 20.50147247, 20.50147247, 39.55387878, 30.58232117, 20.50147247, 16.35793304, 25.40196991, 30.58232117, 20.50147247, 25.40196991, 10.85316372, 25.40196991, 20.50147247, 20.50147247, 30.58232117, 20.50147247, 25.40196991, 20.50147247, 20.50147247]"
764,"[25.40196991, 25.40196991, 25.40196991, 10.85316372, 20.50147247, 30.58232117, 20.50147247, 20.50147247, 39.55387878, 34.56784439, 20.50147247, 20.50147247, 25.40196991, 10.85316372, 25.40196991, 25.40196991, 34.56784439, 25.40196991, 20.50147247, 25.40196991, 30.58232117, 20.50147247, 30.58232117, 25.40196991, 20.50147247]"
765,"[30.58232117, 30.58232117, 25.40196991, 10.85316372, 25.40196991, 30.58232117, 25.40196991, 20.50147247, 39.74495697, 30.58232117, 25.40196991, 25.40196991, 30.58232117, 10.85316372, 30.58232117, 25.40196991, 36.45310974, 30.58232117, 25.40196991, 30.58232117, 10.85316372, 25.40196991, 30.58232117, 25.40196991, 25.40196991]"
766,"[30.58232117, 30.58232117, 25.40196991, 10.85316372, 25.40196991, 30.58232117, 20.50147247, 25.40196991, 36.45310974, 30.58232117, 25.40196991, 25.40196991, 30.58232117, 10.85316372, 25.40196991, 25.40196991, 36.45310974, 25.40196991, 25.40196991, 25.40196991, 30.58232117, 25.40196991, 30.58232117, 25.40196991, 25.40196991]"
767,"[25.40196991, 25.40196991, 20.50147247, 30.58232117, 20.50147247, 25.40196991, 20.50147247, 20.50147247, 34.56784439, 10.85316372, 25.40196991, 20.50147247, 25.40196991, 10.85316372, 20.50147247, 20.50147247, 10.85316372, 16.35793304, 20.50147247, 20.50147247, 25.40196991, 20.50147247, 10.85316372, 20.50147247, 20.50147247]"
768,"[25.40196991, 20.50147247, 12.86226368, 25.40196991, 16.35793304, 25.40196991, 20.50147247, 20.50147247, 39.55387878, 30.58232117, 20.50147247, 20.50147247, 25.40196991, 10.85316372, 20.50147247, 20.50147247, 10.85316372, 20.50147247, 25.40196991, 16.35793304, 25.40196991, 20.50147247, 25.40196991, 20.50147247, 25.40196991]"
769,"[25.40196991, 20.50147247, 11.05874348, 30.58232117, 16.35793304, 25.40196991, 16.35793304, 20.50147247, 34.56784439, 10.85316372, 20.50147247, 20.50147247, 25.40196991, 10.85316372, 20.50147247, 25.40196991, 10.85316372, 25.40196991, 25.40196991, 20.50147247, 25.40196991, 20.50147247, 30.58232117, 20.50147247, 30.58232117]"
770,"[25.40196991, 20.50147247, 10.85316372, 30.58232117, 20.50147247, 25.40196991, 20.50147247, 20.50147247, 36.45310974, 10.85316372, 20.50147247, 20.50147247, 25.40196991, 10.85316372, 30.58232117, 25.40196991, 36.45310974, 25.40196991, 25.40196991, 20.50147247, 30.58232117, 20.50147247, 30.58232117, 30.58232117, 30.58232117]"
771,"[30.58232117, 25.40196991, 10.85316372, 30.58232117, 36.45310974, 30.58232117, 20.50147247, 20.50147247, 39.55387878, 10.85316372, 25.40196991, 20.50147247, 25.40196991, 10.85316372, 30.58232117, 25.40196991, 36.45310974, 25.40196991, 20.50147247, 20.50147247, 30.58232117, 25.40196991, 30.58232117, 20.50147247, 25.40196991]"
772,"[30.58232117, 25.40196991, 10.85316372, 30.58232117, 34.56784439, 30.58232117, 20.50147247, 20.50147247, 36.45310974, 34.56784439, 25.40196991, 20.50147247, 25.40196991, 34.56784439, 25.40196991, 30.58232117, 39.93603134, 30.58232117, 20.50147247, 20.50147247, 10.85316372, 25.40196991, 10.85316372, 25.40196991, 20.50147247]"
773,"[25.40196991, 25.40196991, 10.85316372, 30.58232117, 39.55387878, 30.58232117, 20.50147247, 20.50147247, 34.56784439, 34.56784439, 25.40196991, 16.35793304, 25.40196991, 34.56784439, 20.50147247, 39.55387878, 39.93603134, 20.50147247, 25.40196991, 20.50147247, 10.85316372, 25.40196991, 30.58232117, 25.40196991, 25.40196991]"
774,"[25.40196991, 25.40196991, 10.85316372, 30.58232117, 39.74495697, 30.58232117, 20.50147247, 20.50147247, 34.56784439, 10.85316372, 25.40196991, 16.35793304, 25.40196991, 34.56784439, 30.58232117, 30.58232117, 39.55387878, 25.40196991, 25.40196991, 20.50147247, 30.58232117, 25.40196991, 30.58232117, 25.40196991, 25.40196991]"
775,"[25.40196991, 25.40196991, 10.85316372, 30.58232117, 36.45310974, 30.58232117, 20.50147247, 20.50147247, 10.85316372, 30.58232117, 25.40196991, 16.35793304, 25.40196991, 34.56784439, 25.40196991, 25.40196991, 39.55387878, 20.50147247, 25.40196991, 20.50147247, 30.58232117, 25.40196991, 30.58232117, 25.40196991, 25.40196991]"
776,"[20.50147247, 20.50147247, 10.85316372, 30.58232117, 10.85316372, 30.58232117, 16.35793304, 20.50147247, 34.56784439, 34.56784439, 20.50147247, 16.35793304, 25.40196991, 10.85316372, 20.50147247, 30.58232117, 36.45310974, 20.50147247, 25.40196991, 20.50147247, 30.58232117, 25.40196991, 30.58232117, 20.50147247, 20.50147247]"
777,"[25.40196991, 20.50147247, 10.85316372, 25.40196991, 25.40196991, 25.40196991, 20.50147247, 16.35793304, 36.45310974, 10.85316372, 20.50147247, 16.35793304, 20.50147247, 10.85316372, 25.40196991, 30.58232117, 36.45310974, 20.50147247, 25.40196991, 20.50147247, 30.58232117, 20.50147247, 25.40196991, 20.50147247, 25.40196991]"
778,"[20.50147247, 20.50147247, 10.85316372, 30.58232117, 30.58232117, 25.40196991, 16.35793304, 16.35793304, 30.58232117, 30.58232117, 20.50147247, 16.35793304, 20.50147247, 10.85316372, 25.40196991, 25.40196991, 34.56784439, 20.50147247, 25.40196991, 20.50147247, 25.40196991, 20.50147247, 25.40196991, 20.50147247, 20.50147247]"
779,"[20.50147247, 20.50147247, 10.85316372, 30.58232117, 25.40196991, 25.40196991, 16.35793304, 16.35793304, 10.85316372, 30.58232117, 20.50147247, 16.35793304, 20.50147247, 30.58232117, 25.40196991, 25.40196991, 10.85316372, 20.50147247, 20.50147247, 20.50147247, 25.40196991, 20.50147247, 25.40196991, 20.50147247, 20.50147247]"
780,"[20.50147247, 20.50147247, 10.85316372, 30.58232117, 25.40196991, 25.40196991, 16.35793304, 16.35793304, 36.45310974, 30.58232117, 20.50147247, 16.35793304, 25.40196991, 34.56784439, 20.50147247, 25.40196991, 10.85316372, 20.50147247, 20.50147247, 20.50147247, 25.40196991, 20.50147247, 20.50147247, 20.50147247, 20.50147247]"
781,"[20.50147247, 20.50147247, 10.85316372, 30.58232117, 20.50147247, 25.40196991, 16.35793304, 16.35793304, 34.56784439, 34.56784439, 20.50147247, 16.35793304, 25.40196991, 34.56784439, 20.50147247, 25.40196991, 10.85316372, 20.50147247, 20.50147247, 20.50147247, 25.40196991, 20.50147247, 25.40196991, 20.50147247, 20.50147247]"
782,"[20.50147247, 25.40196991, 10.85316372, 30.58232117, 25.40196991, 25.40196991, 16.35793304, 16.35793304, 34.56784439, 34.56784439, 20.50147247, 16.35793304, 25.40196991, 34.56784439, 20.50147247, 25.40196991, 10.85316372, 20.50147247, 20.50147247, 20.50147247, 25.40196991, 20.50147247, 10.85316372, 20.50147247, 20.50147247]"
783,"[20.50147247, 20.50147247, 10.85316372, 10.85316372, 25.40196991, 25.40196991, 20.50147247, 20.50147247, 34.56784439, 10.85316372, 20.50147247, 20.50147247, 25.40196991, 10.85316372, 25.40196991, 25.40196991, 10.85316372, 20.50147247, 25.40196991, 25.40196991, 25.40196991, 20.50147247, 30.58232117, 20.50147247, 20.50147247]"
784,"[25.40196991, 20.50147247, 10.85316372, 10.85316372, 25.40196991, 25.40196991, 20.50147247, 20.50147247, 34.56784439, 34.56784439, 25.40196991, 25.40196991, 30.58232117, 10.85316372, 16.35793304, 25.40196991, 34.56784439, 25.40196991, 20.50147247, 20.50147247, 30.58232117, 20.50147247, 30.58232117, 20.50147247, 20.50147247]"
785,"[25.40196991, 25.40196991, 10.85316372, 34.56784439, 25.40196991, 30.58232117, 20.50147247, 20.50147247, 36.45310974, 34.56784439, 25.40196991, 25.40196991, 25.40196991, 10.85316372, 25.40196991, 30.58232117, 34.56784439, 30.58232117, 25.40196991, 25.40196991, 30.58232117, 20.50147247, 30.58232117, 25.40196991, 25.40196991]"
786,"[10.85316372, 30.58232117, 10.85316372, 34.56784439, 30.58232117, 30.58232117, 25.40196991, 25.40196991, 39.74495697, 10.85316372, 30.58232117, 25.40196991, 10.85316372, 34.56784439, 10.85316372, 30.58232117, 39.55387878, 10.85316372, 25.40196991, 25.40196991, 10.85316372, 25.40196991, 10.85316372, 25.40196991, 25.40196991]"
787,"[10.85316372, 30.58232117, 11.05874348, 34.56784439, 30.58232117, 10.85316372, 25.40196991, 25.40196991, 39.55387878, 34.56784439, 30.58232117, 30.58232117, 10.85316372, 34.56784439, 30.58232117, 30.58232117, 39.55387878, 10.85316372, 25.40196991, 25.40196991, 10.85316372, 25.40196991, 10.85316372, 25.40196991, 25.40196991]"
788,"[10.85316372, 30.58232117, 11.05874348, 34.56784439, 25.40196991, 30.58232117, 25.40196991, 25.40196991, 39.55387878, 39.55387878, 30.58232117, 30.58232117, 10.85316372, 36.45310974, 25.40196991, 30.58232117, 39.55387878, 10.85316372, 25.40196991, 25.40196991, 10.85316372, 25.40196991, 10.85316372, 25.40196991, 30.58232117]"
789,"[30.58232117, 25.40196991, 11.05874348, 10.85316372, 25.40196991, 30.58232117, 25.40196991, 25.40196991, 39.55387878, 36.45310974, 25.40196991, 25.40196991, 30.58232117, 10.85316372, 25.40196991, 34.56784439, 36.45310974, 25.40196991, 20.50147247, 25.40196991, 30.58232117, 25.40196991, 10.85316372, 25.40196991, 30.58232117]"
790,"[30.58232117, 25.40196991, 11.05874348, 10.85316372, 25.40196991, 30.58232117, 25.40196991, 25.40196991, 36.45310974, 30.58232117, 25.40196991, 20.50147247, 30.58232117, 10.85316372, 25.40196991, 10.85316372, 34.56784439, 25.40196991, 20.50147247, 20.50147247, 30.58232117, 25.40196991, 30.58232117, 25.40196991, 30.58232117]"
791,"[25.40196991, 20.50147247, 11.05874348, 30.58232117, 20.50147247, 25.40196991, 20.50147247, 20.50147247, 39.55387878, 34.56784439, 20.50147247, 20.50147247, 30.58232117, 34.56784439, 20.50147247, 25.40196991, 34.56784439, 25.40196991, 20.50147247, 20.50147247, 30.58232117, 20.50147247, 30.58232117, 25.40196991, 25.40196991]"
792,"[30.58232117, 25.40196991, 11.05874348, 30.58232117, 20.50147247, 25.40196991, 20.50147247, 20.50147247, 34.56784439, 10.85316372, 20.50147247, 20.50147247, 25.40196991, 10.85316372, 20.50147247, 25.40196991, 36.45310974, 25.40196991, 20.50147247, 25.40196991, 30.58232117, 20.50147247, 25.40196991, 10.85316372, 25.40196991]"
793,"[25.40196991, 25.40196991, 11.05874348, 30.58232117, 25.40196991, 25.40196991, 20.50147247, 20.50147247, 39.74495697, 10.85316372, 25.40196991, 20.50147247, 25.40196991, 34.56784439, 25.40196991, 25.40196991, 10.85316372, 25.40196991, 20.50147247, 20.50147247, 25.40196991, 20.50147247, 34.56784439, 25.40196991, 25.40196991]"
794,"[25.40196991, 25.40196991, 11.05874348, 10.85316372, 20.50147247, 25.40196991, 20.50147247, 20.50147247, 36.45310974, 30.58232117, 25.40196991, 20.50147247, 30.58232117, 10.85316372, 25.40196991, 10.85316372, 34.56784439, 25.40196991, 20.50147247, 25.40196991, 30.58232117, 20.50147247, 30.58232117, 25.40196991, 25.40196991]"
795,"[25.40196991, 25.40196991, 11.05874348, 34.56784439, 25.40196991, 25.40196991, 25.40196991, 20.50147247, 39.55387878, 10.85316372, 25.40196991, 20.50147247, 30.58232117, 34.56784439, 20.50147247, 30.58232117, 34.56784439, 25.40196991, 20.50147247, 20.50147247, 25.40196991, 20.50147247, 10.85316372, 30.58232117, 25.40196991]"
796,"[25.40196991, 20.50147247, 11.05874348, 34.56784439, 20.50147247, 20.50147247, 20.50147247, 20.50147247, 34.56784439, 34.56784439, 20.50147247, 20.50147247, 30.58232117, 10.85316372, 16.35793304, 30.58232117, 10.85316372, 20.50147247, 20.50147247, 20.50147247, 25.40196991, 20.50147247, 30.58232117, 30.58232117, 25.40196991]"
797,"[20.50147247, 20.50147247, 11.05874348, 10.85316372, 20.50147247, 20.50147247, 20.50147247, 20.50147247, 36.45310974, 10.85316372, 20.50147247, 16.35793304, 25.40196991, 10.85316372, 16.35793304, 25.40196991, 10.85316372, 16.35793304, 20.50147247, 16.35793304, 25.40196991, 20.50147247, 30.58232117, 20.50147247, 25.40196991]"
798,"[20.50147247, 20.50147247, 11.05874348, 30.58232117, 16.35793304, 20.50147247, 16.35793304, 20.50147247, 34.56784439, 10.85316372, 20.50147247, 16.35793304, 25.40196991, 10.85316372, 16.35793304, 25.40196991, 10.85316372, 16.35793304, 20.50147247, 16.35793304, 20.50147247, 16.35793304, 30.58232117, 20.50147247, 25.40196991]"
799,"[20.50147247, 20.50147247, 11.05874348, 30.58232117, 16.35793304, 20.50147247, 16.35793304, 20.50147247, 34.56784439, 10.85316372, 16.35793304, 16.35793304, 25.40196991, 30.58232117, 16.35793304, 25.40196991, 30.58232117, 16.35793304, 20.50147247, 16.35793304, 20.50147247, 16.35793304, 25.40196991, 16.35793304, 25.40196991]"
800,"[20.50147247, 16.35793304, 11.05874348, 20.50147247, 12.86226368, 20.50147247, 16.35793304, 20.50147247, 10.85316372, 30.58232117, 16.35793304, 16.35793304, 20.50147247, 30.58232117, 16.35793304, 20.50147247, 25.40196991, 16.35793304, 20.50147247, 16.35793304, 20.50147247, 16.35793304, 25.40196991, 16.35793304, 20.50147247]"
801,"[16.35793304, 16.35793304, 11.05874348, 25.40196991, 12.86226368, 16.35793304, 12.86226368, 20.50147247, 30.58232117, 10.85316372, 16.35793304, 16.35793304, 20.50147247, 30.58232117, 20.50147247, 20.50147247, 25.40196991, 16.35793304, 20.50147247, 12.86226368, 20.50147247, 16.35793304, 25.40196991, 16.35793304, 25.40196991]"
802,"[16.35793304, 16.35793304, 11.05874348, 20.50147247, 12.86226368, 16.35793304, 12.86226368, 20.50147247, 34.56784439, 30.58232117, 16.35793304, 12.86226368, 20.50147247, 25.40196991, 16.35793304, 16.35793304, 25.40196991, 12.86226368, 20.50147247, 16.35793304, 20.50147247, 16.35793304, 25.40196991, 16.35793304, 20.50147247]"
803,"[16.35793304, 16.35793304, 11.05874348, 20.50147247, 12.86226368, 16.35793304, 12.86226368, 20.50147247, 36.45310974, 30.58232117, 16.35793304, 12.86226368, 20.50147247, 25.40196991, 12.86226368, 16.35793304, 25.40196991, 12.86226368, 20.50147247, 12.86226368, 20.50147247, 16.35793304, 25.40196991, 12.86226368, 20.50147247]"
804,"[16.35793304, 16.35793304, 11.05874348, 20.50147247, 12.86226368, 16.35793304, 12.86226368, 20.50147247, 36.45310974, 30.58232117, 16.35793304, 16.35793304, 20.50147247, 25.40196991, 20.50147247, 20.50147247, 25.40196991, 16.35793304, 20.50147247, 12.86226368, 20.50147247, 16.35793304, 30.58232117, 12.86226368, 20.50147247]"
805,"[16.35793304, 16.35793304, 11.05874348, 20.50147247, 12.86226368, 20.50147247, 12.86226368, 20.50147247, 36.45310974, 30.58232117, 16.35793304, 12.86226368, 20.50147247, 25.40196991, 16.35793304, 16.35793304, 25.40196991, 16.35793304, 20.50147247, 16.35793304, 20.50147247, 16.35793304, 30.58232117, 12.86226368, 16.35793304]"
806,"[16.35793304, 16.35793304, 11.05874348, 20.50147247, 12.86226368, 16.35793304, 12.86226368, 20.50147247, 10.85316372, 10.85316372, 16.35793304, 12.86226368, 20.50147247, 25.40196991, 16.35793304, 16.35793304, 25.40196991, 16.35793304, 20.50147247, 12.86226368, 20.50147247, 16.35793304, 25.40196991, 16.35793304, 20.50147247]"
807,"[16.35793304, 16.35793304, 11.05874348, 25.40196991, 12.86226368, 20.50147247, 12.86226368, 20.50147247, 34.56784439, 30.58232117, 16.35793304, 16.35793304, 20.50147247, 25.40196991, 16.35793304, 20.50147247, 30.58232117, 16.35793304, 20.50147247, 16.35793304, 20.50147247, 16.35793304, 25.40196991, 16.35793304, 16.35793304]"
808,"[16.35793304, 16.35793304, 11.05874348, 25.40196991, 16.35793304, 20.50147247, 12.86226368, 20.50147247, 34.56784439, 25.40196991, 16.35793304, 16.35793304, 20.50147247, 25.40196991, 16.35793304, 20.50147247, 30.58232117, 20.50147247, 20.50147247, 16.35793304, 25.40196991, 16.35793304, 25.40196991, 16.35793304, 16.35793304]"
809,"[16.35793304, 16.35793304, 12.86226368, 25.40196991, 16.35793304, 20.50147247, 16.35793304, 20.50147247, 10.85316372, 30.58232117, 16.35793304, 16.35793304, 20.50147247, 25.40196991, 16.35793304, 20.50147247, 30.58232117, 16.35793304, 20.50147247, 16.35793304, 20.50147247, 20.50147247, 10.85316372, 16.35793304, 20.50147247]"
810,"[20.50147247, 16.35793304, 16.35793304, 25.40196991, 16.35793304, 20.50147247, 16.35793304, 20.50147247, 36.45310974, 30.58232117, 16.35793304, 10.85316372, 20.50147247, 25.40196991, 25.40196991, 20.50147247, 30.58232117, 16.35793304, 20.50147247, 16.35793304, 20.50147247, 20.50147247, 30.58232117, 16.35793304, 20.50147247]"
811,"[16.35793304, 20.50147247, 16.35793304, 25.40196991, 16.35793304, 20.50147247, 16.35793304, 20.50147247, 34.56784439, 34.56784439, 16.35793304, 10.85316372, 20.50147247, 25.40196991, 20.50147247, 20.50147247, 30.58232117, 16.35793304, 20.50147247, 16.35793304, 25.40196991, 20.50147247, 25.40196991, 16.35793304, 20.50147247]"
812,"[16.35793304, 16.35793304, 16.35793304, 25.40196991, 12.86226368, 20.50147247, 16.35793304, 20.50147247, 34.56784439, 30.58232117, 16.35793304, 16.35793304, 20.50147247, 30.58232117, 16.35793304, 20.50147247, 30.58232117, 16.35793304, 30.58232117, 16.35793304, 20.50147247, 20.50147247, 30.58232117, 16.35793304, 20.50147247]"
813,"[16.35793304, 16.35793304, 16.35793304, 25.40196991, 12.86226368, 20.50147247, 16.35793304, 20.50147247, 34.56784439, 30.58232117, 16.35793304, 16.35793304, 20.50147247, 30.58232117, 16.35793304, 25.40196991, 30.58232117, 16.35793304, 30.58232117, 16.35793304, 20.50147247, 20.50147247, 25.40196991, 16.35793304, 20.50147247]"
814,"[16.35793304, 16.35793304, 16.35793304, 25.40196991, 12.86226368, 20.50147247, 16.35793304, 20.50147247, 30.58232117, 10.85316372, 16.35793304, 16.35793304, 20.50147247, 30.58232117, 16.35793304, 25.40196991, 30.58232117, 16.35793304, 25.40196991, 16.35793304, 20.50147247, 20.50147247, 25.40196991, 16.35793304, 20.50147247]"
815,"[16.35793304, 16.35793304, 16.35793304, 25.40196991, 12.86226368, 20.50147247, 16.35793304, 16.35793304, 34.56784439, 30.58232117, 16.35793304, 16.35793304, 20.50147247, 30.58232117, 20.50147247, 25.40196991, 30.58232117, 16.35793304, 25.40196991, 12.86226368, 20.50147247, 16.35793304, 25.40196991, 16.35793304, 20.50147247]"
816,"[16.35793304, 12.86226368, 16.35793304, 25.40196991, 12.86226368, 20.50147247, 16.35793304, 16.35793304, 36.45310974, 30.58232117, 16.35793304, 16.35793304, 20.50147247, 25.40196991, 16.35793304, 25.40196991, 30.58232117, 16.35793304, 25.40196991, 16.35793304, 20.50147247, 20.50147247, 25.40196991, 16.35793304, 20.50147247]"
817,"[16.35793304, 16.35793304, 16.35793304, 25.40196991, 12.86226368, 20.50147247, 16.35793304, 16.35793304, 34.56784439, 10.85316372, 16.35793304, 12.86226368, 20.50147247, 25.40196991, 16.35793304, 20.50147247, 30.58232117, 16.35793304, 25.40196991, 16.35793304, 25.40196991, 20.50147247, 30.58232117, 16.35793304, 20.50147247]"
818,"[16.35793304, 16.35793304, 16.35793304, 25.40196991, 12.86226368, 20.50147247, 16.35793304, 16.35793304, 10.85316372, 10.85316372, 16.35793304, 16.35793304, 20.50147247, 25.40196991, 16.35793304, 25.40196991, 30.58232117, 20.50147247, 25.40196991, 16.35793304, 25.40196991, 20.50147247, 25.40196991, 16.35793304, 20.50147247]"
819,"[16.35793304, 16.35793304, 16.35793304, 25.40196991, 12.86226368, 20.50147247, 16.35793304, 16.35793304, 34.56784439, 10.85316372, 16.35793304, 12.86226368, 20.50147247, 25.40196991, 20.50147247, 25.40196991, 30.58232117, 20.50147247, 25.40196991, 16.35793304, 20.50147247, 20.50147247, 25.40196991, 16.35793304, 20.50147247]"
820,"[16.35793304, 16.35793304, 16.35793304, 25.40196991, 16.35793304, 20.50147247, 16.35793304, 16.35793304, 10.85316372, 10.85316372, 16.35793304, 16.35793304, 20.50147247, 25.40196991, 16.35793304, 25.40196991, 30.58232117, 16.35793304, 25.40196991, 16.35793304, 25.40196991, 20.50147247, 25.40196991, 16.35793304, 20.50147247]"
821,"[16.35793304, 16.35793304, 20.50147247, 25.40196991, 16.35793304, 20.50147247, 16.35793304, 16.35793304, 10.85316372, 34.56784439, 16.35793304, 12.86226368, 20.50147247, 25.40196991, 20.50147247, 25.40196991, 30.58232117, 16.35793304, 25.40196991, 16.35793304, 25.40196991, 20.50147247, 25.40196991, 16.35793304, 16.35793304]"
822,"[16.35793304, 16.35793304, 16.35793304, 30.58232117, 16.35793304, 25.40196991, 16.35793304, 16.35793304, 34.56784439, 30.58232117, 16.35793304, 16.35793304, 20.50147247, 25.40196991, 16.35793304, 20.50147247, 30.58232117, 16.35793304, 25.40196991, 16.35793304, 25.40196991, 20.50147247, 25.40196991, 16.35793304, 16.35793304]"
823,"[16.35793304, 16.35793304, 16.35793304, 25.40196991, 16.35793304, 20.50147247, 16.35793304, 16.35793304, 34.56784439, 25.40196991, 16.35793304, 12.86226368, 20.50147247, 25.40196991, 20.50147247, 20.50147247, 30.58232117, 20.50147247, 25.40196991, 16.35793304, 25.40196991, 20.50147247, 25.40196991, 16.35793304, 20.50147247]"
824,"[16.35793304, 16.35793304, 16.35793304, 25.40196991, 12.86226368, 25.40196991, 16.35793304, 16.35793304, 34.56784439, 30.58232117, 16.35793304, 12.86226368, 20.50147247, 25.40196991, 16.35793304, 20.50147247, 30.58232117, 16.35793304, 25.40196991, 16.35793304, 25.40196991, 20.50147247, 30.58232117, 16.35793304, 16.35793304]"
825,"[16.35793304, 16.35793304, 16.35793304, 25.40196991, 12.86226368, 25.40196991, 16.35793304, 16.35793304, 10.85316372, 25.40196991, 16.35793304, 12.86226368, 20.50147247, 25.40196991, 12.86226368, 16.35793304, 30.58232117, 16.35793304, 25.40196991, 16.35793304, 25.40196991, 20.50147247, 25.40196991, 16.35793304, 20.50147247]"
826,"[16.35793304, 16.35793304, 16.35793304, 25.40196991, 16.35793304, 20.50147247, 16.35793304, 16.35793304, 30.58232117, 30.58232117, 16.35793304, 12.86226368, 20.50147247, 25.40196991, 16.35793304, 16.35793304, 30.58232117, 16.35793304, 25.40196991, 16.35793304, 25.40196991, 20.50147247, 20.50147247, 16.35793304, 16.35793304]"
827,"[16.35793304, 16.35793304, 20.50147247, 30.58232117, 16.35793304, 25.40196991, 16.35793304, 16.35793304, 36.45310974, 30.58232117, 16.35793304, 12.86226368, 20.50147247, 25.40196991, 20.50147247, 16.35793304, 30.58232117, 16.35793304, 25.40196991, 16.35793304, 25.40196991, 20.50147247, 30.58232117, 16.35793304, 16.35793304]"
828,"[16.35793304, 16.35793304, 20.50147247, 30.58232117, 16.35793304, 20.50147247, 16.35793304, 16.35793304, 34.56784439, 30.58232117, 20.50147247, 12.86226368, 20.50147247, 25.40196991, 20.50147247, 20.50147247, 30.58232117, 20.50147247, 25.40196991, 16.35793304, 20.50147247, 20.50147247, 25.40196991, 16.35793304, 16.35793304]"
829,"[20.50147247, 16.35793304, 20.50147247, 25.40196991, 16.35793304, 25.40196991, 20.50147247, 16.35793304, 34.56784439, 30.58232117, 20.50147247, 12.86226368, 20.50147247, 25.40196991, 16.35793304, 20.50147247, 30.58232117, 16.35793304, 25.40196991, 16.35793304, 25.40196991, 20.50147247, 20.50147247, 16.35793304, 16.35793304]"
830,"[20.50147247, 16.35793304, 20.50147247, 25.40196991, 12.86226368, 25.40196991, 20.50147247, 16.35793304, 34.56784439, 10.85316372, 20.50147247, 16.35793304, 20.50147247, 25.40196991, 20.50147247, 16.35793304, 10.85316372, 20.50147247, 25.40196991, 20.50147247, 25.40196991, 20.50147247, 10.85316372, 16.35793304, 16.35793304]"
831,"[20.50147247, 16.35793304, 20.50147247, 25.40196991, 16.35793304, 25.40196991, 16.35793304, 16.35793304, 34.56784439, 10.85316372, 20.50147247, 16.35793304, 20.50147247, 25.40196991, 20.50147247, 20.50147247, 10.85316372, 16.35793304, 25.40196991, 16.35793304, 25.40196991, 20.50147247, 25.40196991, 16.35793304, 20.50147247]"
832,"[16.35793304, 16.35793304, 20.50147247, 25.40196991, 12.86226368, 20.50147247, 16.35793304, 20.50147247, 34.56784439, 10.85316372, 20.50147247, 16.35793304, 20.50147247, 25.40196991, 20.50147247, 16.35793304, 30.58232117, 20.50147247, 25.40196991, 16.35793304, 20.50147247, 20.50147247, 10.85316372, 16.35793304, 20.50147247]"
833,"[20.50147247, 16.35793304, 16.35793304, 25.40196991, 12.86226368, 20.50147247, 16.35793304, 16.35793304, 34.56784439, 10.85316372, 16.35793304, 16.35793304, 20.50147247, 25.40196991, 16.35793304, 20.50147247, 30.58232117, 20.50147247, 20.50147247, 16.35793304, 25.40196991, 20.50147247, 20.50147247, 16.35793304, 20.50147247]"
834,"[16.35793304, 16.35793304, 20.50147247, 25.40196991, 12.86226368, 20.50147247, 16.35793304, 16.35793304, 36.45310974, 10.85316372, 16.35793304, 16.35793304, 20.50147247, 25.40196991, 16.35793304, 25.40196991, 30.58232117, 20.50147247, 20.50147247, 16.35793304, 20.50147247, 20.50147247, 30.58232117, 16.35793304, 20.50147247]"
835,"[20.50147247, 16.35793304, 16.35793304, 25.40196991, 12.86226368, 20.50147247, 16.35793304, 16.35793304, 34.56784439, 10.85316372, 16.35793304, 16.35793304, 20.50147247, 25.40196991, 20.50147247, 30.58232117, 30.58232117, 20.50147247, 20.50147247, 16.35793304, 20.50147247, 20.50147247, 25.40196991, 12.86226368, 20.50147247]"
836,"[16.35793304, 16.35793304, 16.35793304, 25.40196991, 12.86226368, 20.50147247, 16.35793304, 16.35793304, 10.85316372, 30.58232117, 16.35793304, 16.35793304, 20.50147247, 25.40196991, 16.35793304, 20.50147247, 10.85316372, 20.50147247, 25.40196991, 16.35793304, 25.40196991, 20.50147247, 25.40196991, 16.35793304, 20.50147247]"
837,"[16.35793304, 16.35793304, 16.35793304, 25.40196991, 16.35793304, 20.50147247, 16.35793304, 16.35793304, 34.56784439, 10.85316372, 16.35793304, 16.35793304, 20.50147247, 25.40196991, 25.40196991, 20.50147247, 10.85316372, 20.50147247, 25.40196991, 16.35793304, 25.40196991, 20.50147247, 30.58232117, 16.35793304, 20.50147247]"
838,"[16.35793304, 16.35793304, 16.35793304, 30.58232117, 16.35793304, 20.50147247, 16.35793304, 16.35793304, 10.85316372, 30.58232117, 16.35793304, 12.86226368, 20.50147247, 25.40196991, 20.50147247, 25.40196991, 30.58232117, 20.50147247, 25.40196991, 16.35793304, 25.40196991, 20.50147247, 25.40196991, 16.35793304, 20.50147247]"
839,"[20.50147247, 16.35793304, 20.50147247, 25.40196991, 16.35793304, 20.50147247, 16.35793304, 16.35793304, 34.56784439, 10.85316372, 16.35793304, 16.35793304, 20.50147247, 25.40196991, 20.50147247, 20.50147247, 10.85316372, 25.40196991, 25.40196991, 16.35793304, 25.40196991, 20.50147247, 30.58232117, 16.35793304, 20.50147247]"
840,"[20.50147247, 16.35793304, 20.50147247, 30.58232117, 16.35793304, 25.40196991, 16.35793304, 16.35793304, 36.45310974, 30.58232117, 16.35793304, 12.86226368, 20.50147247, 25.40196991, 20.50147247, 25.40196991, 10.85316372, 25.40196991, 25.40196991, 16.35793304, 25.40196991, 20.50147247, 25.40196991, 16.35793304, 20.50147247]"
841,"[20.50147247, 20.50147247, 20.50147247, 10.85316372, 20.50147247, 25.40196991, 20.50147247, 16.35793304, 34.56784439, 10.85316372, 16.35793304, 16.35793304, 20.50147247, 25.40196991, 20.50147247, 30.58232117, 10.85316372, 20.50147247, 20.50147247, 16.35793304, 25.40196991, 20.50147247, 30.58232117, 20.50147247, 20.50147247]"
842,"[20.50147247, 20.50147247, 25.40196991, 10.85316372, 20.50147247, 20.50147247, 16.35793304, 16.35793304, 34.56784439, 25.40196991, 16.35793304, 12.86226368, 20.50147247, 30.58232117, 20.50147247, 20.50147247, 30.58232117, 20.50147247, 20.50147247, 20.50147247, 25.40196991, 20.50147247, 25.40196991, 16.35793304, 16.35793304]"
843,"[20.50147247, 20.50147247, 25.40196991, 10.85316372, 20.50147247, 20.50147247, 16.35793304, 20.50147247, 34.56784439, 10.85316372, 20.50147247, 16.35793304, 20.50147247, 25.40196991, 20.50147247, 10.85316372, 30.58232117, 16.35793304, 20.50147247, 16.35793304, 25.40196991, 20.50147247, 25.40196991, 20.50147247, 25.40196991]"
844,"[20.50147247, 16.35793304, 16.35793304, 30.58232117, 16.35793304, 20.50147247, 20.50147247, 20.50147247, 34.56784439, 10.85316372, 20.50147247, 16.35793304, 20.50147247, 25.40196991, 16.35793304, 16.35793304, 30.58232117, 16.35793304, 25.40196991, 16.35793304, 20.50147247, 20.50147247, 30.58232117, 20.50147247, 20.50147247]"
845,"[16.35793304, 16.35793304, 16.35793304, 25.40196991, 16.35793304, 20.50147247, 16.35793304, 16.35793304, 34.56784439, 30.58232117, 20.50147247, 16.35793304, 25.40196991, 30.58232117, 16.35793304, 20.50147247, 30.58232117, 20.50147247, 25.40196991, 16.35793304, 20.50147247, 20.50147247, 30.58232117, 16.35793304, 20.50147247]"
846,"[16.35793304, 16.35793304, 20.50147247, 25.40196991, 12.86226368, 20.50147247, 16.35793304, 16.35793304, 10.85316372, 30.58232117, 16.35793304, 12.86226368, 20.50147247, 25.40196991, 20.50147247, 16.35793304, 30.58232117, 16.35793304, 25.40196991, 16.35793304, 25.40196991, 20.50147247, 30.58232117, 16.35793304, 20.50147247]"
847,"[16.35793304, 16.35793304, 20.50147247, 30.58232117, 16.35793304, 20.50147247, 16.35793304, 16.35793304, 10.85316372, 10.85316372, 16.35793304, 16.35793304, 20.50147247, 25.40196991, 20.50147247, 20.50147247, 30.58232117, 20.50147247, 25.40196991, 16.35793304, 25.40196991, 20.50147247, 30.58232117, 16.35793304, 20.50147247]"
848,"[16.35793304, 16.35793304, 20.50147247, 30.58232117, 16.35793304, 25.40196991, 16.35793304, 16.35793304, 36.45310974, 10.85316372, 20.50147247, 12.86226368, 20.50147247, 25.40196991, 20.50147247, 20.50147247, 30.58232117, 16.35793304, 25.40196991, 16.35793304, 25.40196991, 20.50147247, 25.40196991, 16.35793304, 16.35793304]"
849,"[16.35793304, 16.35793304, 20.50147247, 25.40196991, 12.86226368, 25.40196991, 16.35793304, 16.35793304, 34.56784439, 10.85316372, 16.35793304, 16.35793304, 20.50147247, 25.40196991, 20.50147247, 20.50147247, 30.58232117, 20.50147247, 25.40196991, 16.35793304, 25.40196991, 20.50147247, 25.40196991, 20.50147247, 20.50147247]"
850,"[20.50147247, 16.35793304, 20.50147247, 30.58232117, 12.86226368, 25.40196991, 16.35793304, 20.50147247, 34.56784439, 34.56784439, 20.50147247, 16.35793304, 20.50147247, 25.40196991, 20.50147247, 20.50147247, 10.85316372, 20.50147247, 25.40196991, 16.35793304, 25.40196991, 20.50147247, 25.40196991, 16.35793304, 20.50147247]"
851,"[20.50147247, 16.35793304, 20.50147247, 30.58232117, 12.86226368, 25.40196991, 16.35793304, 20.50147247, 36.45310974, 30.58232117, 20.50147247, 16.35793304, 20.50147247, 25.40196991, 16.35793304, 20.50147247, 10.85316372, 25.40196991, 25.40196991, 16.35793304, 30.58232117, 20.50147247, 25.40196991, 16.35793304, 25.40196991]"
852,"[20.50147247, 16.35793304, 20.50147247, 30.58232117, 12.86226368, 25.40196991, 16.35793304, 20.50147247, 10.85316372, 25.40196991, 20.50147247, 16.35793304, 20.50147247, 25.40196991, 16.35793304, 20.50147247, 10.85316372, 20.50147247, 25.40196991, 20.50147247, 25.40196991, 25.40196991, 25.40196991, 16.35793304, 16.35793304]"
853,"[20.50147247, 20.50147247, 25.40196991, 30.58232117, 12.86226368, 30.58232117, 20.50147247, 20.50147247, 36.45310974, 10.85316372, 20.50147247, 16.35793304, 20.50147247, 25.40196991, 16.35793304, 20.50147247, 10.85316372, 20.50147247, 25.40196991, 20.50147247, 25.40196991, 25.40196991, 25.40196991, 20.50147247, 20.50147247]"
854,"[20.50147247, 20.50147247, 20.50147247, 30.58232117, 16.35793304, 25.40196991, 20.50147247, 20.50147247, 39.74495697, 10.85316372, 20.50147247, 20.50147247, 25.40196991, 25.40196991, 25.40196991, 20.50147247, 10.85316372, 20.50147247, 25.40196991, 20.50147247, 25.40196991, 25.40196991, 30.58232117, 20.50147247, 20.50147247]"
855,"[20.50147247, 16.35793304, 16.35793304, 25.40196991, 12.86226368, 25.40196991, 16.35793304, 20.50147247, 36.45310974, 30.58232117, 20.50147247, 20.50147247, 20.50147247, 30.58232117, 20.50147247, 20.50147247, 30.58232117, 16.35793304, 25.40196991, 16.35793304, 20.50147247, 20.50147247, 25.40196991, 16.35793304, 20.50147247]"
856,"[20.50147247, 16.35793304, 16.35793304, 25.40196991, 12.86226368, 25.40196991, 16.35793304, 20.50147247, 36.45310974, 30.58232117, 20.50147247, 16.35793304, 20.50147247, 25.40196991, 20.50147247, 30.58232117, 10.85316372, 20.50147247, 25.40196991, 16.35793304, 25.40196991, 20.50147247, 25.40196991, 16.35793304, 25.40196991]"
857,"[20.50147247, 16.35793304, 20.50147247, 25.40196991, 12.86226368, 25.40196991, 16.35793304, 20.50147247, 30.58232117, 10.85316372, 20.50147247, 16.35793304, 20.50147247, 30.58232117, 20.50147247, 10.85316372, 30.58232117, 20.50147247, 25.40196991, 20.50147247, 25.40196991, 20.50147247, 30.58232117, 16.35793304, 20.50147247]"
858,"[20.50147247, 16.35793304, 16.35793304, 30.58232117, 12.86226368, 25.40196991, 16.35793304, 20.50147247, 36.45310974, 34.56784439, 20.50147247, 20.50147247, 20.50147247, 30.58232117, 16.35793304, 25.40196991, 30.58232117, 20.50147247, 25.40196991, 16.35793304, 25.40196991, 20.50147247, 25.40196991, 16.35793304, 25.40196991]"
859,"[20.50147247, 16.35793304, 20.50147247, 30.58232117, 12.86226368, 25.40196991, 20.50147247, 20.50147247, 34.56784439, 34.56784439, 20.50147247, 16.35793304, 20.50147247, 30.58232117, 16.35793304, 30.58232117, 30.58232117, 20.50147247, 25.40196991, 16.35793304, 25.40196991, 20.50147247, 25.40196991, 16.35793304, 20.50147247]"
860,"[20.50147247, 20.50147247, 20.50147247, 30.58232117, 16.35793304, 25.40196991, 16.35793304, 20.50147247, 34.56784439, 10.85316372, 20.50147247, 16.35793304, 20.50147247, 30.58232117, 16.35793304, 20.50147247, 10.85316372, 10.85316372, 25.40196991, 20.50147247, 25.40196991, 20.50147247, 25.40196991, 20.50147247, 20.50147247]"
861,"[20.50147247, 20.50147247, 25.40196991, 30.58232117, 16.35793304, 25.40196991, 20.50147247, 20.50147247, 10.85316372, 10.85316372, 20.50147247, 20.50147247, 25.40196991, 30.58232117, 20.50147247, 25.40196991, 10.85316372, 25.40196991, 25.40196991, 20.50147247, 25.40196991, 20.50147247, 30.58232117, 20.50147247, 25.40196991]"
862,"[20.50147247, 20.50147247, 25.40196991, 10.85316372, 16.35793304, 25.40196991, 20.50147247, 20.50147247, 39.74495697, 10.85316372, 20.50147247, 20.50147247, 25.40196991, 30.58232117, 20.50147247, 30.58232117, 10.85316372, 25.40196991, 25.40196991, 20.50147247, 30.58232117, 25.40196991, 25.40196991, 20.50147247, 20.50147247]"
863,"[20.50147247, 20.50147247, 25.40196991, 10.85316372, 16.35793304, 25.40196991, 20.50147247, 20.50147247, 34.56784439, 10.85316372, 20.50147247, 20.50147247, 25.40196991, 30.58232117, 16.35793304, 25.40196991, 30.58232117, 20.50147247, 25.40196991, 20.50147247, 30.58232117, 25.40196991, 30.58232117, 20.50147247, 20.50147247]"
864,"[20.50147247, 20.50147247, 16.35793304, 25.40196991, 30.58232117, 25.40196991, 20.50147247, 16.35793304, 36.45310974, 30.58232117, 20.50147247, 20.50147247, 25.40196991, 30.58232117, 16.35793304, 25.40196991, 10.85316372, 20.50147247, 25.40196991, 20.50147247, 25.40196991, 20.50147247, 25.40196991, 20.50147247, 20.50147247]"
865,"[20.50147247, 20.50147247, 20.50147247, 25.40196991, 25.40196991, 25.40196991, 20.50147247, 16.35793304, 36.45310974, 10.85316372, 20.50147247, 16.35793304, 25.40196991, 30.58232117, 20.50147247, 25.40196991, 10.85316372, 16.35793304, 25.40196991, 16.35793304, 25.40196991, 20.50147247, 25.40196991, 20.50147247, 16.35793304]"
866,"[20.50147247, 16.35793304, 20.50147247, 25.40196991, 30.58232117, 25.40196991, 20.50147247, 16.35793304, 36.45310974, 30.58232117, 20.50147247, 16.35793304, 20.50147247, 30.58232117, 20.50147247, 25.40196991, 10.85316372, 20.50147247, 25.40196991, 16.35793304, 25.40196991, 20.50147247, 25.40196991, 20.50147247, 20.50147247]"
867,"[20.50147247, 16.35793304, 16.35793304, 25.40196991, 25.40196991, 25.40196991, 20.50147247, 16.35793304, 10.85316372, 34.56784439, 20.50147247, 12.86226368, 20.50147247, 30.58232117, 16.35793304, 25.40196991, 10.85316372, 20.50147247, 25.40196991, 16.35793304, 25.40196991, 20.50147247, 25.40196991, 20.50147247, 20.50147247]"
868,"[20.50147247, 16.35793304, 20.50147247, 25.40196991, 20.50147247, 25.40196991, 20.50147247, 16.35793304, 10.85316372, 10.85316372, 20.50147247, 16.35793304, 20.50147247, 30.58232117, 25.40196991, 25.40196991, 10.85316372, 16.35793304, 25.40196991, 16.35793304, 25.40196991, 20.50147247, 30.58232117, 20.50147247, 20.50147247]"
869,"[20.50147247, 16.35793304, 20.50147247, 25.40196991, 10.85316372, 25.40196991, 20.50147247, 16.35793304, 36.45310974, 10.85316372, 20.50147247, 16.35793304, 20.50147247, 30.58232117, 16.35793304, 25.40196991, 10.85316372, 20.50147247, 25.40196991, 16.35793304, 25.40196991, 25.40196991, 25.40196991, 20.50147247, 20.50147247]"
870,"[20.50147247, 16.35793304, 20.50147247, 25.40196991, 20.50147247, 25.40196991, 30.58232117, 16.35793304, 10.85316372, 10.85316372, 20.50147247, 16.35793304, 25.40196991, 30.58232117, 20.50147247, 25.40196991, 10.85316372, 20.50147247, 25.40196991, 20.50147247, 30.58232117, 25.40196991, 25.40196991, 20.50147247, 16.35793304]"
871,"[20.50147247, 20.50147247, 20.50147247, 30.58232117, 16.35793304, 25.40196991, 16.35793304, 16.35793304, 30.58232117, 10.85316372, 25.40196991, 16.35793304, 25.40196991, 25.40196991, 20.50147247, 25.40196991, 10.85316372, 25.40196991, 25.40196991, 20.50147247, 30.58232117, 25.40196991, 25.40196991, 20.50147247, 20.50147247]"
872,"[20.50147247, 20.50147247, 20.50147247, 30.58232117, 16.35793304, 30.58232117, 20.50147247, 20.50147247, 36.45310974, 10.85316372, 20.50147247, 20.50147247, 25.40196991, 25.40196991, 20.50147247, 30.58232117, 34.56784439, 25.40196991, 25.40196991, 20.50147247, 30.58232117, 25.40196991, 25.40196991, 20.50147247, 25.40196991]"
873,"[20.50147247, 16.35793304, 25.40196991, 30.58232117, 16.35793304, 30.58232117, 20.50147247, 20.50147247, 34.56784439, 10.85316372, 20.50147247, 20.50147247, 25.40196991, 25.40196991, 25.40196991, 30.58232117, 34.56784439, 25.40196991, 25.40196991, 20.50147247, 30.58232117, 25.40196991, 30.58232117, 20.50147247, 20.50147247]"
874,"[20.50147247, 20.50147247, 25.40196991, 30.58232117, 16.35793304, 30.58232117, 20.50147247, 20.50147247, 34.56784439, 34.56784439, 20.50147247, 20.50147247, 25.40196991, 30.58232117, 20.50147247, 25.40196991, 34.56784439, 25.40196991, 25.40196991, 20.50147247, 30.58232117, 25.40196991, 25.40196991, 20.50147247, 20.50147247]"
875,"[20.50147247, 20.50147247, 25.40196991, 30.58232117, 12.86226368, 25.40196991, 20.50147247, 20.50147247, 34.56784439, 10.85316372, 20.50147247, 20.50147247, 25.40196991, 30.58232117, 16.35793304, 20.50147247, 10.85316372, 20.50147247, 25.40196991, 20.50147247, 25.40196991, 25.40196991, 30.58232117, 20.50147247, 25.40196991]"
876,"[20.50147247, 16.35793304, 20.50147247, 30.58232117, 12.86226368, 25.40196991, 16.35793304, 20.50147247, 10.85316372, 34.56784439, 20.50147247, 20.50147247, 25.40196991, 30.58232117, 20.50147247, 10.85316372, 10.85316372, 20.50147247, 25.40196991, 20.50147247, 25.40196991, 20.50147247, 25.40196991, 20.50147247, 16.35793304]"
877,"[20.50147247, 20.50147247, 20.50147247, 30.58232117, 12.86226368, 25.40196991, 20.50147247, 20.50147247, 39.55387878, 30.58232117, 20.50147247, 20.50147247, 20.50147247, 30.58232117, 16.35793304, 34.56784439, 30.58232117, 20.50147247, 25.40196991, 16.35793304, 25.40196991, 20.50147247, 30.58232117, 20.50147247, 20.50147247]"
878,"[20.50147247, 16.35793304, 20.50147247, 30.58232117, 16.35793304, 25.40196991, 16.35793304, 20.50147247, 34.56784439, 10.85316372, 20.50147247, 20.50147247, 20.50147247, 30.58232117, 20.50147247, 30.58232117, 10.85316372, 20.50147247, 25.40196991, 16.35793304, 25.40196991, 20.50147247, 30.58232117, 16.35793304, 20.50147247]"
879,"[20.50147247, 16.35793304, 20.50147247, 25.40196991, 16.35793304, 25.40196991, 16.35793304, 20.50147247, 34.56784439, 10.85316372, 20.50147247, 16.35793304, 20.50147247, 30.58232117, 25.40196991, 30.58232117, 10.85316372, 20.50147247, 25.40196991, 16.35793304, 25.40196991, 20.50147247, 20.50147247, 16.35793304, 20.50147247]"
880,"[20.50147247, 16.35793304, 16.35793304, 25.40196991, 12.86226368, 20.50147247, 16.35793304, 16.35793304, 34.56784439, 34.56784439, 20.50147247, 16.35793304, 20.50147247, 30.58232117, 20.50147247, 25.40196991, 10.85316372, 25.40196991, 25.40196991, 20.50147247, 30.58232117, 20.50147247, 25.40196991, 16.35793304, 20.50147247]"
881,"[20.50147247, 16.35793304, 20.50147247, 25.40196991, 16.35793304, 25.40196991, 16.35793304, 16.35793304, 36.45310974, 34.56784439, 20.50147247, 20.50147247, 20.50147247, 25.40196991, 20.50147247, 25.40196991, 10.85316372, 30.58232117, 25.40196991, 16.35793304, 30.58232117, 20.50147247, 20.50147247, 16.35793304, 20.50147247]"
882,"[20.50147247, 20.50147247, 16.35793304, 30.58232117, 16.35793304, 25.40196991, 16.35793304, 16.35793304, 34.56784439, 34.56784439, 20.50147247, 16.35793304, 20.50147247, 25.40196991, 20.50147247, 25.40196991, 10.85316372, 25.40196991, 25.40196991, 20.50147247, 25.40196991, 20.50147247, 25.40196991, 16.35793304, 20.50147247]"
883,"[20.50147247, 20.50147247, 16.35793304, 30.58232117, 16.35793304, 25.40196991, 16.35793304, 16.35793304, 34.56784439, 34.56784439, 20.50147247, 16.35793304, 20.50147247, 25.40196991, 20.50147247, 25.40196991, 10.85316372, 20.50147247, 25.40196991, 20.50147247, 25.40196991, 20.50147247, 20.50147247, 16.35793304, 20.50147247]"
884,"[20.50147247, 16.35793304, 20.50147247, 30.58232117, 16.35793304, 25.40196991, 16.35793304, 16.35793304, 36.45310974, 10.85316372, 20.50147247, 16.35793304, 20.50147247, 30.58232117, 20.50147247, 20.50147247, 10.85316372, 20.50147247, 25.40196991, 16.35793304, 25.40196991, 20.50147247, 25.40196991, 16.35793304, 20.50147247]"
885,"[20.50147247, 20.50147247, 20.50147247, 30.58232117, 16.35793304, 25.40196991, 16.35793304, 20.50147247, 10.85316372, 30.58232117, 20.50147247, 16.35793304, 25.40196991, 25.40196991, 16.35793304, 25.40196991, 10.85316372, 20.50147247, 25.40196991, 16.35793304, 25.40196991, 25.40196991, 30.58232117, 16.35793304, 20.50147247]"
886,"[20.50147247, 20.50147247, 20.50147247, 30.58232117, 16.35793304, 25.40196991, 20.50147247, 20.50147247, 36.45310974, 10.85316372, 20.50147247, 20.50147247, 25.40196991, 30.58232117, 16.35793304, 25.40196991, 10.85316372, 20.50147247, 25.40196991, 20.50147247, 25.40196991, 25.40196991, 30.58232117, 20.50147247, 20.50147247]"
887,"[20.50147247, 20.50147247, 20.50147247, 30.58232117, 20.50147247, 25.40196991, 20.50147247, 20.50147247, 34.56784439, 10.85316372, 25.40196991, 16.35793304, 25.40196991, 30.58232117, 16.35793304, 20.50147247, 10.85316372, 20.50147247, 25.40196991, 20.50147247, 25.40196991, 25.40196991, 25.40196991, 20.50147247, 20.50147247]"
888,"[20.50147247, 16.35793304, 16.35793304, 30.58232117, 25.40196991, 25.40196991, 20.50147247, 20.50147247, 39.55387878, 10.85316372, 20.50147247, 16.35793304, 25.40196991, 30.58232117, 25.40196991, 20.50147247, 10.85316372, 20.50147247, 25.40196991, 16.35793304, 25.40196991, 20.50147247, 30.58232117, 20.50147247, 25.40196991]"
889,"[20.50147247, 16.35793304, 20.50147247, 10.85316372, 16.35793304, 25.40196991, 16.35793304, 20.50147247, 10.85316372, 10.85316372, 20.50147247, 20.50147247, 25.40196991, 30.58232117, 20.50147247, 25.40196991, 30.58232117, 20.50147247, 25.40196991, 16.35793304, 20.50147247, 20.50147247, 30.58232117, 20.50147247, 20.50147247]"
890,"[16.35793304, 16.35793304, 20.50147247, 30.58232117, 16.35793304, 20.50147247, 16.35793304, 16.35793304, 36.45310974, 10.85316372, 20.50147247, 16.35793304, 25.40196991, 30.58232117, 16.35793304, 20.50147247, 30.58232117, 20.50147247, 25.40196991, 16.35793304, 20.50147247, 20.50147247, 30.58232117, 20.50147247, 20.50147247]"
891,"[16.35793304, 16.35793304, 20.50147247, 30.58232117, 16.35793304, 20.50147247, 20.50147247, 16.35793304, 10.85316372, 10.85316372, 20.50147247, 12.86226368, 20.50147247, 25.40196991, 16.35793304, 20.50147247, 30.58232117, 16.35793304, 25.40196991, 16.35793304, 20.50147247, 20.50147247, 25.40196991, 20.50147247, 20.50147247]"
892,"[16.35793304, 16.35793304, 16.35793304, 30.58232117, 25.40196991, 25.40196991, 16.35793304, 16.35793304, 30.58232117, 30.58232117, 20.50147247, 12.86226368, 20.50147247, 30.58232117, 16.35793304, 20.50147247, 30.58232117, 16.35793304, 25.40196991, 16.35793304, 20.50147247, 20.50147247, 25.40196991, 16.35793304, 20.50147247]"
893,"[16.35793304, 16.35793304, 20.50147247, 25.40196991, 34.56784439, 25.40196991, 16.35793304, 20.50147247, 36.45310974, 30.58232117, 25.40196991, 12.86226368, 20.50147247, 10.85316372, 20.50147247, 20.50147247, 30.58232117, 16.35793304, 25.40196991, 16.35793304, 20.50147247, 20.50147247, 25.40196991, 16.35793304, 20.50147247]"
894,"[16.35793304, 16.35793304, 20.50147247, 25.40196991, 30.58232117, 25.40196991, 16.35793304, 20.50147247, 34.56784439, 10.85316372, 25.40196991, 16.35793304, 25.40196991, 10.85316372, 25.40196991, 30.58232117, 10.85316372, 20.50147247, 25.40196991, 16.35793304, 20.50147247, 20.50147247, 25.40196991, 16.35793304, 20.50147247]"
895,"[20.50147247, 16.35793304, 20.50147247, 30.58232117, 20.50147247, 25.40196991, 16.35793304, 20.50147247, 10.85316372, 10.85316372, 25.40196991, 16.35793304, 25.40196991, 30.58232117, 25.40196991, 30.58232117, 34.56784439, 25.40196991, 25.40196991, 20.50147247, 25.40196991, 20.50147247, 25.40196991, 20.50147247, 25.40196991]"
896,"[20.50147247, 20.50147247, 20.50147247, 30.58232117, 20.50147247, 25.40196991, 20.50147247, 20.50147247, 34.56784439, 34.56784439, 20.50147247, 20.50147247, 25.40196991, 25.40196991, 25.40196991, 25.40196991, 34.56784439, 20.50147247, 25.40196991, 20.50147247, 25.40196991, 20.50147247, 30.58232117, 20.50147247, 16.35793304]"
897,"[20.50147247, 20.50147247, 20.50147247, 30.58232117, 20.50147247, 25.40196991, 20.50147247, 20.50147247, 34.56784439, 10.85316372, 20.50147247, 20.50147247, 25.40196991, 25.40196991, 25.40196991, 20.50147247, 10.85316372, 25.40196991, 25.40196991, 20.50147247, 25.40196991, 20.50147247, 25.40196991, 20.50147247, 20.50147247]"
898,"[20.50147247, 16.35793304, 20.50147247, 25.40196991, 16.35793304, 25.40196991, 16.35793304, 20.50147247, 36.45310974, 30.58232117, 20.50147247, 16.35793304, 20.50147247, 30.58232117, 20.50147247, 20.50147247, 10.85316372, 20.50147247, 25.40196991, 16.35793304, 25.40196991, 20.50147247, 25.40196991, 20.50147247, 16.35793304]"
899,"[20.50147247, 16.35793304, 16.35793304, 25.40196991, 12.86226368, 25.40196991, 20.50147247, 20.50147247, 10.85316372, 34.56784439, 20.50147247, 20.50147247, 20.50147247, 30.58232117, 25.40196991, 20.50147247, 10.85316372, 20.50147247, 25.40196991, 16.35793304, 25.40196991, 20.50147247, 30.58232117, 16.35793304, 20.50147247]"
900,"[20.50147247, 16.35793304, 20.50147247, 10.85316372, 16.35793304, 25.40196991, 20.50147247, 20.50147247, 36.45310974, 10.85316372, 20.50147247, 20.50147247, 20.50147247, 30.58232117, 20.50147247, 25.40196991, 10.85316372, 20.50147247, 25.40196991, 20.50147247, 25.40196991, 20.50147247, 25.40196991, 16.35793304, 20.50147247]"
901,"[20.50147247, 16.35793304, 20.50147247, 25.40196991, 16.35793304, 25.40196991, 16.35793304, 20.50147247, 39.55387878, 30.58232117, 20.50147247, 20.50147247, 20.50147247, 30.58232117, 10.85316372, 30.58232117, 34.56784439, 20.50147247, 25.40196991, 20.50147247, 25.40196991, 20.50147247, 30.58232117, 20.50147247, 20.50147247]"
902,"[20.50147247, 20.50147247, 25.40196991, 30.58232117, 16.35793304, 30.58232117, 20.50147247, 20.50147247, 34.56784439, 10.85316372, 20.50147247, 20.50147247, 20.50147247, 30.58232117, 20.50147247, 34.56784439, 34.56784439, 20.50147247, 25.40196991, 20.50147247, 25.40196991, 25.40196991, 30.58232117, 20.50147247, 20.50147247]"
903,"[20.50147247, 20.50147247, 25.40196991, 10.85316372, 25.40196991, 25.40196991, 20.50147247, 20.50147247, 36.45310974, 10.85316372, 25.40196991, 20.50147247, 25.40196991, 30.58232117, 20.50147247, 34.56784439, 10.85316372, 20.50147247, 30.58232117, 20.50147247, 30.58232117, 25.40196991, 25.40196991, 25.40196991, 20.50147247]"
904,"[20.50147247, 20.50147247, 25.40196991, 10.85316372, 25.40196991, 30.58232117, 25.40196991, 20.50147247, 36.45310974, 30.58232117, 25.40196991, 20.50147247, 25.40196991, 10.85316372, 25.40196991, 36.45310974, 34.56784439, 20.50147247, 30.58232117, 20.50147247, 34.56784439, 25.40196991, 30.58232117, 25.40196991, 20.50147247]"
905,"[25.40196991, 25.40196991, 25.40196991, 10.85316372, 30.58232117, 30.58232117, 25.40196991, 20.50147247, 36.45310974, 34.56784439, 25.40196991, 16.35793304, 25.40196991, 10.85316372, 20.50147247, 10.85316372, 34.56784439, 20.50147247, 25.40196991, 20.50147247, 34.56784439, 25.40196991, 30.58232117, 20.50147247, 25.40196991]"
906,"[20.50147247, 20.50147247, 20.50147247, 10.85316372, 20.50147247, 30.58232117, 20.50147247, 20.50147247, 36.45310974, 30.58232117, 20.50147247, 20.50147247, 25.40196991, 30.58232117, 25.40196991, 10.85316372, 10.85316372, 25.40196991, 25.40196991, 20.50147247, 25.40196991, 25.40196991, 30.58232117, 20.50147247, 25.40196991]"
907,"[20.50147247, 20.50147247, 20.50147247, 10.85316372, 34.56784439, 30.58232117, 20.50147247, 20.50147247, 36.45310974, 34.56784439, 25.40196991, 16.35793304, 25.40196991, 10.85316372, 20.50147247, 30.58232117, 34.56784439, 20.50147247, 30.58232117, 20.50147247, 25.40196991, 25.40196991, 25.40196991, 20.50147247, 25.40196991]"
908,"[20.50147247, 20.50147247, 20.50147247, 25.40196991, 10.85316372, 30.58232117, 25.40196991, 20.50147247, 36.45310974, 10.85316372, 25.40196991, 16.35793304, 25.40196991, 10.85316372, 20.50147247, 30.58232117, 34.56784439, 20.50147247, 30.58232117, 20.50147247, 30.58232117, 25.40196991, 30.58232117, 20.50147247, 20.50147247]"
909,"[20.50147247, 20.50147247, 20.50147247, 30.58232117, 30.58232117, 30.58232117, 20.50147247, 20.50147247, 39.55387878, 10.85316372, 25.40196991, 16.35793304, 25.40196991, 10.85316372, 25.40196991, 30.58232117, 34.56784439, 25.40196991, 25.40196991, 20.50147247, 30.58232117, 25.40196991, 30.58232117, 20.50147247, 20.50147247]"
910,"[20.50147247, 20.50147247, 25.40196991, 30.58232117, 20.50147247, 30.58232117, 20.50147247, 20.50147247, 34.56784439, 34.56784439, 25.40196991, 20.50147247, 25.40196991, 30.58232117, 20.50147247, 25.40196991, 34.56784439, 20.50147247, 25.40196991, 20.50147247, 30.58232117, 25.40196991, 30.58232117, 25.40196991, 25.40196991]"
911,"[20.50147247, 20.50147247, 20.50147247, 10.85316372, 20.50147247, 30.58232117, 20.50147247, 20.50147247, 36.45310974, 34.56784439, 25.40196991, 20.50147247, 25.40196991, 30.58232117, 20.50147247, 30.58232117, 10.85316372, 25.40196991, 25.40196991, 20.50147247, 25.40196991, 25.40196991, 30.58232117, 20.50147247, 16.35793304]"
912,"[20.50147247, 20.50147247, 20.50147247, 10.85316372, 20.50147247, 25.40196991, 20.50147247, 20.50147247, 36.45310974, 30.58232117, 25.40196991, 20.50147247, 25.40196991, 30.58232117, 20.50147247, 25.40196991, 10.85316372, 20.50147247, 20.50147247, 20.50147247, 25.40196991, 25.40196991, 25.40196991, 20.50147247, 20.50147247]"
913,"[20.50147247, 20.50147247, 20.50147247, 30.58232117, 30.58232117, 25.40196991, 20.50147247, 20.50147247, 10.85316372, 10.85316372, 25.40196991, 16.35793304, 25.40196991, 30.58232117, 20.50147247, 25.40196991, 10.85316372, 20.50147247, 20.50147247, 20.50147247, 25.40196991, 20.50147247, 25.40196991, 25.40196991, 25.40196991]"
914,"[25.40196991, 25.40196991, 30.58232117, 10.85316372, 25.40196991, 30.58232117, 25.40196991, 25.40196991, 36.45310974, 34.56784439, 30.58232117, 25.40196991, 30.58232117, 10.85316372, 25.40196991, 30.58232117, 36.45310974, 30.58232117, 25.40196991, 25.40196991, 30.58232117, 25.40196991, 25.40196991, 25.40196991, 25.40196991]"
915,"[25.40196991, 30.58232117, 30.58232117, 34.56784439, 30.58232117, 10.85316372, 30.58232117, 25.40196991, 39.74495697, 36.45310974, 30.58232117, 25.40196991, 10.85316372, 10.85316372, 30.58232117, 30.58232117, 39.55387878, 30.58232117, 25.40196991, 30.58232117, 10.85316372, 30.58232117, 10.85316372, 25.40196991, 25.40196991]"
916,"[30.58232117, 30.58232117, 30.58232117, 34.56784439, 30.58232117, 34.56784439, 30.58232117, 25.40196991, 39.55387878, 34.56784439, 30.58232117, 30.58232117, 10.85316372, 10.85316372, 10.85316372, 25.40196991, 39.55387878, 30.58232117, 30.58232117, 30.58232117, 10.85316372, 30.58232117, 30.58232117, 25.40196991, 25.40196991]"
917,"[30.58232117, 30.58232117, 10.85316372, 34.56784439, 25.40196991, 34.56784439, 30.58232117, 25.40196991, 39.74495697, 34.56784439, 30.58232117, 30.58232117, 10.85316372, 10.85316372, 30.58232117, 30.58232117, 39.55387878, 30.58232117, 30.58232117, 25.40196991, 10.85316372, 30.58232117, 10.85316372, 30.58232117, 25.40196991]"
918,"[30.58232117, 25.40196991, 30.58232117, 10.85316372, 25.40196991, 10.85316372, 30.58232117, 30.58232117, 39.55387878, 36.45310974, 30.58232117, 25.40196991, 10.85316372, 34.56784439, 25.40196991, 30.58232117, 39.55387878, 30.58232117, 30.58232117, 25.40196991, 10.85316372, 30.58232117, 30.58232117, 30.58232117, 25.40196991]"
919,"[25.40196991, 25.40196991, 30.58232117, 10.85316372, 20.50147247, 10.85316372, 25.40196991, 25.40196991, 36.45310974, 36.45310974, 25.40196991, 25.40196991, 30.58232117, 10.85316372, 20.50147247, 30.58232117, 34.56784439, 25.40196991, 30.58232117, 25.40196991, 30.58232117, 30.58232117, 10.85316372, 25.40196991, 10.85316372]"
920,"[25.40196991, 25.40196991, 25.40196991, 10.85316372, 20.50147247, 30.58232117, 25.40196991, 25.40196991, 34.56784439, 30.58232117, 25.40196991, 20.50147247, 25.40196991, 10.85316372, 20.50147247, 30.58232117, 34.56784439, 20.50147247, 30.58232117, 25.40196991, 30.58232117, 25.40196991, 10.85316372, 20.50147247, 30.58232117]"
921,"[20.50147247, 25.40196991, 25.40196991, 30.58232117, 20.50147247, 25.40196991, 20.50147247, 25.40196991, 36.45310974, 36.45310974, 20.50147247, 20.50147247, 25.40196991, 10.85316372, 25.40196991, 10.85316372, 10.85316372, 20.50147247, 25.40196991, 20.50147247, 25.40196991, 25.40196991, 10.85316372, 20.50147247, 30.58232117]"
922,"[20.50147247, 20.50147247, 25.40196991, 30.58232117, 20.50147247, 25.40196991, 20.50147247, 20.50147247, 36.45310974, 10.85316372, 20.50147247, 20.50147247, 25.40196991, 30.58232117, 25.40196991, 10.85316372, 34.56784439, 20.50147247, 25.40196991, 20.50147247, 25.40196991, 25.40196991, 30.58232117, 20.50147247, 25.40196991]"
923,"[20.50147247, 20.50147247, 20.50147247, 30.58232117, 20.50147247, 30.58232117, 20.50147247, 20.50147247, 36.45310974, 10.85316372, 20.50147247, 20.50147247, 25.40196991, 30.58232117, 25.40196991, 30.58232117, 34.56784439, 25.40196991, 25.40196991, 20.50147247, 25.40196991, 25.40196991, 30.58232117, 20.50147247, 20.50147247]"
924,"[25.40196991, 25.40196991, 25.40196991, 34.56784439, 25.40196991, 10.85316372, 25.40196991, 25.40196991, 39.55387878, 30.58232117, 30.58232117, 25.40196991, 30.58232117, 10.85316372, 10.85316372, 10.85316372, 34.56784439, 10.85316372, 30.58232117, 20.50147247, 30.58232117, 25.40196991, 30.58232117, 20.50147247, 25.40196991]"
925,"[30.58232117, 30.58232117, 10.85316372, 36.45310974, 30.58232117, 10.85316372, 30.58232117, 25.40196991, 36.45310974, 34.56784439, 30.58232117, 25.40196991, 10.85316372, 34.56784439, 25.40196991, 34.56784439, 36.45310974, 30.58232117, 30.58232117, 25.40196991, 10.85316372, 30.58232117, 34.56784439, 30.58232117, 25.40196991]"
926,"[25.40196991, 25.40196991, 30.58232117, 10.85316372, 25.40196991, 30.58232117, 25.40196991, 25.40196991, 39.55387878, 36.45310974, 25.40196991, 20.50147247, 30.58232117, 10.85316372, 25.40196991, 25.40196991, 34.56784439, 20.50147247, 25.40196991, 25.40196991, 30.58232117, 25.40196991, 30.58232117, 25.40196991, 30.58232117]"
927,"[20.50147247, 25.40196991, 25.40196991, 10.85316372, 25.40196991, 30.58232117, 20.50147247, 25.40196991, 34.56784439, 10.85316372, 20.50147247, 20.50147247, 25.40196991, 30.58232117, 25.40196991, 25.40196991, 34.56784439, 20.50147247, 25.40196991, 20.50147247, 30.58232117, 25.40196991, 30.58232117, 20.50147247, 25.40196991]"
928,"[20.50147247, 25.40196991, 25.40196991, 10.85316372, 20.50147247, 30.58232117, 20.50147247, 20.50147247, 34.56784439, 34.56784439, 20.50147247, 20.50147247, 25.40196991, 10.85316372, 20.50147247, 10.85316372, 34.56784439, 20.50147247, 25.40196991, 20.50147247, 25.40196991, 25.40196991, 10.85316372, 20.50147247, 30.58232117]"
929,"[25.40196991, 25.40196991, 20.50147247, 10.85316372, 25.40196991, 30.58232117, 20.50147247, 20.50147247, 34.56784439, 10.85316372, 25.40196991, 20.50147247, 25.40196991, 30.58232117, 30.58232117, 25.40196991, 10.85316372, 20.50147247, 30.58232117, 20.50147247, 25.40196991, 25.40196991, 30.58232117, 20.50147247, 20.50147247]"
930,"[20.50147247, 25.40196991, 20.50147247, 10.85316372, 34.56784439, 30.58232117, 20.50147247, 20.50147247, 34.56784439, 34.56784439, 25.40196991, 16.35793304, 25.40196991, 30.58232117, 20.50147247, 20.50147247, 10.85316372, 20.50147247, 25.40196991, 20.50147247, 25.40196991, 25.40196991, 30.58232117, 20.50147247, 25.40196991]"
931,"[25.40196991, 25.40196991, 16.35793304, 25.40196991, 34.56784439, 30.58232117, 20.50147247, 20.50147247, 34.56784439, 10.85316372, 20.50147247, 16.35793304, 25.40196991, 30.58232117, 16.35793304, 20.50147247, 10.85316372, 20.50147247, 25.40196991, 20.50147247, 25.40196991, 25.40196991, 25.40196991, 20.50147247, 20.50147247]"
932,"[20.50147247, 25.40196991, 20.50147247, 25.40196991, 34.56784439, 10.85316372, 20.50147247, 20.50147247, 10.85316372, 10.85316372, 20.50147247, 16.35793304, 25.40196991, 10.85316372, 20.50147247, 20.50147247, 10.85316372, 20.50147247, 25.40196991, 20.50147247, 25.40196991, 25.40196991, 25.40196991, 20.50147247, 20.50147247]"
933,"[20.50147247, 20.50147247, 16.35793304, 25.40196991, 36.45310974, 30.58232117, 20.50147247, 20.50147247, 36.45310974, 10.85316372, 25.40196991, 16.35793304, 25.40196991, 30.58232117, 20.50147247, 25.40196991, 10.85316372, 20.50147247, 30.58232117, 20.50147247, 25.40196991, 25.40196991, 30.58232117, 20.50147247, 25.40196991]"
934,"[20.50147247, 20.50147247, 20.50147247, 25.40196991, 34.56784439, 10.85316372, 20.50147247, 20.50147247, 36.45310974, 10.85316372, 20.50147247, 16.35793304, 25.40196991, 30.58232117, 25.40196991, 30.58232117, 34.56784439, 20.50147247, 25.40196991, 20.50147247, 25.40196991, 25.40196991, 25.40196991, 20.50147247, 25.40196991]"
935,"[20.50147247, 20.50147247, 20.50147247, 30.58232117, 36.45310974, 10.85316372, 20.50147247, 20.50147247, 34.56784439, 34.56784439, 20.50147247, 16.35793304, 25.40196991, 30.58232117, 25.40196991, 34.56784439, 34.56784439, 20.50147247, 25.40196991, 20.50147247, 30.58232117, 25.40196991, 25.40196991, 20.50147247, 25.40196991]"
936,"[20.50147247, 20.50147247, 20.50147247, 30.58232117, 30.58232117, 30.58232117, 20.50147247, 20.50147247, 39.55387878, 34.56784439, 25.40196991, 20.50147247, 30.58232117, 25.40196991, 30.58232117, 30.58232117, 36.45310974, 20.50147247, 30.58232117, 20.50147247, 30.58232117, 25.40196991, 30.58232117, 25.40196991, 25.40196991]"
937,"[20.50147247, 20.50147247, 20.50147247, 30.58232117, 20.50147247, 30.58232117, 20.50147247, 25.40196991, 10.85316372, 30.58232117, 25.40196991, 20.50147247, 25.40196991, 25.40196991, 30.58232117, 25.40196991, 36.45310974, 25.40196991, 25.40196991, 20.50147247, 30.58232117, 25.40196991, 30.58232117, 25.40196991, 20.50147247]"
938,"[20.50147247, 20.50147247, 25.40196991, 10.85316372, 20.50147247, 25.40196991, 20.50147247, 20.50147247, 36.45310974, 10.85316372, 20.50147247, 16.35793304, 25.40196991, 25.40196991, 20.50147247, 25.40196991, 34.56784439, 20.50147247, 25.40196991, 20.50147247, 30.58232117, 25.40196991, 25.40196991, 20.50147247, 20.50147247]"
939,"[20.50147247, 20.50147247, 20.50147247, 30.58232117, 16.35793304, 25.40196991, 20.50147247, 20.50147247, 39.55387878, 34.56784439, 20.50147247, 16.35793304, 25.40196991, 30.58232117, 20.50147247, 20.50147247, 10.85316372, 20.50147247, 25.40196991, 20.50147247, 25.40196991, 20.50147247, 25.40196991, 16.35793304, 20.50147247]"
940,"[16.35793304, 16.35793304, 16.35793304, 25.40196991, 16.35793304, 20.50147247, 20.50147247, 16.35793304, 10.85316372, 10.85316372, 16.35793304, 16.35793304, 20.50147247, 25.40196991, 16.35793304, 25.40196991, 76.43160248, 25.40196991, 25.40196991, 16.35793304, 25.40196991, 20.50147247, 30.58232117, 16.35793304, 20.50147247]"
941,"[20.50147247, 16.35793304, 16.35793304, 25.40196991, 16.35793304, 25.40196991, 16.35793304, 16.35793304, 36.45310974, 30.58232117, 20.50147247, 16.35793304, 20.50147247, 25.40196991, 16.35793304, 25.40196991, 16.35793304, 20.50147247, 25.40196991, 16.35793304, 20.50147247, 20.50147247, 25.40196991, 16.35793304, 20.50147247]"
942,"[20.50147247, 16.35793304, 20.50147247, 25.40196991, 16.35793304, 25.40196991, 42.99325562, 16.35793304, 39.55387878, 10.85316372, 20.50147247, 16.35793304, 20.50147247, 30.58232117, 16.35793304, 25.40196991, 16.35793304, 16.35793304, 25.40196991, 16.35793304, 49.68092346, 20.50147247, 25.40196991, 16.35793304, 20.50147247]"
943,"[20.50147247, 16.35793304, 16.35793304, 25.40196991, 16.35793304, 25.40196991, 44.13971329, 16.35793304, 34.56784439, 34.56784439, 20.50147247, 16.35793304, 20.50147247, 25.40196991, 25.40196991, 30.58232117, 16.35793304, 16.35793304, 25.40196991, 16.35793304, 16.35793304, 20.50147247, 20.50147247, 16.35793304, 25.40196991]"
944,"[20.50147247, 20.50147247, 20.50147247, 25.40196991, 16.35793304, 30.58232117, 16.35793304, 20.50147247, 34.56784439, 10.85316372, 20.50147247, 16.35793304, 20.50147247, 30.58232117, 25.40196991, 10.85316372, 16.35793304, 20.50147247, 25.40196991, 20.50147247, 16.35793304, 25.40196991, 30.58232117, 16.35793304, 16.35793304]"
945,"[25.40196991, 30.58232117, 25.40196991, 10.85316372, 25.40196991, 25.40196991, 20.50147247, 20.50147247, 34.56784439, 10.85316372, 20.50147247, 20.50147247, 25.40196991, 30.58232117, 16.35793304, 30.58232117, 16.35793304, 20.50147247, 25.40196991, 20.50147247, 16.35793304, 20.50147247, 30.58232117, 20.50147247, 20.50147247]"
946,"[20.50147247, 20.50147247, 20.50147247, 30.58232117, 20.50147247, 25.40196991, 20.50147247, 20.50147247, 10.85316372, 10.85316372, 25.40196991, 20.50147247, 20.50147247, 30.58232117, 20.50147247, 34.56784439, 20.50147247, 20.50147247, 25.40196991, 20.50147247, 16.35793304, 25.40196991, 30.58232117, 16.35793304, 20.50147247]"
947,"[20.50147247, 20.50147247, 20.50147247, 25.40196991, 16.35793304, 25.40196991, 20.50147247, 20.50147247, 34.56784439, 10.85316372, 20.50147247, 16.35793304, 25.40196991, 30.58232117, 20.50147247, 30.58232117, 20.50147247, 20.50147247, 25.40196991, 16.35793304, 16.35793304, 20.50147247, 30.58232117, 20.50147247, 20.50147247]"
948,"[20.50147247, 16.35793304, 20.50147247, 30.58232117, 16.35793304, 25.40196991, 16.35793304, 20.50147247, 34.56784439, 10.85316372, 20.50147247, 16.35793304, 20.50147247, 25.40196991, 16.35793304, 25.40196991, 20.50147247, 20.50147247, 25.40196991, 16.35793304, 16.35793304, 20.50147247, 30.58232117, 20.50147247, 20.50147247]"
949,"[20.50147247, 20.50147247, 20.50147247, 30.58232117, 20.50147247, 25.40196991, 16.35793304, 16.35793304, 34.56784439, 10.85316372, 20.50147247, 16.35793304, 20.50147247, 25.40196991, 20.50147247, 20.50147247, 20.50147247, 20.50147247, 25.40196991, 16.35793304, 16.35793304, 20.50147247, 25.40196991, 16.35793304, 25.40196991]"
950,"[20.50147247, 20.50147247, 20.50147247, 30.58232117, 16.35793304, 25.40196991, 20.50147247, 20.50147247, 36.45310974, 34.56784439, 20.50147247, 16.35793304, 20.50147247, 25.40196991, 25.40196991, 20.50147247, 20.50147247, 20.50147247, 25.40196991, 16.35793304, 16.35793304, 20.50147247, 25.40196991, 16.35793304, 20.50147247]"
951,"[20.50147247, 20.50147247, 20.50147247, 30.58232117, 25.40196991, 25.40196991, 20.50147247, 20.50147247, 34.56784439, 30.58232117, 20.50147247, 16.35793304, 25.40196991, 30.58232117, 20.50147247, 25.40196991, 20.50147247, 20.50147247, 25.40196991, 20.50147247, 16.35793304, 25.40196991, 25.40196991, 16.35793304, 20.50147247]"
952,"[20.50147247, 20.50147247, 20.50147247, 25.40196991, 10.85316372, 30.58232117, 20.50147247, 20.50147247, 34.56784439, 10.85316372, 25.40196991, 16.35793304, 25.40196991, 30.58232117, 16.35793304, 25.40196991, 20.50147247, 20.50147247, 25.40196991, 20.50147247, 16.35793304, 25.40196991, 30.58232117, 20.50147247, 20.50147247]"
953,"[20.50147247, 20.50147247, 20.50147247, 30.58232117, 10.85316372, 30.58232117, 20.50147247, 20.50147247, 10.85316372, 30.58232117, 25.40196991, 16.35793304, 25.40196991, 30.58232117, 20.50147247, 25.40196991, 20.50147247, 20.50147247, 25.40196991, 20.50147247, 16.35793304, 25.40196991, 30.58232117, 20.50147247, 25.40196991]"
954,"[20.50147247, 16.35793304, 20.50147247, 25.40196991, 39.55387878, 30.58232117, 20.50147247, 20.50147247, 34.56784439, 10.85316372, 25.40196991, 16.35793304, 25.40196991, 30.58232117, 16.35793304, 20.50147247, 20.50147247, 25.40196991, 25.40196991, 16.35793304, 16.35793304, 25.40196991, 30.58232117, 20.50147247, 20.50147247]"
955,"[25.40196991, 20.50147247, 20.50147247, 25.40196991, 39.55387878, 30.58232117, 20.50147247, 20.50147247, 34.56784439, 10.85316372, 25.40196991, 16.35793304, 25.40196991, 10.85316372, 20.50147247, 25.40196991, 20.50147247, 20.50147247, 25.40196991, 20.50147247, 16.35793304, 25.40196991, 30.58232117, 20.50147247, 25.40196991]"
956,"[25.40196991, 20.50147247, 20.50147247, 25.40196991, 39.55387878, 10.85316372, 20.50147247, 20.50147247, 34.56784439, 10.85316372, 25.40196991, 16.35793304, 25.40196991, 10.85316372, 20.50147247, 25.40196991, 25.40196991, 20.50147247, 25.40196991, 20.50147247, 20.50147247, 25.40196991, 30.58232117, 20.50147247, 20.50147247]"
957,"[25.40196991, 25.40196991, 20.50147247, 25.40196991, 36.45310974, 10.85316372, 20.50147247, 20.50147247, 34.56784439, 36.45310974, 25.40196991, 16.35793304, 30.58232117, 30.58232117, 16.35793304, 25.40196991, 25.40196991, 20.50147247, 25.40196991, 20.50147247, 25.40196991, 25.40196991, 25.40196991, 20.50147247, 20.50147247]"
958,"[25.40196991, 25.40196991, 25.40196991, 30.58232117, 34.56784439, 10.85316372, 34.56784439, 20.50147247, 36.45310974, 10.85316372, 25.40196991, 16.35793304, 30.58232117, 10.85316372, 30.58232117, 25.40196991, 25.40196991, 25.40196991, 25.40196991, 20.50147247, 20.50147247, 30.58232117, 25.40196991, 20.50147247, 25.40196991]"
959,"[20.50147247, 20.50147247, 25.40196991, 30.58232117, 25.40196991, 10.85316372, 25.40196991, 20.50147247, 36.45310974, 10.85316372, 25.40196991, 20.50147247, 30.58232117, 30.58232117, 10.85316372, 25.40196991, 25.40196991, 25.40196991, 25.40196991, 20.50147247, 20.50147247, 25.40196991, 25.40196991, 20.50147247, 20.50147247]"
960,"[20.50147247, 20.50147247, 25.40196991, 30.58232117, 20.50147247, 10.85316372, 16.35793304, 20.50147247, 10.85316372, 10.85316372, 25.40196991, 20.50147247, 25.40196991, 30.58232117, 30.58232117, 30.58232117, 25.40196991, 25.40196991, 25.40196991, 20.50147247, 20.50147247, 25.40196991, 25.40196991, 20.50147247, 20.50147247]"
961,"[20.50147247, 20.50147247, 20.50147247, 30.58232117, 16.35793304, 30.58232117, 20.50147247, 20.50147247, 36.45310974, 10.85316372, 20.50147247, 20.50147247, 20.50147247, 30.58232117, 30.58232117, 25.40196991, 25.40196991, 20.50147247, 25.40196991, 20.50147247, 20.50147247, 20.50147247, 25.40196991, 20.50147247, 20.50147247]"
962,"[20.50147247, 16.35793304, 20.50147247, 30.58232117, 16.35793304, 25.40196991, 20.50147247, 20.50147247, 34.56784439, 34.56784439, 20.50147247, 20.50147247, 20.50147247, 25.40196991, 25.40196991, 25.40196991, 25.40196991, 20.50147247, 25.40196991, 16.35793304, 20.50147247, 20.50147247, 25.40196991, 20.50147247, 25.40196991]"
963,"[20.50147247, 16.35793304, 20.50147247, 25.40196991, 16.35793304, 25.40196991, 20.50147247, 20.50147247, 10.85316372, 10.85316372, 20.50147247, 20.50147247, 20.50147247, 25.40196991, 16.35793304, 20.50147247, 25.40196991, 20.50147247, 25.40196991, 16.35793304, 16.35793304, 20.50147247, 25.40196991, 20.50147247, 20.50147247]"
964,"[20.50147247, 20.50147247, 20.50147247, 25.40196991, 16.35793304, 25.40196991, 20.50147247, 16.35793304, 39.55387878, 30.58232117, 20.50147247, 16.35793304, 20.50147247, 30.58232117, 25.40196991, 25.40196991, 25.40196991, 16.35793304, 25.40196991, 16.35793304, 16.35793304, 20.50147247, 30.58232117, 16.35793304, 20.50147247]"
965,"[20.50147247, 20.50147247, 20.50147247, 25.40196991, 16.35793304, 30.58232117, 20.50147247, 20.50147247, 36.45310974, 10.85316372, 20.50147247, 16.35793304, 20.50147247, 30.58232117, 10.85316372, 36.45310974, 30.58232117, 25.40196991, 25.40196991, 20.50147247, 20.50147247, 25.40196991, 30.58232117, 52.35599136, 20.50147247]"
966,"[48.34339142, 10.85316372, 30.58232117, 10.85316372, 20.50147247, 36.45310974, 20.50147247, 20.50147247, 39.55387878, 25.40196991, 20.50147247, 20.50147247, 20.50147247, 30.58232117, 30.58232117, 40.12710953, 30.58232117, 10.85316372, 34.56784439, 30.58232117, 25.40196991, 34.56784439, 30.58232117, 39.93603134, 25.40196991]"
967,"[25.40196991, 10.85316372, 10.85316372, 10.85316372, 25.40196991, 36.45310974, 30.58232117, 25.40196991, 39.55387878, 10.85316372, 25.40196991, 20.50147247, 20.50147247, 30.58232117, 10.85316372, 40.70033646, 10.85316372, 30.58232117, 34.56784439, 10.85316372, 30.58232117, 34.56784439, 36.45310974, 30.58232117, 25.40196991]"
968,"[25.40196991, 25.40196991, 30.58232117, 10.85316372, 10.85316372, 10.85316372, 25.40196991, 25.40196991, 39.55387878, 10.85316372, 25.40196991, 20.50147247, 20.50147247, 10.85316372, 10.85316372, 39.74495697, 34.56784439, 30.58232117, 10.85316372, 10.85316372, 10.85316372, 34.56784439, 34.56784439, 30.58232117, 25.40196991]"
969,"[25.40196991, 25.40196991, 25.40196991, 30.58232117, 30.58232117, 30.58232117, 25.40196991, 25.40196991, 36.45310974, 36.45310974, 25.40196991, 20.50147247, 25.40196991, 36.45310974, 34.56784439, 36.45310974, 34.56784439, 30.58232117, 10.85316372, 30.58232117, 34.56784439, 30.58232117, 10.85316372, 10.85316372, 30.58232117]"
970,"[20.50147247, 20.50147247, 25.40196991, 30.58232117, 34.56784439, 25.40196991, 20.50147247, 25.40196991, 36.45310974, 34.56784439, 25.40196991, 20.50147247, 25.40196991, 36.45310974, 34.56784439, 40.12710953, 10.85316372, 30.58232117, 30.58232117, 30.58232117, 30.58232117, 25.40196991, 10.85316372, 30.58232117, 30.58232117]"
971,"[20.50147247, 25.40196991, 25.40196991, 30.58232117, 20.50147247, 10.85316372, 20.50147247, 20.50147247, 39.55387878, 34.56784439, 20.50147247, 16.35793304, 20.50147247, 10.85316372, 39.55387878, 41.08248901, 34.56784439, 10.85316372, 36.45310974, 10.85316372, 10.85316372, 30.58232117, 30.58232117, 25.40196991, 25.40196991]"
972,"[20.50147247, 25.40196991, 25.40196991, 30.58232117, 20.50147247, 10.85316372, 20.50147247, 20.50147247, 34.56784439, 10.85316372, 20.50147247, 20.50147247, 25.40196991, 34.56784439, 40.3181839, 41.08248901, 39.55387878, 10.85316372, 39.55387878, 10.85316372, 10.85316372, 30.58232117, 30.58232117, 25.40196991, 25.40196991]"
973,"[20.50147247, 25.40196991, 25.40196991, 34.56784439, 25.40196991, 30.58232117, 20.50147247, 20.50147247, 10.85316372, 34.56784439, 25.40196991, 16.35793304, 25.40196991, 34.56784439, 30.58232117, 36.45310974, 34.56784439, 36.45310974, 10.85316372, 10.85316372, 10.85316372, 25.40196991, 10.85316372, 25.40196991, 25.40196991]"
974,"[25.40196991, 25.40196991, 25.40196991, 10.85316372, 36.45310974, 10.85316372, 25.40196991, 20.50147247, 36.45310974, 34.56784439, 25.40196991, 20.50147247, 25.40196991, 10.85316372, 30.58232117, 34.56784439, 30.58232117, 34.56784439, 30.58232117, 30.58232117, 25.40196991, 25.40196991, 10.85316372, 20.50147247, 20.50147247]"
975,"[25.40196991, 25.40196991, 25.40196991, 10.85316372, 36.45310974, 10.85316372, 20.50147247, 20.50147247, 36.45310974, 30.58232117, 25.40196991, 20.50147247, 25.40196991, 30.58232117, 20.50147247, 30.58232117, 30.58232117, 34.56784439, 30.58232117, 10.85316372, 25.40196991, 25.40196991, 30.58232117, 30.58232117, 25.40196991]"
976,"[25.40196991, 25.40196991, 25.40196991, 10.85316372, 39.55387878, 10.85316372, 20.50147247, 20.50147247, 39.55387878, 10.85316372, 25.40196991, 16.35793304, 25.40196991, 10.85316372, 30.58232117, 36.45310974, 30.58232117, 34.56784439, 30.58232117, 30.58232117, 30.58232117, 25.40196991, 30.58232117, 10.85316372, 25.40196991]"
977,"[20.50147247, 25.40196991, 25.40196991, 10.85316372, 25.40196991, 10.85316372, 20.50147247, 20.50147247, 34.56784439, 36.45310974, 25.40196991, 16.35793304, 25.40196991, 34.56784439, 10.85316372, 34.56784439, 34.56784439, 34.56784439, 34.56784439, 30.58232117, 30.58232117, 25.40196991, 30.58232117, 10.85316372, 20.50147247]"
978,"[20.50147247, 25.40196991, 30.58232117, 30.58232117, 25.40196991, 25.40196991, 20.50147247, 16.35793304, 36.45310974, 10.85316372, 20.50147247, 16.35793304, 25.40196991, 30.58232117, 20.50147247, 25.40196991, 25.40196991, 10.85316372, 30.58232117, 30.58232117, 25.40196991, 25.40196991, 30.58232117, 25.40196991, 16.35793304]"
979,"[16.35793304, 16.35793304, 20.50147247, 25.40196991, 16.35793304, 20.50147247, 20.50147247, 16.35793304, 36.45310974, 10.85316372, 20.50147247, 16.35793304, 20.50147247, 25.40196991, 16.35793304, 20.50147247, 20.50147247, 20.50147247, 25.40196991, 20.50147247, 20.50147247, 25.40196991, 10.85316372, 25.40196991, 20.50147247]"
980,"[16.35793304, 16.35793304, 16.35793304, 30.58232117, 16.35793304, 20.50147247, 16.35793304, 16.35793304, 10.85316372, 30.58232117, 16.35793304, 12.86226368, 20.50147247, 25.40196991, 16.35793304, 20.50147247, 20.50147247, 16.35793304, 25.40196991, 16.35793304, 16.35793304, 20.50147247, 30.58232117, 16.35793304, 25.40196991]"
981,"[16.35793304, 16.35793304, 16.35793304, 25.40196991, 16.35793304, 20.50147247, 16.35793304, 16.35793304, 10.85316372, 25.40196991, 16.35793304, 16.35793304, 20.50147247, 25.40196991, 16.35793304, 16.35793304, 20.50147247, 16.35793304, 25.40196991, 16.35793304, 16.35793304, 20.50147247, 30.58232117, 16.35793304, 20.50147247]"
982,"[16.35793304, 16.35793304, 16.35793304, 25.40196991, 16.35793304, 20.50147247, 16.35793304, 16.35793304, 10.85316372, 25.40196991, 16.35793304, 16.35793304, 20.50147247, 25.40196991, 16.35793304, 25.40196991, 20.50147247, 16.35793304, 20.50147247, 16.35793304, 20.50147247, 20.50147247, 25.40196991, 16.35793304, 16.35793304]"
983,"[16.35793304, 16.35793304, 20.50147247, 25.40196991, 16.35793304, 20.50147247, 16.35793304, 16.35793304, 34.56784439, 25.40196991, 16.35793304, 16.35793304, 20.50147247, 25.40196991, 16.35793304, 20.50147247, 20.50147247, 16.35793304, 20.50147247, 16.35793304, 16.35793304, 20.50147247, 20.50147247, 20.50147247, 16.35793304]"
984,"[16.35793304, 16.35793304, 16.35793304, 25.40196991, 16.35793304, 20.50147247, 16.35793304, 16.35793304, 10.85316372, 10.85316372, 16.35793304, 16.35793304, 20.50147247, 25.40196991, 16.35793304, 20.50147247, 20.50147247, 16.35793304, 20.50147247, 16.35793304, 16.35793304, 20.50147247, 25.40196991, 16.35793304, 16.35793304]"
985,"[16.35793304, 16.35793304, 16.35793304, 30.58232117, 20.50147247, 20.50147247, 16.35793304, 16.35793304, 10.85316372, 10.85316372, 20.50147247, 16.35793304, 20.50147247, 25.40196991, 20.50147247, 20.50147247, 20.50147247, 10.85316372, 20.50147247, 16.35793304, 16.35793304, 20.50147247, 20.50147247, 16.35793304, 20.50147247]"
986,"[16.35793304, 16.35793304, 16.35793304, 30.58232117, 20.50147247, 20.50147247, 16.35793304, 16.35793304, 34.56784439, 10.85316372, 20.50147247, 16.35793304, 20.50147247, 25.40196991, 12.86226368, 20.50147247, 20.50147247, 16.35793304, 20.50147247, 16.35793304, 16.35793304, 20.50147247, 25.40196991, 16.35793304, 20.50147247]"
987,"[16.35793304, 16.35793304, 20.50147247, 25.40196991, 16.35793304, 20.50147247, 16.35793304, 16.35793304, 10.85316372, 30.58232117, 16.35793304, 16.35793304, 20.50147247, 25.40196991, 16.35793304, 16.35793304, 20.50147247, 16.35793304, 20.50147247, 16.35793304, 16.35793304, 20.50147247, 25.40196991, 16.35793304, 20.50147247]"
988,"[16.35793304, 16.35793304, 16.35793304, 25.40196991, 16.35793304, 20.50147247, 16.35793304, 16.35793304, 10.85316372, 30.58232117, 16.35793304, 16.35793304, 20.50147247, 25.40196991, 20.50147247, 20.50147247, 20.50147247, 16.35793304, 25.40196991, 16.35793304, 16.35793304, 20.50147247, 20.50147247, 16.35793304, 20.50147247]"
989,"[16.35793304, 16.35793304, 16.35793304, 25.40196991, 16.35793304, 20.50147247, 16.35793304, 16.35793304, 36.45310974, 30.58232117, 16.35793304, 16.35793304, 20.50147247, 25.40196991, 16.35793304, 20.50147247, 20.50147247, 16.35793304, 16.35793304, 16.35793304, 16.35793304, 20.50147247, 30.58232117, 16.35793304, 16.35793304]"
990,"[16.35793304, 16.35793304, 16.35793304, 25.40196991, 16.35793304, 20.50147247, 16.35793304, 16.35793304, 34.56784439, 30.58232117, 16.35793304, 16.35793304, 20.50147247, 25.40196991, 20.50147247, 16.35793304, 20.50147247, 16.35793304, 25.40196991, 16.35793304, 16.35793304, 20.50147247, 25.40196991, 20.50147247, 20.50147247]"
991,"[16.35793304, 16.35793304, 16.35793304, 25.40196991, 16.35793304, 20.50147247, 16.35793304, 16.35793304, 34.56784439, 30.58232117, 16.35793304, 16.35793304, 20.50147247, 25.40196991, 20.50147247, 20.50147247, 20.50147247, 16.35793304, 10.85316372, 16.35793304, 16.35793304, 20.50147247, 25.40196991, 16.35793304, 16.35793304]"
992,"[16.35793304, 16.35793304, 16.35793304, 25.40196991, 16.35793304, 20.50147247, 16.35793304, 16.35793304, 34.56784439, 30.58232117, 16.35793304, 16.35793304, 20.50147247, 25.40196991, 16.35793304, 25.40196991, 20.50147247, 20.50147247, 10.85316372, 16.35793304, 16.35793304, 20.50147247, 25.40196991, 16.35793304, 20.50147247]"
993,"[16.35793304, 16.35793304, 16.35793304, 20.50147247, 16.35793304, 20.50147247, 16.35793304, 16.35793304, 34.56784439, 10.85316372, 16.35793304, 16.35793304, 20.50147247, 20.50147247, 20.50147247, 25.40196991, 20.50147247, 16.35793304, 20.50147247, 16.35793304, 16.35793304, 20.50147247, 20.50147247, 16.35793304, 16.35793304]"
994,"[16.35793304, 16.35793304, 16.35793304, 20.50147247, 12.86226368, 20.50147247, 16.35793304, 16.35793304, 10.85316372, 25.40196991, 16.35793304, 12.86226368, 20.50147247, 25.40196991, 20.50147247, 20.50147247, 20.50147247, 16.35793304, 20.50147247, 12.86226368, 16.35793304, 20.50147247, 25.40196991, 16.35793304, 20.50147247]"
995,"[16.35793304, 16.35793304, 16.35793304, 20.50147247, 16.35793304, 20.50147247, 16.35793304, 16.35793304, 30.58232117, 10.85316372, 16.35793304, 12.86226368, 20.50147247, 25.40196991, 16.35793304, 20.50147247, 20.50147247, 16.35793304, 20.50147247, 12.86226368, 16.35793304, 20.50147247, 25.40196991, 16.35793304, 16.35793304]"
996,"[16.35793304, 16.35793304, 16.35793304, 25.40196991, 16.35793304, 20.50147247, 16.35793304, 16.35793304, 34.56784439, 10.85316372, 16.35793304, 16.35793304, 20.50147247, 25.40196991, 12.86226368, 20.50147247, 20.50147247, 16.35793304, 20.50147247, 16.35793304, 16.35793304, 20.50147247, 25.40196991, 16.35793304, 20.50147247]"
997,"[16.35793304, 16.35793304, 16.35793304, 25.40196991, 16.35793304, 20.50147247, 16.35793304, 16.35793304, 10.85316372, 30.58232117, 16.35793304, 12.86226368, 20.50147247, 25.40196991, 20.50147247, 16.35793304, 20.50147247, 16.35793304, 20.50147247, 16.35793304, 16.35793304, 20.50147247, 25.40196991, 16.35793304, 20.50147247]"
998,"[16.35793304, 16.35793304, 16.35793304, 25.40196991, 16.35793304, 20.50147247, 16.35793304, 16.35793304, 34.56784439, 30.58232117, 16.35793304, 16.35793304, 20.50147247, 25.40196991, 16.35793304, 20.50147247, 20.50147247, 16.35793304, 20.50147247, 16.35793304, 16.35793304, 20.50147247, 30.58232117, 16.35793304, 16.35793304]"
999,"[16.35793304, 16.35793304, 16.35793304, 25.40196991, 16.35793304, 20.50147247, 16.35793304, 16.35793304, 10.85316372, 30.58232117, 16.35793304, 12.86226368, 20.50147247, 25.40196991, 12.86226368, 20.50147247, 20.50147247, 16.35793304, 20.50147247, 16.35793304, 16.35793304, 20.50147247, 25.40196991, 16.35793304, 20.50147247]"
1000,"[16.35793304, 16.35793304, 16.35793304, 25.40196991, 16.35793304, 20.50147247, 16.35793304, 16.35793304, 34.56784439, 30.58232117, 16.35793304, 12.86226368, 20.50147247, 25.40196991, 20.50147247, 20.50147247, 20.50147247, 16.35793304, 25.40196991, 16.35793304, 16.35793304, 20.50147247, 25.40196991, 16.35793304, 16.35793304]"
1001,"[16.35793304, 16.35793304, 16.35793304, 30.58232117, 16.35793304, 20.50147247, 16.35793304, 16.35793304, 34.56784439, 30.58232117, 20.50147247, 16.35793304, 25.40196991, 25.40196991, 16.35793304, 20.50147247, 20.50147247, 16.35793304, 25.40196991, 16.35793304, 20.50147247, 20.50147247, 25.40196991, 16.35793304, 20.50147247]"
1002,"[16.35793304, 16.35793304, 20.50147247, 30.58232117, 20.50147247, 25.40196991, 20.50147247, 20.50147247, 10.85316372, 10.85316372, 20.50147247, 16.35793304, 25.40196991, 25.40196991, 16.35793304, 20.50147247, 20.50147247, 16.35793304, 20.50147247, 20.50147247, 20.50147247, 25.40196991, 25.40196991, 20.50147247, 16.35793304]"
1003,"[20.50147247, 20.50147247, 25.40196991, 10.85316372, 20.50147247, 25.40196991, 20.50147247, 20.50147247, 36.45310974, 10.85316372, 25.40196991, 20.50147247, 30.58232117, 30.58232117, 20.50147247, 25.40196991, 25.40196991, 20.50147247, 25.40196991, 20.50147247, 20.50147247, 25.40196991, 30.58232117, 20.50147247, 20.50147247]"
1004,"[20.50147247, 20.50147247, 25.40196991, 10.85316372, 20.50147247, 30.58232117, 25.40196991, 20.50147247, 39.74495697, 10.85316372, 25.40196991, 20.50147247, 30.58232117, 30.58232117, 25.40196991, 25.40196991, 25.40196991, 25.40196991, 25.40196991, 25.40196991, 20.50147247, 25.40196991, 25.40196991, 25.40196991, 20.50147247]"
1005,"[25.40196991, 20.50147247, 30.58232117, 10.85316372, 20.50147247, 30.58232117, 25.40196991, 25.40196991, 36.45310974, 34.56784439, 25.40196991, 20.50147247, 30.58232117, 30.58232117, 20.50147247, 25.40196991, 25.40196991, 20.50147247, 20.50147247, 25.40196991, 20.50147247, 25.40196991, 30.58232117, 25.40196991, 20.50147247]"
1006,"[25.40196991, 20.50147247, 30.58232117, 10.85316372, 20.50147247, 30.58232117, 20.50147247, 20.50147247, 10.85316372, 34.56784439, 25.40196991, 20.50147247, 30.58232117, 30.58232117, 30.58232117, 25.40196991, 25.40196991, 20.50147247, 25.40196991, 20.50147247, 20.50147247, 25.40196991, 10.85316372, 20.50147247, 25.40196991]"
1007,"[25.40196991, 20.50147247, 25.40196991, 10.85316372, 20.50147247, 30.58232117, 25.40196991, 25.40196991, 39.55387878, 10.85316372, 25.40196991, 20.50147247, 30.58232117, 30.58232117, 30.58232117, 25.40196991, 30.58232117, 20.50147247, 25.40196991, 20.50147247, 20.50147247, 25.40196991, 25.40196991, 20.50147247, 25.40196991]"
1008,"[25.40196991, 20.50147247, 25.40196991, 10.85316372, 20.50147247, 30.58232117, 25.40196991, 25.40196991, 39.74495697, 10.85316372, 25.40196991, 20.50147247, 30.58232117, 30.58232117, 25.40196991, 30.58232117, 30.58232117, 25.40196991, 30.58232117, 25.40196991, 25.40196991, 25.40196991, 10.85316372, 20.50147247, 25.40196991]"
1009,"[25.40196991, 25.40196991, 25.40196991, 10.85316372, 20.50147247, 30.58232117, 25.40196991, 25.40196991, 36.45310974, 34.56784439, 25.40196991, 25.40196991, 30.58232117, 30.58232117, 30.58232117, 10.85316372, 30.58232117, 25.40196991, 30.58232117, 25.40196991, 20.50147247, 25.40196991, 30.58232117, 25.40196991, 25.40196991]"
1010,"[25.40196991, 20.50147247, 25.40196991, 10.85316372, 20.50147247, 10.85316372, 25.40196991, 25.40196991, 34.56784439, 10.85316372, 25.40196991, 20.50147247, 30.58232117, 30.58232117, 25.40196991, 10.85316372, 30.58232117, 25.40196991, 10.85316372, 20.50147247, 25.40196991, 30.58232117, 10.85316372, 20.50147247, 25.40196991]"
1011,"[25.40196991, 25.40196991, 30.58232117, 10.85316372, 25.40196991, 10.85316372, 20.50147247, 20.50147247, 34.56784439, 30.58232117, 20.50147247, 20.50147247, 30.58232117, 30.58232117, 25.40196991, 10.85316372, 30.58232117, 25.40196991, 30.58232117, 20.50147247, 25.40196991, 30.58232117, 10.85316372, 25.40196991, 20.50147247]"
1012,"[20.50147247, 25.40196991, 25.40196991, 34.56784439, 20.50147247, 30.58232117, 25.40196991, 20.50147247, 36.45310974, 10.85316372, 20.50147247, 20.50147247, 25.40196991, 10.85316372, 25.40196991, 10.85316372, 25.40196991, 20.50147247, 25.40196991, 20.50147247, 20.50147247, 25.40196991, 30.58232117, 25.40196991, 25.40196991]"
1013,"[20.50147247, 20.50147247, 25.40196991, 30.58232117, 20.50147247, 30.58232117, 25.40196991, 20.50147247, 36.45310974, 10.85316372, 20.50147247, 20.50147247, 25.40196991, 30.58232117, 25.40196991, 30.58232117, 25.40196991, 20.50147247, 30.58232117, 20.50147247, 20.50147247, 25.40196991, 30.58232117, 20.50147247, 20.50147247]"
1014,"[20.50147247, 20.50147247, 20.50147247, 30.58232117, 20.50147247, 25.40196991, 20.50147247, 20.50147247, 10.85316372, 30.58232117, 20.50147247, 16.35793304, 25.40196991, 30.58232117, 20.50147247, 25.40196991, 25.40196991, 20.50147247, 25.40196991, 20.50147247, 20.50147247, 25.40196991, 30.58232117, 20.50147247, 20.50147247]"
1015,"[20.50147247, 20.50147247, 20.50147247, 30.58232117, 16.35793304, 25.40196991, 20.50147247, 20.50147247, 36.45310974, 10.85316372, 20.50147247, 16.35793304, 25.40196991, 30.58232117, 25.40196991, 25.40196991, 25.40196991, 20.50147247, 25.40196991, 16.35793304, 20.50147247, 25.40196991, 30.58232117, 20.50147247, 20.50147247]"
1016,"[20.50147247, 20.50147247, 20.50147247, 30.58232117, 16.35793304, 25.40196991, 16.35793304, 10.85316372, 36.45310974, 30.58232117, 20.50147247, 16.35793304, 25.40196991, 30.58232117, 16.35793304, 25.40196991, 20.50147247, 20.50147247, 20.50147247, 16.35793304, 20.50147247, 25.40196991, 25.40196991, 20.50147247, 16.35793304]"
1017,"[16.35793304, 16.35793304, 20.50147247, 30.58232117, 16.35793304, 25.40196991, 16.35793304, 20.50147247, 10.85316372, 10.85316372, 20.50147247, 16.35793304, 25.40196991, 30.58232117, 20.50147247, 20.50147247, 20.50147247, 16.35793304, 20.50147247, 16.35793304, 20.50147247, 20.50147247, 25.40196991, 16.35793304, 20.50147247]"
1018,"[16.35793304, 16.35793304, 20.50147247, 25.40196991, 16.35793304, 25.40196991, 16.35793304, 20.50147247, 34.56784439, 10.85316372, 20.50147247, 16.35793304, 25.40196991, 30.58232117, 16.35793304, 20.50147247, 20.50147247, 20.50147247, 20.50147247, 16.35793304, 20.50147247, 20.50147247, 25.40196991, 16.35793304, 20.50147247]"
1019,"[16.35793304, 20.50147247, 16.35793304, 25.40196991, 25.40196991, 20.50147247, 16.35793304, 20.50147247, 34.56784439, 25.40196991, 20.50147247, 12.86226368, 25.40196991, 30.58232117, 20.50147247, 16.35793304, 20.50147247, 16.35793304, 25.40196991, 16.35793304, 20.50147247, 20.50147247, 30.58232117, 20.50147247, 16.35793304]"
1020,"[16.35793304, 16.35793304, 16.35793304, 25.40196991, 30.58232117, 20.50147247, 16.35793304, 20.50147247, 34.56784439, 10.85316372, 20.50147247, 16.35793304, 25.40196991, 30.58232117, 20.50147247, 20.50147247, 20.50147247, 16.35793304, 25.40196991, 16.35793304, 20.50147247, 20.50147247, 25.40196991, 16.35793304, 20.50147247]"
1021,"[16.35793304, 16.35793304, 16.35793304, 20.50147247, 10.85316372, 25.40196991, 16.35793304, 20.50147247, 36.45310974, 30.58232117, 20.50147247, 12.86226368, 25.40196991, 30.58232117, 25.40196991, 30.58232117, 25.40196991, 16.35793304, 25.40196991, 16.35793304, 20.50147247, 20.50147247, 25.40196991, 16.35793304, 16.35793304]"
1022,"[20.50147247, 16.35793304, 12.86226368, 25.40196991, 10.85316372, 25.40196991, 16.35793304, 20.50147247, 10.85316372, 30.58232117, 20.50147247, 12.86226368, 25.40196991, 30.58232117, 25.40196991, 20.50147247, 30.58232117, 25.40196991, 30.58232117, 20.50147247, 30.58232117, 20.50147247, 30.58232117, 16.35793304, 20.50147247]"
1023,"[20.50147247, 16.35793304, 16.35793304, 25.40196991, 34.56784439, 25.40196991, 16.35793304, 16.35793304, 34.56784439, 25.40196991, 20.50147247, 12.86226368, 20.50147247, 30.58232117, 25.40196991, 20.50147247, 30.58232117, 25.40196991, 30.58232117, 30.58232117, 30.58232117, 20.50147247, 25.40196991, 16.35793304, 16.35793304]"
1024,"[16.35793304, 16.35793304, 16.35793304, 20.50147247, 34.56784439, 20.50147247, 16.35793304, 16.35793304, 34.56784439, 30.58232117, 20.50147247, 12.86226368, 20.50147247, 30.58232117, 20.50147247, 20.50147247, 34.56784439, 25.40196991, 30.58232117, 10.85316372, 10.85316372, 20.50147247, 30.58232117, 16.35793304, 16.35793304]"
1025,"[20.50147247, 20.50147247, 20.50147247, 30.58232117, 20.50147247, 30.58232117, 20.50147247, 20.50147247, 36.45310974, 30.58232117, 25.40196991, 20.50147247, 25.40196991, 30.58232117, 34.56784439, 34.56784439, 34.56784439, 36.45310974, 25.40196991, 25.40196991, 30.58232117, 30.58232117, 30.58232117, 25.40196991, 16.35793304]"
1026,"[20.50147247, 20.50147247, 25.40196991, 30.58232117, 20.50147247, 30.58232117, 20.50147247, 25.40196991, 39.55387878, 25.40196991, 25.40196991, 20.50147247, 25.40196991, 30.58232117, 34.56784439, 10.85316372, 34.56784439, 10.85316372, 30.58232117, 30.58232117, 10.85316372, 25.40196991, 30.58232117, 20.50147247, 20.50147247]"
1027,"[20.50147247, 20.50147247, 25.40196991, 30.58232117, 20.50147247, 25.40196991, 16.35793304, 25.40196991, 36.45310974, 10.85316372, 25.40196991, 20.50147247, 25.40196991, 30.58232117, 25.40196991, 20.50147247, 25.40196991, 25.40196991, 30.58232117, 25.40196991, 25.40196991, 25.40196991, 25.40196991, 20.50147247, 25.40196991]"
1028,"[20.50147247, 16.35793304, 20.50147247, 30.58232117, 16.35793304, 25.40196991, 16.35793304, 25.40196991, 36.45310974, 10.85316372, 20.50147247, 20.50147247, 25.40196991, 30.58232117, 20.50147247, 20.50147247, 25.40196991, 20.50147247, 30.58232117, 20.50147247, 20.50147247, 25.40196991, 30.58232117, 20.50147247, 20.50147247]"
1029,"[20.50147247, 16.35793304, 16.35793304, 25.40196991, 16.35793304, 25.40196991, 16.35793304, 20.50147247, 36.45310974, 30.58232117, 20.50147247, 16.35793304, 25.40196991, 30.58232117, 30.58232117, 25.40196991, 30.58232117, 25.40196991, 30.58232117, 20.50147247, 25.40196991, 25.40196991, 25.40196991, 16.35793304, 25.40196991]"
1030,"[20.50147247, 20.50147247, 16.35793304, 25.40196991, 16.35793304, 30.58232117, 16.35793304, 20.50147247, 34.56784439, 30.58232117, 20.50147247, 16.35793304, 25.40196991, 30.58232117, 30.58232117, 10.85316372, 30.58232117, 25.40196991, 10.85316372, 20.50147247, 25.40196991, 25.40196991, 30.58232117, 16.35793304, 25.40196991]"
1031,"[20.50147247, 20.50147247, 20.50147247, 25.40196991, 16.35793304, 30.58232117, 16.35793304, 20.50147247, 39.74495697, 10.85316372, 20.50147247, 20.50147247, 25.40196991, 30.58232117, 25.40196991, 30.58232117, 30.58232117, 25.40196991, 10.85316372, 25.40196991, 25.40196991, 25.40196991, 30.58232117, 20.50147247, 20.50147247]"
1032,"[20.50147247, 20.50147247, 20.50147247, 10.85316372, 20.50147247, 30.58232117, 16.35793304, 20.50147247, 36.45310974, 10.85316372, 20.50147247, 20.50147247, 25.40196991, 30.58232117, 25.40196991, 30.58232117, 25.40196991, 25.40196991, 30.58232117, 20.50147247, 25.40196991, 30.58232117, 30.58232117, 20.50147247, 25.40196991]"
1033,"[25.40196991, 25.40196991, 25.40196991, 10.85316372, 25.40196991, 30.58232117, 20.50147247, 20.50147247, 34.56784439, 30.58232117, 25.40196991, 20.50147247, 25.40196991, 30.58232117, 20.50147247, 30.58232117, 25.40196991, 25.40196991, 25.40196991, 20.50147247, 25.40196991, 25.40196991, 30.58232117, 20.50147247, 20.50147247]"
1034,"[25.40196991, 25.40196991, 20.50147247, 39.74495697, 30.58232117, 25.40196991, 16.35793304, 20.50147247, 36.45310974, 10.85316372, 25.40196991, 20.50147247, 25.40196991, 30.58232117, 20.50147247, 34.56784439, 25.40196991, 20.50147247, 25.40196991, 20.50147247, 25.40196991, 20.50147247, 30.58232117, 20.50147247, 25.40196991]"
1035,"[25.40196991, 20.50147247, 20.50147247, 36.45310974, 30.58232117, 25.40196991, 16.35793304, 20.50147247, 36.45310974, 10.85316372, 10.85316372, 25.40196991, 25.40196991, 10.85316372, 20.50147247, 10.85316372, 25.40196991, 20.50147247, 25.40196991, 20.50147247, 25.40196991, 25.40196991, 25.40196991, 20.50147247, 25.40196991]"
1036,"[20.50147247, 25.40196991, 25.40196991, 10.85316372, 30.58232117, 25.40196991, 20.50147247, 20.50147247, 39.55387878, 36.45310974, 25.40196991, 30.58232117, 30.58232117, 10.85316372, 20.50147247, 25.40196991, 25.40196991, 20.50147247, 25.40196991, 16.35793304, 20.50147247, 25.40196991, 30.58232117, 20.50147247, 20.50147247]"
1037,"[20.50147247, 20.50147247, 20.50147247, 25.40196991, 34.56784439, 25.40196991, 20.50147247, 20.50147247, 36.45310974, 10.85316372, 20.50147247, 20.50147247, 30.58232117, 10.85316372, 20.50147247, 30.58232117, 30.58232117, 16.35793304, 25.40196991, 16.35793304, 20.50147247, 20.50147247, 30.58232117, 20.50147247, 25.40196991]"
1038,"[20.50147247, 20.50147247, 16.35793304, 30.58232117, 34.56784439, 25.40196991, 20.50147247, 20.50147247, 39.74495697, 30.58232117, 25.40196991, 16.35793304, 25.40196991, 10.85316372, 20.50147247, 34.56784439, 10.85316372, 16.35793304, 25.40196991, 16.35793304, 20.50147247, 20.50147247, 30.58232117, 20.50147247, 20.50147247]"
1039,"[20.50147247, 20.50147247, 20.50147247, 25.40196991, 10.85316372, 25.40196991, 20.50147247, 20.50147247, 10.85316372, 30.58232117, 20.50147247, 16.35793304, 25.40196991, 10.85316372, 20.50147247, 34.56784439, 30.58232117, 16.35793304, 25.40196991, 16.35793304, 20.50147247, 20.50147247, 25.40196991, 20.50147247, 20.50147247]"
1040,"[20.50147247, 20.50147247, 16.35793304, 25.40196991, 10.85316372, 25.40196991, 16.35793304, 20.50147247, 36.45310974, 30.58232117, 25.40196991, 16.35793304, 25.40196991, 30.58232117, 20.50147247, 25.40196991, 25.40196991, 20.50147247, 25.40196991, 16.35793304, 20.50147247, 20.50147247, 30.58232117, 20.50147247, 20.50147247]"
1041,"[20.50147247, 20.50147247, 16.35793304, 25.40196991, 30.58232117, 25.40196991, 16.35793304, 20.50147247, 34.56784439, 30.58232117, 20.50147247, 16.35793304, 20.50147247, 30.58232117, 20.50147247, 25.40196991, 25.40196991, 16.35793304, 25.40196991, 16.35793304, 20.50147247, 20.50147247, 30.58232117, 20.50147247, 16.35793304]"
1042,"[16.35793304, 16.35793304, 16.35793304, 25.40196991, 10.85316372, 20.50147247, 20.50147247, 20.50147247, 34.56784439, 30.58232117, 20.50147247, 12.86226368, 20.50147247, 10.85316372, 16.35793304, 25.40196991, 20.50147247, 16.35793304, 25.40196991, 16.35793304, 20.50147247, 20.50147247, 25.40196991, 16.35793304, 20.50147247]"
1043,"[20.50147247, 16.35793304, 16.35793304, 25.40196991, 10.85316372, 20.50147247, 16.35793304, 20.50147247, 10.85316372, 25.40196991, 20.50147247, 12.86226368, 20.50147247, 30.58232117, 25.40196991, 20.50147247, 20.50147247, 16.35793304, 25.40196991, 16.35793304, 20.50147247, 20.50147247, 30.58232117, 16.35793304, 20.50147247]"
1044,"[20.50147247, 16.35793304, 16.35793304, 25.40196991, 30.58232117, 20.50147247, 16.35793304, 20.50147247, 34.56784439, 30.58232117, 20.50147247, 12.86226368, 20.50147247, 30.58232117, 20.50147247, 20.50147247, 20.50147247, 16.35793304, 25.40196991, 16.35793304, 20.50147247, 20.50147247, 25.40196991, 16.35793304, 16.35793304]"
1045,"[16.35793304, 16.35793304, 16.35793304, 25.40196991, 10.85316372, 25.40196991, 16.35793304, 16.35793304, 36.45310974, 30.58232117, 20.50147247, 12.86226368, 20.50147247, 25.40196991, 20.50147247, 20.50147247, 20.50147247, 16.35793304, 25.40196991, 16.35793304, 20.50147247, 20.50147247, 25.40196991, 16.35793304, 20.50147247]"
1046,"[16.35793304, 16.35793304, 16.35793304, 25.40196991, 10.85316372, 20.50147247, 16.35793304, 20.50147247, 36.45310974, 30.58232117, 20.50147247, 12.86226368, 20.50147247, 30.58232117, 20.50147247, 20.50147247, 25.40196991, 16.35793304, 25.40196991, 16.35793304, 20.50147247, 20.50147247, 25.40196991, 20.50147247, 20.50147247]"
1047,"[20.50147247, 16.35793304, 16.35793304, 25.40196991, 10.85316372, 25.40196991, 16.35793304, 20.50147247, 30.58232117, 30.58232117, 20.50147247, 12.86226368, 25.40196991, 30.58232117, 20.50147247, 25.40196991, 10.85316372, 16.35793304, 25.40196991, 16.35793304, 20.50147247, 25.40196991, 30.58232117, 20.50147247, 20.50147247]"
1048,"[20.50147247, 20.50147247, 20.50147247, 25.40196991, 30.58232117, 30.58232117, 20.50147247, 20.50147247, 36.45310974, 30.58232117, 20.50147247, 16.35793304, 25.40196991, 10.85316372, 25.40196991, 30.58232117, 10.85316372, 20.50147247, 25.40196991, 20.50147247, 20.50147247, 25.40196991, 30.58232117, 20.50147247, 20.50147247]"
1049,"[25.40196991, 20.50147247, 25.40196991, 30.58232117, 30.58232117, 30.58232117, 20.50147247, 20.50147247, 39.55387878, 10.85316372, 25.40196991, 20.50147247, 25.40196991, 30.58232117, 30.58232117, 25.40196991, 30.58232117, 25.40196991, 25.40196991, 20.50147247, 20.50147247, 25.40196991, 10.85316372, 25.40196991, 16.35793304]"
1050,"[20.50147247, 25.40196991, 20.50147247, 30.58232117, 20.50147247, 30.58232117, 20.50147247, 20.50147247, 36.45310974, 10.85316372, 25.40196991, 20.50147247, 25.40196991, 30.58232117, 20.50147247, 20.50147247, 30.58232117, 20.50147247, 25.40196991, 20.50147247, 25.40196991, 25.40196991, 10.85316372, 20.50147247, 20.50147247]"
1051,"[20.50147247, 20.50147247, 25.40196991, 30.58232117, 20.50147247, 30.58232117, 20.50147247, 25.40196991, 36.45310974, 30.58232117, 25.40196991, 20.50147247, 25.40196991, 30.58232117, 25.40196991, 25.40196991, 30.58232117, 20.50147247, 47.38800812, 20.50147247, 25.40196991, 25.40196991, 10.85316372, 20.50147247, 20.50147247]"
1052,"[25.40196991, 25.40196991, 25.40196991, 30.58232117, 20.50147247, 30.58232117, 20.50147247, 25.40196991, 10.85316372, 30.58232117, 25.40196991, 20.50147247, 25.40196991, 30.58232117, 20.50147247, 25.40196991, 30.58232117, 20.50147247, 25.40196991, 20.50147247, 25.40196991, 25.40196991, 25.40196991, 20.50147247, 25.40196991]"
1053,"[25.40196991, 20.50147247, 20.50147247, 30.58232117, 20.50147247, 25.40196991, 20.50147247, 25.40196991, 36.45310974, 10.85316372, 25.40196991, 20.50147247, 25.40196991, 30.58232117, 20.50147247, 25.40196991, 25.40196991, 20.50147247, 30.58232117, 20.50147247, 25.40196991, 25.40196991, 30.58232117, 20.50147247, 20.50147247]"
1054,"[25.40196991, 20.50147247, 20.50147247, 30.58232117, 20.50147247, 16.35793304, 20.50147247, 25.40196991, 39.55387878, 10.85316372, 25.40196991, 20.50147247, 25.40196991, 30.58232117, 16.35793304, 10.85316372, 25.40196991, 25.40196991, 30.58232117, 20.50147247, 25.40196991, 25.40196991, 30.58232117, 20.50147247, 20.50147247]"
1055,"[25.40196991, 20.50147247, 25.40196991, 30.58232117, 20.50147247, 16.35793304, 20.50147247, 25.40196991, 36.45310974, 10.85316372, 20.50147247, 20.50147247, 25.40196991, 30.58232117, 20.50147247, 10.85316372, 30.58232117, 20.50147247, 25.40196991, 20.50147247, 25.40196991, 25.40196991, 10.85316372, 20.50147247, 20.50147247]"
1056,"[20.50147247, 20.50147247, 20.50147247, 30.58232117, 20.50147247, 16.35793304, 20.50147247, 25.40196991, 36.45310974, 25.40196991, 20.50147247, 20.50147247, 25.40196991, 30.58232117, 20.50147247, 30.58232117, 30.58232117, 25.40196991, 30.58232117, 20.50147247, 25.40196991, 25.40196991, 25.40196991, 20.50147247, 20.50147247]"
1057,"[20.50147247, 20.50147247, 20.50147247, 30.58232117, 20.50147247, 16.35793304, 20.50147247, 25.40196991, 36.45310974, 36.45310974, 20.50147247, 20.50147247, 25.40196991, 30.58232117, 20.50147247, 30.58232117, 30.58232117, 25.40196991, 25.40196991, 20.50147247, 20.50147247, 25.40196991, 30.58232117, 20.50147247, 25.40196991]"
1058,"[20.50147247, 20.50147247, 20.50147247, 30.58232117, 20.50147247, 16.35793304, 20.50147247, 25.40196991, 36.45310974, 30.58232117, 20.50147247, 20.50147247, 25.40196991, 30.58232117, 30.58232117, 25.40196991, 30.58232117, 30.58232117, 25.40196991, 20.50147247, 20.50147247, 20.50147247, 30.58232117, 20.50147247, 20.50147247]"
1059,"[20.50147247, 20.50147247, 25.40196991, 30.58232117, 25.40196991, 16.35793304, 20.50147247, 20.50147247, 36.45310974, 30.58232117, 25.40196991, 20.50147247, 25.40196991, 10.85316372, 20.50147247, 30.58232117, 30.58232117, 25.40196991, 25.40196991, 20.50147247, 25.40196991, 25.40196991, 30.58232117, 20.50147247, 25.40196991]"
1060,"[25.40196991, 25.40196991, 20.50147247, 30.58232117, 34.56784439, 16.35793304, 20.50147247, 20.50147247, 39.55387878, 10.85316372, 20.50147247, 20.50147247, 25.40196991, 34.56784439, 20.50147247, 34.56784439, 25.40196991, 25.40196991, 25.40196991, 20.50147247, 20.50147247, 25.40196991, 30.58232117, 25.40196991, 25.40196991]"
1061,"[20.50147247, 20.50147247, 20.50147247, 30.58232117, 36.45310974, 16.35793304, 20.50147247, 25.40196991, 39.55387878, 25.40196991, 20.50147247, 20.50147247, 25.40196991, 10.85316372, 20.50147247, 10.85316372, 25.40196991, 25.40196991, 25.40196991, 20.50147247, 20.50147247, 25.40196991, 30.58232117, 25.40196991, 25.40196991]"
1062,"[20.50147247, 25.40196991, 20.50147247, 30.58232117, 39.55387878, 16.35793304, 20.50147247, 20.50147247, 36.45310974, 30.58232117, 25.40196991, 20.50147247, 25.40196991, 10.85316372, 20.50147247, 10.85316372, 25.40196991, 25.40196991, 25.40196991, 20.50147247, 20.50147247, 25.40196991, 25.40196991, 10.85316372, 25.40196991]"
1063,"[25.40196991, 25.40196991, 16.35793304, 30.58232117, 39.74495697, 16.35793304, 20.50147247, 20.50147247, 39.55387878, 10.85316372, 25.40196991, 20.50147247, 30.58232117, 10.85316372, 20.50147247, 30.58232117, 25.40196991, 25.40196991, 25.40196991, 20.50147247, 20.50147247, 20.50147247, 25.40196991, 25.40196991, 25.40196991]"
1064,"[20.50147247, 25.40196991, 20.50147247, 30.58232117, 34.56784439, 16.35793304, 20.50147247, 20.50147247, 39.74495697, 10.85316372, 20.50147247, 20.50147247, 30.58232117, 34.56784439, 25.40196991, 25.40196991, 25.40196991, 25.40196991, 25.40196991, 20.50147247, 25.40196991, 25.40196991, 10.85316372, 20.50147247, 25.40196991]"
1065,"[16.35793304, 16.35793304, 16.35793304, 25.40196991, 20.50147247, 16.35793304, 16.35793304, 16.35793304, 36.45310974, 10.85316372, 16.35793304, 16.35793304, 20.50147247, 30.58232117, 16.35793304, 20.50147247, 25.40196991, 20.50147247, 20.50147247, 16.35793304, 20.50147247, 20.50147247, 30.58232117, 20.50147247, 20.50147247]"
1066,"[16.35793304, 16.35793304, 20.50147247, 25.40196991, 16.35793304, 16.35793304, 16.35793304, 16.35793304, 34.56784439, 25.40196991, 16.35793304, 16.35793304, 20.50147247, 25.40196991, 20.50147247, 16.35793304, 20.50147247, 16.35793304, 20.50147247, 16.35793304, 20.50147247, 20.50147247, 25.40196991, 16.35793304, 20.50147247]"
1067,"[16.35793304, 16.35793304, 16.35793304, 25.40196991, 16.35793304, 16.35793304, 16.35793304, 16.35793304, 36.45310974, 10.85316372, 16.35793304, 16.35793304, 20.50147247, 25.40196991, 20.50147247, 20.50147247, 20.50147247, 16.35793304, 20.50147247, 16.35793304, 16.35793304, 20.50147247, 30.58232117, 16.35793304, 16.35793304]"
1068,"[16.35793304, 16.35793304, 16.35793304, 25.40196991, 16.35793304, 16.35793304, 20.50147247, 16.35793304, 34.56784439, 30.58232117, 16.35793304, 16.35793304, 20.50147247, 25.40196991, 16.35793304, 20.50147247, 20.50147247, 16.35793304, 16.35793304, 16.35793304, 16.35793304, 20.50147247, 25.40196991, 16.35793304, 20.50147247]"
1069,"[16.35793304, 16.35793304, 16.35793304, 25.40196991, 16.35793304, 16.35793304, 20.50147247, 20.50147247, 36.45310974, 30.58232117, 16.35793304, 12.86226368, 20.50147247, 25.40196991, 16.35793304, 20.50147247, 20.50147247, 16.35793304, 20.50147247, 16.35793304, 16.35793304, 20.50147247, 30.58232117, 16.35793304, 20.50147247]"
1070,"[16.35793304, 16.35793304, 16.35793304, 25.40196991, 16.35793304, 16.35793304, 20.50147247, 20.50147247, 10.85316372, 10.85316372, 16.35793304, 16.35793304, 20.50147247, 25.40196991, 16.35793304, 25.40196991, 20.50147247, 16.35793304, 20.50147247, 16.35793304, 16.35793304, 20.50147247, 25.40196991, 16.35793304, 20.50147247]"
1071,"[16.35793304, 16.35793304, 16.35793304, 25.40196991, 16.35793304, 20.50147247, 16.35793304, 20.50147247, 34.56784439, 30.58232117, 16.35793304, 16.35793304, 20.50147247, 25.40196991, 12.86226368, 20.50147247, 20.50147247, 16.35793304, 20.50147247, 16.35793304, 16.35793304, 20.50147247, 30.58232117, 16.35793304, 16.35793304]"
1072,"[16.35793304, 16.35793304, 20.50147247, 25.40196991, 16.35793304, 16.35793304, 20.50147247, 20.50147247, 39.55387878, 10.85316372, 16.35793304, 16.35793304, 20.50147247, 25.40196991, 20.50147247, 20.50147247, 20.50147247, 16.35793304, 20.50147247, 10.85316372, 16.35793304, 20.50147247, 25.40196991, 16.35793304, 20.50147247]"
1073,"[16.35793304, 16.35793304, 16.35793304, 20.50147247, 16.35793304, 16.35793304, 20.50147247, 20.50147247, 10.85316372, 10.85316372, 16.35793304, 16.35793304, 20.50147247, 25.40196991, 16.35793304, 20.50147247, 20.50147247, 16.35793304, 20.50147247, 16.35793304, 16.35793304, 20.50147247, 30.58232117, 20.50147247, 16.35793304]"
1074,"[16.35793304, 16.35793304, 20.50147247, 20.50147247, 16.35793304, 16.35793304, 16.35793304, 20.50147247, 34.56784439, 30.58232117, 16.35793304, 16.35793304, 20.50147247, 25.40196991, 20.50147247, 25.40196991, 20.50147247, 16.35793304, 25.40196991, 16.35793304, 16.35793304, 20.50147247, 25.40196991, 16.35793304, 50.44522858]"
1075,"[16.35793304, 16.35793304, 12.86226368, 25.40196991, 16.35793304, 16.35793304, 16.35793304, 20.50147247, 34.56784439, 30.58232117, 16.35793304, 16.35793304, 20.50147247, 25.40196991, 20.50147247, 25.40196991, 20.50147247, 16.35793304, 25.40196991, 16.35793304, 16.35793304, 20.50147247, 30.58232117, 16.35793304, 41.08248901]"
1076,"[16.35793304, 16.35793304, 12.86226368, 25.40196991, 16.35793304, 16.35793304, 16.35793304, 20.50147247, 30.58232117, 30.58232117, 16.35793304, 16.35793304, 20.50147247, 25.40196991, 20.50147247, 25.40196991, 20.50147247, 16.35793304, 25.40196991, 16.35793304, 16.35793304, 20.50147247, 25.40196991, 16.35793304, 20.50147247]"
1077,"[16.35793304, 16.35793304, 16.35793304, 30.58232117, 16.35793304, 16.35793304, 16.35793304, 20.50147247, 34.56784439, 34.56784439, 16.35793304, 16.35793304, 20.50147247, 25.40196991, 20.50147247, 25.40196991, 20.50147247, 16.35793304, 25.40196991, 16.35793304, 16.35793304, 20.50147247, 20.50147247, 16.35793304, 16.35793304]"
1078,"[16.35793304, 16.35793304, 16.35793304, 25.40196991, 25.40196991, 16.35793304, 20.50147247, 20.50147247, 10.85316372, 30.58232117, 20.50147247, 16.35793304, 20.50147247, 25.40196991, 16.35793304, 25.40196991, 20.50147247, 16.35793304, 25.40196991, 16.35793304, 16.35793304, 20.50147247, 25.40196991, 16.35793304, 20.50147247]"
1079,"[16.35793304, 20.50147247, 16.35793304, 25.40196991, 20.50147247, 16.35793304, 20.50147247, 20.50147247, 36.45310974, 10.85316372, 16.35793304, 16.35793304, 25.40196991, 25.40196991, 20.50147247, 10.85316372, 20.50147247, 16.35793304, 20.50147247, 16.35793304, 20.50147247, 20.50147247, 30.58232117, 16.35793304, 25.40196991]"
1080,"[16.35793304, 16.35793304, 16.35793304, 25.40196991, 20.50147247, 16.35793304, 20.50147247, 20.50147247, 10.85316372, 34.56784439, 16.35793304, 16.35793304, 25.40196991, 25.40196991, 20.50147247, 25.40196991, 25.40196991, 16.35793304, 20.50147247, 16.35793304, 20.50147247, 20.50147247, 30.58232117, 20.50147247, 20.50147247]"
1081,"[16.35793304, 16.35793304, 12.86226368, 25.40196991, 25.40196991, 16.35793304, 16.35793304, 20.50147247, 34.56784439, 30.58232117, 16.35793304, 12.86226368, 20.50147247, 25.40196991, 20.50147247, 25.40196991, 20.50147247, 16.35793304, 25.40196991, 16.35793304, 20.50147247, 20.50147247, 25.40196991, 16.35793304, 20.50147247]"
1082,"[16.35793304, 16.35793304, 16.35793304, 25.40196991, 20.50147247, 16.35793304, 16.35793304, 20.50147247, 34.56784439, 30.58232117, 16.35793304, 16.35793304, 20.50147247, 25.40196991, 20.50147247, 25.40196991, 25.40196991, 16.35793304, 25.40196991, 16.35793304, 20.50147247, 20.50147247, 30.58232117, 16.35793304, 20.50147247]"
1083,"[16.35793304, 16.35793304, 16.35793304, 25.40196991, 16.35793304, 16.35793304, 16.35793304, 20.50147247, 36.45310974, 30.58232117, 16.35793304, 16.35793304, 20.50147247, 25.40196991, 16.35793304, 20.50147247, 20.50147247, 16.35793304, 20.50147247, 16.35793304, 20.50147247, 20.50147247, 30.58232117, 16.35793304, 20.50147247]"
1084,"[16.35793304, 16.35793304, 16.35793304, 25.40196991, 16.35793304, 16.35793304, 16.35793304, 20.50147247, 34.56784439, 10.85316372, 16.35793304, 16.35793304, 20.50147247, 25.40196991, 20.50147247, 25.40196991, 25.40196991, 20.50147247, 20.50147247, 16.35793304, 20.50147247, 20.50147247, 25.40196991, 16.35793304, 20.50147247]"
1085,"[16.35793304, 16.35793304, 16.35793304, 25.40196991, 16.35793304, 16.35793304, 16.35793304, 20.50147247, 10.85316372, 10.85316372, 16.35793304, 12.86226368, 20.50147247, 25.40196991, 16.35793304, 20.50147247, 20.50147247, 16.35793304, 20.50147247, 16.35793304, 20.50147247, 20.50147247, 25.40196991, 16.35793304, 20.50147247]"
1086,"[16.35793304, 16.35793304, 16.35793304, 25.40196991, 12.86226368, 16.35793304, 16.35793304, 20.50147247, 34.56784439, 10.85316372, 16.35793304, 12.86226368, 20.50147247, 25.40196991, 16.35793304, 20.50147247, 20.50147247, 16.35793304, 16.35793304, 16.35793304, 20.50147247, 20.50147247, 30.58232117, 12.86226368, 16.35793304]"
1087,"[16.35793304, 16.35793304, 16.35793304, 20.50147247, 16.35793304, 16.35793304, 16.35793304, 20.50147247, 34.56784439, 25.40196991, 16.35793304, 12.86226368, 20.50147247, 25.40196991, 16.35793304, 16.35793304, 20.50147247, 16.35793304, 20.50147247, 16.35793304, 20.50147247, 20.50147247, 25.40196991, 16.35793304, 16.35793304]"
1088,"[16.35793304, 16.35793304, 12.86226368, 20.50147247, 16.35793304, 16.35793304, 16.35793304, 20.50147247, 36.45310974, 10.85316372, 16.35793304, 12.86226368, 20.50147247, 20.50147247, 16.35793304, 16.35793304, 20.50147247, 16.35793304, 20.50147247, 12.86226368, 16.35793304, 20.50147247, 25.40196991, 16.35793304, 16.35793304]"
1089,"[16.35793304, 16.35793304, 16.35793304, 25.40196991, 16.35793304, 16.35793304, 16.35793304, 20.50147247, 39.55387878, 30.58232117, 16.35793304, 16.35793304, 20.50147247, 20.50147247, 25.40196991, 20.50147247, 25.40196991, 16.35793304, 25.40196991, 16.35793304, 20.50147247, 20.50147247, 25.40196991, 16.35793304, 16.35793304]"
1090,"[16.35793304, 16.35793304, 16.35793304, 25.40196991, 16.35793304, 16.35793304, 16.35793304, 20.50147247, 10.85316372, 30.58232117, 16.35793304, 16.35793304, 20.50147247, 25.40196991, 20.50147247, 20.50147247, 20.50147247, 20.50147247, 20.50147247, 16.35793304, 20.50147247, 20.50147247, 25.40196991, 16.35793304, 20.50147247]"
1091,"[16.35793304, 16.35793304, 16.35793304, 25.40196991, 16.35793304, 16.35793304, 16.35793304, 20.50147247, 34.56784439, 10.85316372, 16.35793304, 16.35793304, 25.40196991, 25.40196991, 25.40196991, 30.58232117, 25.40196991, 20.50147247, 25.40196991, 20.50147247, 20.50147247, 20.50147247, 30.58232117, 16.35793304, 16.35793304]"
1092,"[20.50147247, 20.50147247, 20.50147247, 25.40196991, 20.50147247, 16.35793304, 20.50147247, 20.50147247, 34.56784439, 10.85316372, 16.35793304, 16.35793304, 25.40196991, 25.40196991, 25.40196991, 30.58232117, 25.40196991, 20.50147247, 25.40196991, 20.50147247, 20.50147247, 25.40196991, 30.58232117, 20.50147247, 20.50147247]"
1093,"[16.35793304, 20.50147247, 16.35793304, 25.40196991, 20.50147247, 16.35793304, 20.50147247, 20.50147247, 36.45310974, 30.58232117, 20.50147247, 16.35793304, 25.40196991, 25.40196991, 25.40196991, 20.50147247, 25.40196991, 25.40196991, 25.40196991, 20.50147247, 20.50147247, 25.40196991, 25.40196991, 20.50147247, 25.40196991]"
1094,"[16.35793304, 20.50147247, 20.50147247, 25.40196991, 16.35793304, 16.35793304, 20.50147247, 20.50147247, 36.45310974, 10.85316372, 20.50147247, 16.35793304, 25.40196991, 25.40196991, 25.40196991, 20.50147247, 25.40196991, 20.50147247, 25.40196991, 20.50147247, 20.50147247, 25.40196991, 11.05874348, 16.35793304, 20.50147247]"
1095,"[20.50147247, 20.50147247, 16.35793304, 25.40196991, 16.35793304, 16.35793304, 20.50147247, 20.50147247, 39.55387878, 10.85316372, 20.50147247, 20.50147247, 25.40196991, 25.40196991, 25.40196991, 25.40196991, 25.40196991, 20.50147247, 30.58232117, 20.50147247, 25.40196991, 25.40196991, 20.50147247, 16.35793304, 20.50147247]"
1096,"[20.50147247, 16.35793304, 16.35793304, 25.40196991, 16.35793304, 16.35793304, 20.50147247, 20.50147247, 36.45310974, 10.85316372, 20.50147247, 20.50147247, 25.40196991, 25.40196991, 20.50147247, 10.85316372, 25.40196991, 20.50147247, 30.58232117, 16.35793304, 25.40196991, 25.40196991, 25.40196991, 16.35793304, 20.50147247]"
1097,"[20.50147247, 20.50147247, 16.35793304, 30.58232117, 20.50147247, 16.35793304, 20.50147247, 20.50147247, 34.56784439, 10.85316372, 16.35793304, 16.35793304, 25.40196991, 30.58232117, 16.35793304, 10.85316372, 25.40196991, 20.50147247, 30.58232117, 20.50147247, 20.50147247, 25.40196991, 30.58232117, 20.50147247, 20.50147247]"
1098,"[20.50147247, 20.50147247, 16.35793304, 34.56784439, 25.40196991, 16.35793304, 20.50147247, 20.50147247, 39.55387878, 10.85316372, 20.50147247, 16.35793304, 25.40196991, 30.58232117, 20.50147247, 36.45310974, 25.40196991, 20.50147247, 30.58232117, 16.35793304, 20.50147247, 20.50147247, 30.58232117, 16.35793304, 20.50147247]"
1099,"[20.50147247, 20.50147247, 16.35793304, 30.58232117, 20.50147247, 16.35793304, 20.50147247, 20.50147247, 34.56784439, 30.58232117, 20.50147247, 20.50147247, 30.58232117, 10.85316372, 20.50147247, 34.56784439, 25.40196991, 20.50147247, 25.40196991, 16.35793304, 20.50147247, 25.40196991, 30.58232117, 16.35793304, 20.50147247]"
1100,"[20.50147247, 20.50147247, 16.35793304, 25.40196991, 30.58232117, 16.35793304, 20.50147247, 20.50147247, 39.55387878, 10.85316372, 20.50147247, 20.50147247, 10.85316372, 34.56784439, 20.50147247, 39.55387878, 25.40196991, 20.50147247, 30.58232117, 16.35793304, 20.50147247, 25.40196991, 25.40196991, 20.50147247, 25.40196991]"
1101,"[20.50147247, 20.50147247, 16.35793304, 25.40196991, 30.58232117, 16.35793304, 20.50147247, 20.50147247, 36.45310974, 10.85316372, 20.50147247, 16.35793304, 25.40196991, 10.85316372, 30.58232117, 10.85316372, 30.58232117, 16.35793304, 10.85316372, 16.35793304, 25.40196991, 25.40196991, 30.58232117, 25.40196991, 20.50147247]"
1102,"[20.50147247, 20.50147247, 16.35793304, 25.40196991, 30.58232117, 16.35793304, 20.50147247, 20.50147247, 10.85316372, 30.58232117, 20.50147247, 16.35793304, 25.40196991, 30.58232117, 20.50147247, 10.85316372, 25.40196991, 16.35793304, 30.58232117, 20.50147247, 20.50147247, 25.40196991, 25.40196991, 25.40196991, 25.40196991]"
1103,"[16.35793304, 20.50147247, 16.35793304, 20.50147247, 30.58232117, 16.35793304, 20.50147247, 20.50147247, 34.56784439, 10.85316372, 20.50147247, 12.86226368, 25.40196991, 30.58232117, 20.50147247, 25.40196991, 25.40196991, 16.35793304, 25.40196991, 20.50147247, 20.50147247, 25.40196991, 30.58232117, 20.50147247, 25.40196991]"
1104,"[16.35793304, 20.50147247, 12.86226368, 20.50147247, 30.58232117, 16.35793304, 20.50147247, 20.50147247, 36.45310974, 30.58232117, 20.50147247, 12.86226368, 25.40196991, 30.58232117, 20.50147247, 25.40196991, 25.40196991, 16.35793304, 25.40196991, 16.35793304, 20.50147247, 20.50147247, 30.58232117, 20.50147247, 16.35793304]"
1105,"[16.35793304, 20.50147247, 16.35793304, 20.50147247, 10.85316372, 16.35793304, 16.35793304, 20.50147247, 36.45310974, 30.58232117, 20.50147247, 12.86226368, 25.40196991, 30.58232117, 20.50147247, 25.40196991, 25.40196991, 16.35793304, 25.40196991, 16.35793304, 20.50147247, 20.50147247, 30.58232117, 16.35793304, 20.50147247]"
1106,"[16.35793304, 20.50147247, 16.35793304, 20.50147247, 34.56784439, 16.35793304, 16.35793304, 20.50147247, 36.45310974, 30.58232117, 20.50147247, 12.86226368, 25.40196991, 30.58232117, 20.50147247, 25.40196991, 25.40196991, 16.35793304, 25.40196991, 20.50147247, 25.40196991, 20.50147247, 25.40196991, 25.40196991, 20.50147247]"
1107,"[16.35793304, 20.50147247, 16.35793304, 25.40196991, 10.85316372, 20.50147247, 16.35793304, 20.50147247, 36.45310974, 34.56784439, 20.50147247, 12.86226368, 25.40196991, 25.40196991, 20.50147247, 25.40196991, 25.40196991, 20.50147247, 20.50147247, 16.35793304, 25.40196991, 25.40196991, 25.40196991, 20.50147247, 20.50147247]"
1108,"[20.50147247, 20.50147247, 12.86226368, 25.40196991, 30.58232117, 16.35793304, 20.50147247, 25.40196991, 36.45310974, 30.58232117, 20.50147247, 12.86226368, 25.40196991, 30.58232117, 25.40196991, 25.40196991, 25.40196991, 20.50147247, 20.50147247, 16.35793304, 25.40196991, 25.40196991, 25.40196991, 25.40196991, 20.50147247]"
1109,"[20.50147247, 20.50147247, 16.35793304, 25.40196991, 25.40196991, 16.35793304, 10.85316372, 25.40196991, 36.45310974, 34.56784439, 20.50147247, 16.35793304, 25.40196991, 30.58232117, 20.50147247, 25.40196991, 25.40196991, 20.50147247, 20.50147247, 20.50147247, 25.40196991, 25.40196991, 25.40196991, 25.40196991, 20.50147247]"
1110,"[20.50147247, 25.40196991, 20.50147247, 30.58232117, 30.58232117, 16.35793304, 10.85316372, 25.40196991, 39.74495697, 10.85316372, 25.40196991, 20.50147247, 30.58232117, 30.58232117, 30.58232117, 25.40196991, 30.58232117, 25.40196991, 25.40196991, 20.50147247, 25.40196991, 30.58232117, 30.58232117, 25.40196991, 20.50147247]"
1111,"[25.40196991, 25.40196991, 25.40196991, 10.85316372, 25.40196991, 16.35793304, 25.40196991, 25.40196991, 39.55387878, 10.85316372, 25.40196991, 25.40196991, 30.58232117, 10.85316372, 25.40196991, 25.40196991, 30.58232117, 25.40196991, 30.58232117, 25.40196991, 30.58232117, 30.58232117, 30.58232117, 25.40196991, 20.50147247]"
1112,"[30.58232117, 25.40196991, 25.40196991, 10.85316372, 25.40196991, 16.35793304, 25.40196991, 25.40196991, 34.56784439, 10.85316372, 30.58232117, 25.40196991, 10.85316372, 10.85316372, 25.40196991, 25.40196991, 30.58232117, 25.40196991, 30.58232117, 20.50147247, 30.58232117, 30.58232117, 10.85316372, 25.40196991, 25.40196991]"
1113,"[30.58232117, 20.50147247, 25.40196991, 30.58232117, 25.40196991, 16.35793304, 25.40196991, 30.58232117, 39.93603134, 36.45310974, 30.58232117, 25.40196991, 30.58232117, 10.85316372, 20.50147247, 25.40196991, 30.58232117, 25.40196991, 30.58232117, 20.50147247, 30.58232117, 30.58232117, 10.85316372, 25.40196991, 25.40196991]"
1114,"[30.58232117, 25.40196991, 25.40196991, 30.58232117, 20.50147247, 20.50147247, 25.40196991, 30.58232117, 39.55387878, 34.56784439, 25.40196991, 25.40196991, 10.85316372, 10.85316372, 25.40196991, 25.40196991, 30.58232117, 25.40196991, 30.58232117, 20.50147247, 25.40196991, 30.58232117, 10.85316372, 25.40196991, 25.40196991]"
1115,"[25.40196991, 20.50147247, 20.50147247, 30.58232117, 20.50147247, 16.35793304, 20.50147247, 25.40196991, 39.74495697, 30.58232117, 25.40196991, 20.50147247, 30.58232117, 10.85316372, 20.50147247, 30.58232117, 30.58232117, 20.50147247, 30.58232117, 20.50147247, 30.58232117, 25.40196991, 30.58232117, 20.50147247, 30.58232117]"
1116,"[25.40196991, 20.50147247, 20.50147247, 25.40196991, 20.50147247, 16.35793304, 20.50147247, 25.40196991, 39.55387878, 34.56784439, 20.50147247, 20.50147247, 25.40196991, 10.85316372, 20.50147247, 10.85316372, 30.58232117, 25.40196991, 30.58232117, 20.50147247, 30.58232117, 25.40196991, 30.58232117, 20.50147247, 25.40196991]"
1117,"[25.40196991, 20.50147247, 16.35793304, 25.40196991, 20.50147247, 16.35793304, 20.50147247, 25.40196991, 39.55387878, 36.45310974, 20.50147247, 20.50147247, 25.40196991, 10.85316372, 30.58232117, 10.85316372, 30.58232117, 20.50147247, 30.58232117, 20.50147247, 30.58232117, 25.40196991, 10.85316372, 20.50147247, 25.40196991]"
1118,"[25.40196991, 25.40196991, 20.50147247, 30.58232117, 20.50147247, 20.50147247, 20.50147247, 25.40196991, 34.56784439, 34.56784439, 20.50147247, 20.50147247, 25.40196991, 30.58232117, 20.50147247, 10.85316372, 25.40196991, 20.50147247, 25.40196991, 20.50147247, 30.58232117, 25.40196991, 10.85316372, 20.50147247, 25.40196991]"
1119,"[25.40196991, 34.56784439, 10.85316372, 25.40196991, 20.50147247, 30.58232117, 10.85316372, 25.40196991, 36.45310974, 34.56784439, 20.50147247, 16.35793304, 25.40196991, 10.85316372, 20.50147247, 34.56784439, 25.40196991, 20.50147247, 25.40196991, 20.50147247, 30.58232117, 25.40196991, 10.85316372, 20.50147247, 20.50147247]"
1120,"[20.50147247, 20.50147247, 25.40196991, 25.40196991, 25.40196991, 25.40196991, 30.58232117, 25.40196991, 34.56784439, 34.56784439, 16.35793304, 16.35793304, 25.40196991, 34.56784439, 20.50147247, 40.89141464, 30.58232117, 20.50147247, 25.40196991, 20.50147247, 34.56784439, 25.40196991, 30.58232117, 25.40196991, 25.40196991]"
1121,"[20.50147247, 20.50147247, 20.50147247, 20.50147247, 30.58232117, 30.58232117, 25.40196991, 25.40196991, 36.45310974, 30.58232117, 20.50147247, 16.35793304, 25.40196991, 34.56784439, 30.58232117, 41.46464157, 30.58232117, 20.50147247, 30.58232117, 20.50147247, 30.58232117, 10.85316372, 30.58232117, 25.40196991, 30.58232117]"
1122,"[20.50147247, 25.40196991, 16.35793304, 20.50147247, 30.58232117, 30.58232117, 25.40196991, 25.40196991, 36.45310974, 30.58232117, 20.50147247, 16.35793304, 20.50147247, 10.85316372, 10.85316372, 39.74495697, 30.58232117, 20.50147247, 30.58232117, 16.35793304, 30.58232117, 30.58232117, 10.85316372, 25.40196991, 25.40196991]"
1123,"[20.50147247, 20.50147247, 16.35793304, 25.40196991, 30.58232117, 25.40196991, 25.40196991, 25.40196991, 39.55387878, 10.85316372, 20.50147247, 16.35793304, 20.50147247, 10.85316372, 34.56784439, 39.93603134, 25.40196991, 20.50147247, 30.58232117, 16.35793304, 30.58232117, 10.85316372, 10.85316372, 20.50147247, 25.40196991]"
1124,"[20.50147247, 20.50147247, 16.35793304, 20.50147247, 30.58232117, 20.50147247, 25.40196991, 20.50147247, 36.45310974, 10.85316372, 20.50147247, 16.35793304, 20.50147247, 30.58232117, 30.58232117, 34.56784439, 25.40196991, 20.50147247, 30.58232117, 20.50147247, 25.40196991, 25.40196991, 10.85316372, 20.50147247, 25.40196991]"
1125,"[20.50147247, 20.50147247, 16.35793304, 20.50147247, 30.58232117, 20.50147247, 20.50147247, 20.50147247, 36.45310974, 34.56784439, 20.50147247, 12.86226368, 20.50147247, 10.85316372, 20.50147247, 34.56784439, 25.40196991, 20.50147247, 25.40196991, 20.50147247, 30.58232117, 25.40196991, 10.85316372, 20.50147247, 25.40196991]"
1126,"[20.50147247, 20.50147247, 16.35793304, 20.50147247, 30.58232117, 20.50147247, 20.50147247, 20.50147247, 39.55387878, 34.56784439, 20.50147247, 12.86226368, 20.50147247, 30.58232117, 20.50147247, 36.45310974, 25.40196991, 20.50147247, 25.40196991, 16.35793304, 25.40196991, 25.40196991, 10.85316372, 20.50147247, 20.50147247]"
1127,"[20.50147247, 20.50147247, 16.35793304, 20.50147247, 30.58232117, 20.50147247, 20.50147247, 20.50147247, 36.45310974, 34.56784439, 16.35793304, 12.86226368, 20.50147247, 30.58232117, 20.50147247, 10.85316372, 25.40196991, 20.50147247, 25.40196991, 16.35793304, 25.40196991, 25.40196991, 25.40196991, 20.50147247, 20.50147247]"
1128,"[16.35793304, 20.50147247, 16.35793304, 20.50147247, 25.40196991, 20.50147247, 34.56784439, 20.50147247, 34.56784439, 10.85316372, 16.35793304, 12.86226368, 20.50147247, 30.58232117, 16.35793304, 30.58232117, 25.40196991, 20.50147247, 25.40196991, 16.35793304, 25.40196991, 25.40196991, 30.58232117, 20.50147247, 16.35793304]"
1129,"[16.35793304, 20.50147247, 16.35793304, 20.50147247, 30.58232117, 20.50147247, 20.50147247, 20.50147247, 36.45310974, 10.85316372, 16.35793304, 12.86226368, 20.50147247, 25.40196991, 20.50147247, 25.40196991, 25.40196991, 20.50147247, 25.40196991, 20.50147247, 25.40196991, 25.40196991, 30.58232117, 20.50147247, 20.50147247]"
1130,"[16.35793304, 20.50147247, 16.35793304, 25.40196991, 30.58232117, 20.50147247, 20.50147247, 20.50147247, 36.45310974, 10.85316372, 16.35793304, 12.86226368, 25.40196991, 25.40196991, 20.50147247, 36.45310974, 25.40196991, 20.50147247, 25.40196991, 20.50147247, 20.50147247, 25.40196991, 30.58232117, 20.50147247, 25.40196991]"
1131,"[20.50147247, 20.50147247, 16.35793304, 25.40196991, 30.58232117, 20.50147247, 20.50147247, 25.40196991, 10.85316372, 10.85316372, 20.50147247, 12.86226368, 25.40196991, 30.58232117, 25.40196991, 30.58232117, 25.40196991, 20.50147247, 25.40196991, 20.50147247, 25.40196991, 25.40196991, 10.85316372, 20.50147247, 20.50147247]"
1132,"[20.50147247, 20.50147247, 20.50147247, 25.40196991, 25.40196991, 20.50147247, 36.45310974, 25.40196991, 36.45310974, 10.85316372, 20.50147247, 16.35793304, 25.40196991, 30.58232117, 25.40196991, 30.58232117, 30.58232117, 25.40196991, 20.50147247, 25.40196991, 25.40196991, 25.40196991, 25.40196991, 25.40196991, 25.40196991]"
1133,"[25.40196991, 25.40196991, 20.50147247, 25.40196991, 25.40196991, 20.50147247, 36.45310974, 20.50147247, 39.55387878, 10.85316372, 20.50147247, 20.50147247, 25.40196991, 30.58232117, 20.50147247, 30.58232117, 30.58232117, 25.40196991, 25.40196991, 25.40196991, 25.40196991, 30.58232117, 25.40196991, 25.40196991, 25.40196991]"
1134,"[25.40196991, 25.40196991, 20.50147247, 30.58232117, 25.40196991, 20.50147247, 10.85316372, 25.40196991, 36.45310974, 34.56784439, 20.50147247, 20.50147247, 25.40196991, 10.85316372, 30.58232117, 30.58232117, 30.58232117, 25.40196991, 25.40196991, 25.40196991, 25.40196991, 30.58232117, 30.58232117, 25.40196991, 20.50147247]"
1135,"[30.58232117, 25.40196991, 25.40196991, 30.58232117, 25.40196991, 20.50147247, 30.58232117, 25.40196991, 39.55387878, 34.56784439, 25.40196991, 25.40196991, 30.58232117, 10.85316372, 30.58232117, 25.40196991, 30.58232117, 30.58232117, 25.40196991, 25.40196991, 30.58232117, 30.58232117, 30.58232117, 25.40196991, 30.58232117]"
1136,"[30.58232117, 25.40196991, 25.40196991, 30.58232117, 20.50147247, 20.50147247, 25.40196991, 30.58232117, 36.45310974, 34.56784439, 25.40196991, 20.50147247, 30.58232117, 30.58232117, 30.58232117, 25.40196991, 30.58232117, 25.40196991, 30.58232117, 25.40196991, 30.58232117, 30.58232117, 30.58232117, 20.50147247, 30.58232117]"
1137,"[30.58232117, 25.40196991, 25.40196991, 30.58232117, 20.50147247, 20.50147247, 25.40196991, 30.58232117, 39.93603134, 39.55387878, 25.40196991, 20.50147247, 25.40196991, 10.85316372, 25.40196991, 25.40196991, 30.58232117, 25.40196991, 30.58232117, 20.50147247, 25.40196991, 25.40196991, 10.85316372, 25.40196991, 25.40196991]"
1138,"[30.58232117, 20.50147247, 25.40196991, 30.58232117, 20.50147247, 20.50147247, 25.40196991, 25.40196991, 39.55387878, 34.56784439, 25.40196991, 10.85316372, 25.40196991, 10.85316372, 30.58232117, 25.40196991, 30.58232117, 25.40196991, 30.58232117, 20.50147247, 25.40196991, 25.40196991, 30.58232117, 25.40196991, 25.40196991]"
1139,"[30.58232117, 20.50147247, 20.50147247, 30.58232117, 16.35793304, 20.50147247, 25.40196991, 25.40196991, 39.55387878, 34.56784439, 20.50147247, 10.85316372, 25.40196991, 10.85316372, 20.50147247, 25.40196991, 25.40196991, 25.40196991, 30.58232117, 20.50147247, 25.40196991, 25.40196991, 30.58232117, 20.50147247, 25.40196991]"
1140,"[25.40196991, 20.50147247, 20.50147247, 30.58232117, 20.50147247, 20.50147247, 25.40196991, 25.40196991, 39.74495697, 10.85316372, 20.50147247, 16.35793304, 25.40196991, 34.56784439, 30.58232117, 30.58232117, 25.40196991, 25.40196991, 30.58232117, 20.50147247, 25.40196991, 25.40196991, 10.85316372, 20.50147247, 25.40196991]"
1141,"[30.58232117, 25.40196991, 20.50147247, 39.55387878, 30.58232117, 20.50147247, 25.40196991, 25.40196991, 39.55387878, 34.56784439, 25.40196991, 20.50147247, 25.40196991, 10.85316372, 20.50147247, 36.45310974, 25.40196991, 25.40196991, 25.40196991, 20.50147247, 30.58232117, 25.40196991, 10.85316372, 20.50147247, 25.40196991]"
1142,"[30.58232117, 25.40196991, 25.40196991, 39.55387878, 10.85316372, 25.40196991, 25.40196991, 25.40196991, 39.74495697, 30.58232117, 25.40196991, 20.50147247, 25.40196991, 10.85316372, 20.50147247, 36.45310974, 10.85316372, 25.40196991, 25.40196991, 25.40196991, 10.85316372, 25.40196991, 34.56784439, 25.40196991, 30.58232117]"
1143,"[30.58232117, 30.58232117, 25.40196991, 36.45310974, 34.56784439, 30.58232117, 25.40196991, 25.40196991, 39.55387878, 34.56784439, 25.40196991, 16.35793304, 25.40196991, 36.45310974, 30.58232117, 39.55387878, 10.85316372, 25.40196991, 30.58232117, 25.40196991, 30.58232117, 30.58232117, 34.56784439, 25.40196991, 30.58232117]"
1144,"[30.58232117, 10.85316372, 25.40196991, 10.85316372, 36.45310974, 36.45310974, 25.40196991, 25.40196991, 39.55387878, 34.56784439, 25.40196991, 16.35793304, 25.40196991, 36.45310974, 25.40196991, 39.55387878, 30.58232117, 25.40196991, 30.58232117, 30.58232117, 30.58232117, 30.58232117, 34.56784439, 30.58232117, 25.40196991]"
1145,"[25.40196991, 34.56784439, 25.40196991, 30.58232117, 36.45310974, 39.74495697, 30.58232117, 25.40196991, 36.45310974, 30.58232117, 20.50147247, 16.35793304, 25.40196991, 36.45310974, 25.40196991, 40.70033646, 30.58232117, 25.40196991, 30.58232117, 25.40196991, 30.58232117, 30.58232117, 34.56784439, 10.85316372, 30.58232117]"
1146,"[25.40196991, 10.85316372, 25.40196991, 25.40196991, 10.85316372, 36.45310974, 10.85316372, 25.40196991, 36.45310974, 34.56784439, 20.50147247, 16.35793304, 25.40196991, 34.56784439, 25.40196991, 41.2735672, 30.58232117, 25.40196991, 30.58232117, 25.40196991, 30.58232117, 30.58232117, 10.85316372, 30.58232117, 30.58232117]"
1147,"[25.40196991, 30.58232117, 20.50147247, 25.40196991, 30.58232117, 34.56784439, 30.58232117, 25.40196991, 36.45310974, 34.56784439, 20.50147247, 16.35793304, 25.40196991, 10.85316372, 30.58232117, 40.89141464, 30.58232117, 25.40196991, 30.58232117, 20.50147247, 30.58232117, 30.58232117, 34.56784439, 25.40196991, 30.58232117]"
1148,"[20.50147247, 20.50147247, 20.50147247, 25.40196991, 10.85316372, 10.85316372, 25.40196991, 25.40196991, 36.45310974, 34.56784439, 20.50147247, 16.35793304, 25.40196991, 10.85316372, 25.40196991, 39.93603134, 30.58232117, 25.40196991, 30.58232117, 20.50147247, 25.40196991, 30.58232117, 30.58232117, 25.40196991, 30.58232117]"
1149,"[25.40196991, 20.50147247, 20.50147247, 25.40196991, 10.85316372, 30.58232117, 20.50147247, 20.50147247, 10.85316372, 10.85316372, 20.50147247, 16.35793304, 25.40196991, 34.56784439, 25.40196991, 39.55387878, 30.58232117, 20.50147247, 30.58232117, 20.50147247, 25.40196991, 25.40196991, 10.85316372, 25.40196991, 30.58232117]"
1150,"[20.50147247, 16.35793304, 20.50147247, 25.40196991, 30.58232117, 30.58232117, 20.50147247, 20.50147247, 36.45310974, 30.58232117, 20.50147247, 16.35793304, 25.40196991, 10.85316372, 25.40196991, 39.74495697, 30.58232117, 20.50147247, 30.58232117, 20.50147247, 25.40196991, 25.40196991, 30.58232117, 25.40196991, 30.58232117]"
1151,"[20.50147247, 20.50147247, 20.50147247, 25.40196991, 25.40196991, 25.40196991, 20.50147247, 20.50147247, 36.45310974, 10.85316372, 20.50147247, 16.35793304, 25.40196991, 10.85316372, 25.40196991, 34.56784439, 30.58232117, 20.50147247, 30.58232117, 20.50147247, 25.40196991, 25.40196991, 10.85316372, 20.50147247, 30.58232117]"
1152,"[20.50147247, 20.50147247, 20.50147247, 25.40196991, 25.40196991, 25.40196991, 20.50147247, 20.50147247, 39.55387878, 30.58232117, 20.50147247, 16.35793304, 25.40196991, 30.58232117, 20.50147247, 36.45310974, 30.58232117, 20.50147247, 25.40196991, 20.50147247, 25.40196991, 25.40196991, 10.85316372, 25.40196991, 25.40196991]"
1153,"[20.50147247, 20.50147247, 20.50147247, 25.40196991, 30.58232117, 25.40196991, 20.50147247, 25.40196991, 34.56784439, 10.85316372, 20.50147247, 12.86226368, 25.40196991, 30.58232117, 20.50147247, 10.85316372, 30.58232117, 20.50147247, 25.40196991, 25.40196991, 25.40196991, 25.40196991, 30.58232117, 20.50147247, 20.50147247]"
1154,"[20.50147247, 25.40196991, 20.50147247, 30.58232117, 10.85316372, 25.40196991, 20.50147247, 25.40196991, 34.56784439, 10.85316372, 20.50147247, 16.35793304, 25.40196991, 30.58232117, 20.50147247, 10.85316372, 30.58232117, 25.40196991, 25.40196991, 25.40196991, 25.40196991, 25.40196991, 30.58232117, 25.40196991, 20.50147247]"
1155,"[30.58232117, 25.40196991, 25.40196991, 10.85316372, 30.58232117, 25.40196991, 30.58232117, 25.40196991, 39.55387878, 36.45310974, 25.40196991, 25.40196991, 30.58232117, 30.58232117, 25.40196991, 34.56784439, 30.58232117, 30.58232117, 25.40196991, 25.40196991, 25.40196991, 25.40196991, 10.85316372, 25.40196991, 25.40196991]"
1156,"[25.40196991, 25.40196991, 20.50147247, 30.58232117, 20.50147247, 20.50147247, 10.85316372, 25.40196991, 39.55387878, 34.56784439, 30.58232117, 20.50147247, 30.58232117, 10.85316372, 25.40196991, 30.58232117, 30.58232117, 25.40196991, 30.58232117, 25.40196991, 25.40196991, 25.40196991, 10.85316372, 20.50147247, 25.40196991]"
1157,"[25.40196991, 20.50147247, 16.35793304, 25.40196991, 16.35793304, 20.50147247, 20.50147247, 25.40196991, 10.85316372, 34.56784439, 20.50147247, 16.35793304, 25.40196991, 30.58232117, 20.50147247, 20.50147247, 25.40196991, 20.50147247, 30.58232117, 20.50147247, 25.40196991, 25.40196991, 30.58232117, 20.50147247, 25.40196991]"
1158,"[25.40196991, 20.50147247, 16.35793304, 25.40196991, 16.35793304, 20.50147247, 20.50147247, 25.40196991, 39.55387878, 30.58232117, 20.50147247, 16.35793304, 25.40196991, 30.58232117, 25.40196991, 20.50147247, 25.40196991, 20.50147247, 30.58232117, 20.50147247, 25.40196991, 20.50147247, 10.85316372, 20.50147247, 25.40196991]"
1159,"[25.40196991, 16.35793304, 16.35793304, 25.40196991, 16.35793304, 20.50147247, 16.35793304, 25.40196991, 34.56784439, 30.58232117, 20.50147247, 16.35793304, 25.40196991, 30.58232117, 20.50147247, 16.35793304, 25.40196991, 20.50147247, 25.40196991, 16.35793304, 20.50147247, 20.50147247, 25.40196991, 20.50147247, 25.40196991]"
1160,"[25.40196991, 16.35793304, 16.35793304, 20.50147247, 12.86226368, 20.50147247, 16.35793304, 20.50147247, 36.45310974, 10.85316372, 16.35793304, 16.35793304, 20.50147247, 10.85316372, 20.50147247, 25.40196991, 20.50147247, 16.35793304, 25.40196991, 16.35793304, 20.50147247, 20.50147247, 30.58232117, 16.35793304, 25.40196991]"
1161,"[25.40196991, 16.35793304, 16.35793304, 25.40196991, 12.86226368, 20.50147247, 16.35793304, 20.50147247, 34.56784439, 36.45310974, 16.35793304, 16.35793304, 20.50147247, 10.85316372, 16.35793304, 20.50147247, 20.50147247, 16.35793304, 25.40196991, 16.35793304, 20.50147247, 20.50147247, 10.85316372, 16.35793304, 20.50147247]"
1162,"[25.40196991, 16.35793304, 16.35793304, 25.40196991, 20.50147247, 20.50147247, 16.35793304, 20.50147247, 34.56784439, 30.58232117, 16.35793304, 16.35793304, 20.50147247, 10.85316372, 20.50147247, 10.85316372, 20.50147247, 16.35793304, 25.40196991, 16.35793304, 20.50147247, 20.50147247, 30.58232117, 16.35793304, 20.50147247]"
1163,"[25.40196991, 16.35793304, 16.35793304, 25.40196991, 34.56784439, 20.50147247, 16.35793304, 20.50147247, 36.45310974, 10.85316372, 16.35793304, 16.35793304, 20.50147247, 34.56784439, 25.40196991, 39.74495697, 25.40196991, 25.40196991, 30.58232117, 16.35793304, 25.40196991, 20.50147247, 30.58232117, 16.35793304, 20.50147247]"
1164,"[30.58232117, 25.40196991, 30.58232117, 25.40196991, 34.56784439, 34.56784439, 25.40196991, 20.50147247, 39.55387878, 10.85316372, 20.50147247, 20.50147247, 25.40196991, 39.55387878, 25.40196991, 39.55387878, 30.58232117, 25.40196991, 10.85316372, 25.40196991, 10.85316372, 10.85316372, 34.56784439, 20.50147247, 25.40196991]"
1165,"[10.85316372, 30.58232117, 30.58232117, 25.40196991, 36.45310974, 34.56784439, 30.58232117, 30.58232117, 40.12710953, 34.56784439, 20.50147247, 16.35793304, 25.40196991, 39.55387878, 25.40196991, 40.70033646, 10.85316372, 30.58232117, 10.85316372, 25.40196991, 34.56784439, 30.58232117, 10.85316372, 25.40196991, 25.40196991]"
1166,"[25.40196991, 25.40196991, 25.40196991, 25.40196991, 34.56784439, 10.85316372, 30.58232117, 30.58232117, 36.45310974, 30.58232117, 20.50147247, 16.35793304, 25.40196991, 36.45310974, 10.85316372, 41.08248901, 34.56784439, 30.58232117, 10.85316372, 20.50147247, 10.85316372, 10.85316372, 34.56784439, 30.58232117, 30.58232117]"
1167,"[25.40196991, 20.50147247, 20.50147247, 25.40196991, 25.40196991, 30.58232117, 25.40196991, 25.40196991, 39.55387878, 10.85316372, 20.50147247, 16.35793304, 25.40196991, 34.56784439, 25.40196991, 41.2735672, 34.56784439, 30.58232117, 10.85316372, 25.40196991, 30.58232117, 10.85316372, 34.56784439, 25.40196991, 25.40196991]"
1168,"[25.40196991, 20.50147247, 20.50147247, 25.40196991, 30.58232117, 30.58232117, 20.50147247, 25.40196991, 39.74495697, 10.85316372, 25.40196991, 16.35793304, 25.40196991, 36.45310974, 25.40196991, 40.12710953, 34.56784439, 25.40196991, 25.40196991, 20.50147247, 30.58232117, 30.58232117, 34.56784439, 25.40196991, 25.40196991]"
1169,"[25.40196991, 20.50147247, 20.50147247, 25.40196991, 30.58232117, 30.58232117, 20.50147247, 25.40196991, 36.45310974, 10.85316372, 20.50147247, 16.35793304, 25.40196991, 34.56784439, 25.40196991, 39.74495697, 10.85316372, 25.40196991, 25.40196991, 20.50147247, 30.58232117, 25.40196991, 10.85316372, 25.40196991, 25.40196991]"
1170,"[25.40196991, 20.50147247, 20.50147247, 25.40196991, 30.58232117, 25.40196991, 20.50147247, 20.50147247, 39.55387878, 30.58232117, 20.50147247, 16.35793304, 25.40196991, 34.56784439, 25.40196991, 40.89141464, 30.58232117, 20.50147247, 25.40196991, 20.50147247, 25.40196991, 25.40196991, 30.58232117, 25.40196991, 25.40196991]"
1171,"[25.40196991, 20.50147247, 20.50147247, 20.50147247, 30.58232117, 25.40196991, 16.35793304, 20.50147247, 39.74495697, 10.85316372, 20.50147247, 16.35793304, 25.40196991, 10.85316372, 25.40196991, 10.85316372, 30.58232117, 16.35793304, 25.40196991, 20.50147247, 25.40196991, 25.40196991, 10.85316372, 25.40196991, 25.40196991]"
1172,"[25.40196991, 20.50147247, 16.35793304, 20.50147247, 10.85316372, 25.40196991, 16.35793304, 20.50147247, 34.56784439, 10.85316372, 20.50147247, 16.35793304, 25.40196991, 10.85316372, 25.40196991, 34.56784439, 10.85316372, 20.50147247, 30.58232117, 20.50147247, 25.40196991, 25.40196991, 30.58232117, 30.58232117, 20.50147247]"
1173,"[20.50147247, 20.50147247, 16.35793304, 25.40196991, 30.58232117, 25.40196991, 16.35793304, 20.50147247, 36.45310974, 10.85316372, 20.50147247, 16.35793304, 20.50147247, 34.56784439, 30.58232117, 10.85316372, 30.58232117, 16.35793304, 30.58232117, 20.50147247, 25.40196991, 25.40196991, 10.85316372, 25.40196991, 25.40196991]"
1174,"[20.50147247, 20.50147247, 16.35793304, 25.40196991, 30.58232117, 25.40196991, 20.50147247, 20.50147247, 39.55387878, 30.58232117, 20.50147247, 12.86226368, 25.40196991, 34.56784439, 30.58232117, 30.58232117, 25.40196991, 20.50147247, 25.40196991, 20.50147247, 25.40196991, 25.40196991, 25.40196991, 25.40196991, 20.50147247]"
1175,"[20.50147247, 20.50147247, 16.35793304, 25.40196991, 25.40196991, 25.40196991, 16.35793304, 20.50147247, 39.55387878, 10.85316372, 20.50147247, 16.35793304, 20.50147247, 10.85316372, 25.40196991, 10.85316372, 25.40196991, 20.50147247, 25.40196991, 16.35793304, 25.40196991, 25.40196991, 30.58232117, 25.40196991, 20.50147247]"
1176,"[20.50147247, 20.50147247, 16.35793304, 25.40196991, 25.40196991, 25.40196991, 16.35793304, 20.50147247, 34.56784439, 30.58232117, 20.50147247, 16.35793304, 25.40196991, 34.56784439, 30.58232117, 10.85316372, 25.40196991, 20.50147247, 25.40196991, 20.50147247, 25.40196991, 20.50147247, 30.58232117, 25.40196991, 25.40196991]"
1177,"[20.50147247, 20.50147247, 20.50147247, 30.58232117, 10.85316372, 25.40196991, 20.50147247, 20.50147247, 39.55387878, 10.85316372, 20.50147247, 16.35793304, 25.40196991, 34.56784439, 30.58232117, 10.85316372, 30.58232117, 25.40196991, 25.40196991, 25.40196991, 25.40196991, 25.40196991, 25.40196991, 25.40196991, 16.35793304]"
1178,"[30.58232117, 25.40196991, 20.50147247, 36.45310974, 36.45310974, 25.40196991, 20.50147247, 25.40196991, 39.55387878, 10.85316372, 25.40196991, 20.50147247, 25.40196991, 10.85316372, 34.56784439, 36.45310974, 10.85316372, 30.58232117, 25.40196991, 25.40196991, 30.58232117, 25.40196991, 30.58232117, 25.40196991, 20.50147247]"
1179,"[30.58232117, 30.58232117, 25.40196991, 39.74495697, 34.56784439, 30.58232117, 20.50147247, 25.40196991, 39.74495697, 36.45310974, 25.40196991, 25.40196991, 30.58232117, 34.56784439, 39.55387878, 39.55387878, 36.45310974, 34.56784439, 30.58232117, 30.58232117, 34.56784439, 30.58232117, 10.85316372, 25.40196991, 20.50147247]"
1180,"[36.45310974, 10.85316372, 10.85316372, 39.55387878, 10.85316372, 10.85316372, 10.85316372, 30.58232117, 40.12710953, 39.55387878, 10.85316372, 30.58232117, 34.56784439, 39.55387878, 36.45310974, 36.45310974, 39.74495697, 34.56784439, 36.45310974, 34.56784439, 39.74495697, 34.56784439, 36.45310974, 10.85316372, 30.58232117]"
1181,"[36.45310974, 34.56784439, 34.56784439, 39.93603134, 34.56784439, 10.85316372, 36.45310974, 34.56784439, 40.12710953, 39.93603134, 10.85316372, 10.85316372, 34.56784439, 39.74495697, 10.85316372, 34.56784439, 34.56784439, 34.56784439, 36.45310974, 10.85316372, 34.56784439, 36.45310974, 34.56784439, 10.85316372, 10.85316372]"
1182,"[36.45310974, 34.56784439, 10.85316372, 39.74495697, 34.56784439, 34.56784439, 30.58232117, 10.85316372, 40.3181839, 36.45310974, 34.56784439, 30.58232117, 10.85316372, 36.45310974, 34.56784439, 34.56784439, 10.85316372, 30.58232117, 36.45310974, 25.40196991, 10.85316372, 10.85316372, 34.56784439, 30.58232117, 34.56784439]"
1183,"[36.45310974, 10.85316372, 30.58232117, 34.56784439, 30.58232117, 30.58232117, 30.58232117, 10.85316372, 40.12710953, 36.45310974, 10.85316372, 30.58232117, 34.56784439, 36.45310974, 30.58232117, 34.56784439, 30.58232117, 30.58232117, 34.56784439, 30.58232117, 10.85316372, 10.85316372, 34.56784439, 30.58232117, 30.58232117]"
1184,"[34.56784439, 30.58232117, 30.58232117, 36.45310974, 25.40196991, 30.58232117, 25.40196991, 30.58232117, 39.55387878, 36.45310974, 30.58232117, 25.40196991, 10.85316372, 36.45310974, 34.56784439, 34.56784439, 10.85316372, 25.40196991, 36.45310974, 25.40196991, 30.58232117, 25.40196991, 30.58232117, 25.40196991, 30.58232117]"
1185,"[10.85316372, 30.58232117, 10.85316372, 34.56784439, 25.40196991, 30.58232117, 10.85316372, 10.85316372, 39.74495697, 34.56784439, 30.58232117, 25.40196991, 30.58232117, 36.45310974, 34.56784439, 10.85316372, 10.85316372, 25.40196991, 34.56784439, 25.40196991, 30.58232117, 10.85316372, 10.85316372, 25.40196991, 10.85316372]"
1186,"[10.85316372, 25.40196991, 30.58232117, 30.58232117, 20.50147247, 30.58232117, 25.40196991, 10.85316372, 39.55387878, 34.56784439, 20.50147247, 25.40196991, 30.58232117, 36.45310974, 10.85316372, 39.55387878, 30.58232117, 20.50147247, 10.85316372, 20.50147247, 25.40196991, 30.58232117, 30.58232117, 30.58232117, 10.85316372]"
1187,"[10.85316372, 10.85316372, 25.40196991, 10.85316372, 30.58232117, 25.40196991, 20.50147247, 25.40196991, 39.55387878, 36.45310974, 25.40196991, 25.40196991, 30.58232117, 36.45310974, 30.58232117, 36.45310974, 30.58232117, 20.50147247, 30.58232117, 20.50147247, 30.58232117, 25.40196991, 10.85316372, 25.40196991, 30.58232117]"
1188,"[10.85316372, 30.58232117, 20.50147247, 36.45310974, 30.58232117, 25.40196991, 20.50147247, 25.40196991, 36.45310974, 36.45310974, 30.58232117, 25.40196991, 34.56784439, 36.45310974, 25.40196991, 39.55387878, 30.58232117, 25.40196991, 25.40196991, 20.50147247, 10.85316372, 30.58232117, 10.85316372, 20.50147247, 30.58232117]"
1189,"[30.58232117, 30.58232117, 30.58232117, 10.85316372, 25.40196991, 25.40196991, 30.58232117, 25.40196991, 39.55387878, 36.45310974, 30.58232117, 30.58232117, 10.85316372, 36.45310974, 25.40196991, 10.85316372, 30.58232117, 20.50147247, 25.40196991, 25.40196991, 30.58232117, 30.58232117, 30.58232117, 25.40196991, 30.58232117]"
1190,"[25.40196991, 25.40196991, 25.40196991, 10.85316372, 25.40196991, 20.50147247, 30.58232117, 25.40196991, 39.55387878, 10.85316372, 20.50147247, 20.50147247, 10.85316372, 34.56784439, 25.40196991, 34.56784439, 25.40196991, 20.50147247, 25.40196991, 20.50147247, 25.40196991, 30.58232117, 10.85316372, 30.58232117, 30.58232117]"
1191,"[20.50147247, 25.40196991, 20.50147247, 25.40196991, 30.58232117, 20.50147247, 25.40196991, 25.40196991, 10.85316372, 34.56784439, 20.50147247, 20.50147247, 30.58232117, 36.45310974, 20.50147247, 30.58232117, 25.40196991, 20.50147247, 25.40196991, 20.50147247, 25.40196991, 25.40196991, 30.58232117, 30.58232117, 25.40196991]"
1192,"[20.50147247, 20.50147247, 20.50147247, 25.40196991, 30.58232117, 20.50147247, 20.50147247, 25.40196991, 34.56784439, 34.56784439, 20.50147247, 16.35793304, 30.58232117, 34.56784439, 25.40196991, 25.40196991, 25.40196991, 16.35793304, 25.40196991, 16.35793304, 25.40196991, 25.40196991, 10.85316372, 34.56784439, 30.58232117]"
1193,"[20.50147247, 20.50147247, 20.50147247, 25.40196991, 20.50147247, 20.50147247, 20.50147247, 20.50147247, 39.55387878, 10.85316372, 20.50147247, 16.35793304, 25.40196991, 34.56784439, 20.50147247, 20.50147247, 25.40196991, 16.35793304, 25.40196991, 16.35793304, 20.50147247, 25.40196991, 10.85316372, 30.58232117, 25.40196991]"
1194,"[20.50147247, 16.35793304, 20.50147247, 25.40196991, 20.50147247, 20.50147247, 20.50147247, 20.50147247, 36.45310974, 10.85316372, 20.50147247, 16.35793304, 25.40196991, 34.56784439, 20.50147247, 25.40196991, 25.40196991, 16.35793304, 25.40196991, 16.35793304, 25.40196991, 20.50147247, 25.40196991, 30.58232117, 30.58232117]"
1195,"[20.50147247, 20.50147247, 20.50147247, 30.58232117, 20.50147247, 20.50147247, 20.50147247, 20.50147247, 10.85316372, 10.85316372, 16.35793304, 16.35793304, 25.40196991, 10.85316372, 20.50147247, 30.58232117, 20.50147247, 16.35793304, 20.50147247, 16.35793304, 20.50147247, 20.50147247, 25.40196991, 30.58232117, 25.40196991]"
1196,"[20.50147247, 20.50147247, 16.35793304, 25.40196991, 20.50147247, 20.50147247, 20.50147247, 20.50147247, 10.85316372, 10.85316372, 20.50147247, 16.35793304, 25.40196991, 30.58232117, 16.35793304, 25.40196991, 20.50147247, 16.35793304, 20.50147247, 16.35793304, 20.50147247, 20.50147247, 10.85316372, 30.58232117, 20.50147247]"
1197,"[16.35793304, 20.50147247, 16.35793304, 25.40196991, 25.40196991, 20.50147247, 20.50147247, 20.50147247, 10.85316372, 10.85316372, 20.50147247, 12.86226368, 20.50147247, 30.58232117, 16.35793304, 25.40196991, 20.50147247, 16.35793304, 25.40196991, 16.35793304, 20.50147247, 20.50147247, 30.58232117, 20.50147247, 20.50147247]"
1198,"[20.50147247, 20.50147247, 16.35793304, 25.40196991, 30.58232117, 20.50147247, 16.35793304, 25.40196991, 10.85316372, 10.85316372, 20.50147247, 16.35793304, 25.40196991, 30.58232117, 20.50147247, 25.40196991, 25.40196991, 16.35793304, 25.40196991, 16.35793304, 20.50147247, 20.50147247, 30.58232117, 25.40196991, 20.50147247]"
1199,"[16.35793304, 16.35793304, 20.50147247, 25.40196991, 20.50147247, 20.50147247, 20.50147247, 25.40196991, 36.45310974, 30.58232117, 20.50147247, 16.35793304, 25.40196991, 30.58232117, 20.50147247, 25.40196991, 20.50147247, 16.35793304, 25.40196991, 16.35793304, 20.50147247, 20.50147247, 30.58232117, 25.40196991, 25.40196991]"
1200,"[16.35793304, 16.35793304, 20.50147247, 25.40196991, 16.35793304, 20.50147247, 20.50147247, 20.50147247, 36.45310974, 10.85316372, 16.35793304, 20.50147247, 25.40196991, 30.58232117, 20.50147247, 25.40196991, 25.40196991, 16.35793304, 25.40196991, 16.35793304, 25.40196991, 25.40196991, 25.40196991, 25.40196991, 25.40196991]"
1201,"[20.50147247, 20.50147247, 20.50147247, 25.40196991, 16.35793304, 20.50147247, 20.50147247, 25.40196991, 34.56784439, 36.45310974, 20.50147247, 20.50147247, 25.40196991, 30.58232117, 25.40196991, 10.85316372, 30.58232117, 25.40196991, 25.40196991, 20.50147247, 25.40196991, 25.40196991, 30.58232117, 25.40196991, 25.40196991]"
1202,"[25.40196991, 20.50147247, 25.40196991, 25.40196991, 16.35793304, 20.50147247, 20.50147247, 25.40196991, 39.74495697, 36.45310974, 25.40196991, 25.40196991, 30.58232117, 10.85316372, 30.58232117, 25.40196991, 10.85316372, 30.58232117, 25.40196991, 25.40196991, 10.85316372, 30.58232117, 10.85316372, 25.40196991, 30.58232117]"
1203,"[30.58232117, 10.85316372, 20.50147247, 10.85316372, 25.40196991, 20.50147247, 25.40196991, 30.58232117, 39.74495697, 34.56784439, 25.40196991, 25.40196991, 30.58232117, 10.85316372, 10.85316372, 25.40196991, 10.85316372, 30.58232117, 30.58232117, 25.40196991, 30.58232117, 30.58232117, 10.85316372, 30.58232117, 34.56784439]"
1204,"[25.40196991, 25.40196991, 25.40196991, 30.58232117, 20.50147247, 25.40196991, 20.50147247, 30.58232117, 34.56784439, 10.85316372, 20.50147247, 20.50147247, 30.58232117, 34.56784439, 20.50147247, 25.40196991, 30.58232117, 25.40196991, 10.85316372, 25.40196991, 30.58232117, 30.58232117, 30.58232117, 20.50147247, 10.85316372]"
1205,"[25.40196991, 20.50147247, 20.50147247, 30.58232117, 20.50147247, 25.40196991, 20.50147247, 25.40196991, 36.45310974, 10.85316372, 20.50147247, 16.35793304, 25.40196991, 10.85316372, 25.40196991, 30.58232117, 30.58232117, 25.40196991, 30.58232117, 20.50147247, 25.40196991, 25.40196991, 10.85316372, 20.50147247, 25.40196991]"
1206,"[25.40196991, 20.50147247, 20.50147247, 30.58232117, 20.50147247, 25.40196991, 20.50147247, 25.40196991, 39.74495697, 10.85316372, 20.50147247, 20.50147247, 25.40196991, 10.85316372, 10.85316372, 10.85316372, 30.58232117, 25.40196991, 30.58232117, 20.50147247, 25.40196991, 25.40196991, 10.85316372, 20.50147247, 25.40196991]"
1207,"[25.40196991, 20.50147247, 20.50147247, 30.58232117, 20.50147247, 25.40196991, 20.50147247, 25.40196991, 39.55387878, 10.85316372, 20.50147247, 20.50147247, 25.40196991, 34.56784439, 25.40196991, 10.85316372, 25.40196991, 20.50147247, 30.58232117, 20.50147247, 25.40196991, 25.40196991, 10.85316372, 20.50147247, 25.40196991]"
1208,"[25.40196991, 20.50147247, 20.50147247, 30.58232117, 16.35793304, 25.40196991, 20.50147247, 25.40196991, 39.55387878, 34.56784439, 20.50147247, 20.50147247, 25.40196991, 10.85316372, 20.50147247, 34.56784439, 25.40196991, 20.50147247, 30.58232117, 20.50147247, 25.40196991, 25.40196991, 10.85316372, 20.50147247, 25.40196991]"
1209,"[25.40196991, 20.50147247, 20.50147247, 25.40196991, 20.50147247, 25.40196991, 20.50147247, 25.40196991, 39.74495697, 34.56784439, 20.50147247, 20.50147247, 25.40196991, 10.85316372, 20.50147247, 34.56784439, 30.58232117, 20.50147247, 30.58232117, 20.50147247, 30.58232117, 25.40196991, 30.58232117, 20.50147247, 25.40196991]"
1210,"[20.50147247, 20.50147247, 20.50147247, 25.40196991, 25.40196991, 20.50147247, 20.50147247, 25.40196991, 34.56784439, 34.56784439, 20.50147247, 20.50147247, 25.40196991, 34.56784439, 25.40196991, 34.56784439, 30.58232117, 20.50147247, 30.58232117, 20.50147247, 30.58232117, 25.40196991, 30.58232117, 20.50147247, 25.40196991]"
1211,"[20.50147247, 20.50147247, 20.50147247, 30.58232117, 20.50147247, 25.40196991, 20.50147247, 25.40196991, 34.56784439, 30.58232117, 20.50147247, 20.50147247, 25.40196991, 10.85316372, 25.40196991, 25.40196991, 25.40196991, 25.40196991, 30.58232117, 20.50147247, 25.40196991, 25.40196991, 10.85316372, 20.50147247, 25.40196991]"
1212,"[20.50147247, 20.50147247, 16.35793304, 30.58232117, 25.40196991, 20.50147247, 16.35793304, 25.40196991, 34.56784439, 34.56784439, 20.50147247, 20.50147247, 25.40196991, 10.85316372, 25.40196991, 25.40196991, 25.40196991, 20.50147247, 25.40196991, 16.35793304, 25.40196991, 20.50147247, 34.56784439, 16.35793304, 25.40196991]"
1213,"[20.50147247, 20.50147247, 16.35793304, 25.40196991, 25.40196991, 20.50147247, 16.35793304, 20.50147247, 10.85316372, 10.85316372, 20.50147247, 16.35793304, 25.40196991, 10.85316372, 20.50147247, 20.50147247, 25.40196991, 20.50147247, 25.40196991, 16.35793304, 25.40196991, 20.50147247, 30.58232117, 16.35793304, 25.40196991]"
1214,"[20.50147247, 20.50147247, 16.35793304, 20.50147247, 30.58232117, 20.50147247, 16.35793304, 20.50147247, 39.55387878, 30.58232117, 20.50147247, 16.35793304, 25.40196991, 30.58232117, 20.50147247, 25.40196991, 25.40196991, 20.50147247, 25.40196991, 16.35793304, 25.40196991, 20.50147247, 25.40196991, 16.35793304, 25.40196991]"
1215,"[20.50147247, 20.50147247, 16.35793304, 20.50147247, 25.40196991, 20.50147247, 16.35793304, 25.40196991, 36.45310974, 10.85316372, 20.50147247, 16.35793304, 25.40196991, 10.85316372, 16.35793304, 25.40196991, 25.40196991, 16.35793304, 25.40196991, 16.35793304, 25.40196991, 20.50147247, 30.58232117, 20.50147247, 25.40196991]"
1216,"[16.35793304, 20.50147247, 16.35793304, 20.50147247, 10.85316372, 20.50147247, 16.35793304, 20.50147247, 39.55387878, 10.85316372, 20.50147247, 16.35793304, 25.40196991, 10.85316372, 25.40196991, 25.40196991, 25.40196991, 16.35793304, 25.40196991, 16.35793304, 25.40196991, 20.50147247, 30.58232117, 20.50147247, 20.50147247]"
1217,"[20.50147247, 20.50147247, 16.35793304, 20.50147247, 10.85316372, 20.50147247, 16.35793304, 20.50147247, 36.45310974, 10.85316372, 20.50147247, 16.35793304, 25.40196991, 30.58232117, 20.50147247, 25.40196991, 25.40196991, 20.50147247, 25.40196991, 16.35793304, 25.40196991, 20.50147247, 25.40196991, 20.50147247, 25.40196991]"
1218,"[16.35793304, 20.50147247, 16.35793304, 20.50147247, 10.85316372, 20.50147247, 16.35793304, 20.50147247, 36.45310974, 34.56784439, 20.50147247, 16.35793304, 25.40196991, 30.58232117, 25.40196991, 30.58232117, 25.40196991, 20.50147247, 25.40196991, 16.35793304, 25.40196991, 20.50147247, 25.40196991, 25.40196991, 25.40196991]"
1219,"[16.35793304, 20.50147247, 16.35793304, 25.40196991, 30.58232117, 20.50147247, 16.35793304, 20.50147247, 39.74495697, 10.85316372, 20.50147247, 16.35793304, 25.40196991, 30.58232117, 20.50147247, 30.58232117, 25.40196991, 20.50147247, 25.40196991, 16.35793304, 25.40196991, 20.50147247, 10.85316372, 20.50147247, 25.40196991]"
1220,"[16.35793304, 20.50147247, 16.35793304, 25.40196991, 10.85316372, 20.50147247, 16.35793304, 20.50147247, 36.45310974, 34.56784439, 20.50147247, 16.35793304, 25.40196991, 10.85316372, 25.40196991, 36.45310974, 25.40196991, 25.40196991, 25.40196991, 16.35793304, 30.58232117, 20.50147247, 30.58232117, 20.50147247, 20.50147247]"
1221,"[20.50147247, 20.50147247, 16.35793304, 25.40196991, 10.85316372, 20.50147247, 20.50147247, 25.40196991, 34.56784439, 34.56784439, 20.50147247, 16.35793304, 25.40196991, 10.85316372, 20.50147247, 34.56784439, 25.40196991, 25.40196991, 25.40196991, 20.50147247, 25.40196991, 25.40196991, 30.58232117, 20.50147247, 25.40196991]"
1222,"[20.50147247, 20.50147247, 20.50147247, 30.58232117, 34.56784439, 25.40196991, 20.50147247, 25.40196991, 34.56784439, 10.85316372, 25.40196991, 20.50147247, 30.58232117, 10.85316372, 10.85316372, 30.58232117, 30.58232117, 30.58232117, 25.40196991, 20.50147247, 30.58232117, 25.40196991, 30.58232117, 25.40196991, 25.40196991]"
1223,"[25.40196991, 25.40196991, 20.50147247, 30.58232117, 30.58232117, 25.40196991, 20.50147247, 25.40196991, 39.74495697, 34.56784439, 25.40196991, 25.40196991, 10.85316372, 10.85316372, 20.50147247, 25.40196991, 10.85316372, 25.40196991, 30.58232117, 25.40196991, 30.58232117, 30.58232117, 30.58232117, 30.58232117, 25.40196991]"
1224,"[30.58232117, 25.40196991, 20.50147247, 30.58232117, 20.50147247, 30.58232117, 25.40196991, 30.58232117, 39.55387878, 36.45310974, 25.40196991, 25.40196991, 30.58232117, 10.85316372, 25.40196991, 25.40196991, 30.58232117, 10.85316372, 30.58232117, 25.40196991, 30.58232117, 30.58232117, 30.58232117, 25.40196991, 25.40196991]"
1225,"[25.40196991, 25.40196991, 20.50147247, 30.58232117, 20.50147247, 30.58232117, 25.40196991, 30.58232117, 39.74495697, 36.45310974, 25.40196991, 25.40196991, 30.58232117, 10.85316372, 30.58232117, 25.40196991, 30.58232117, 25.40196991, 30.58232117, 20.50147247, 25.40196991, 25.40196991, 30.58232117, 25.40196991, 25.40196991]"
1226,"[25.40196991, 20.50147247, 20.50147247, 30.58232117, 16.35793304, 25.40196991, 20.50147247, 25.40196991, 36.45310974, 34.56784439, 20.50147247, 20.50147247, 30.58232117, 10.85316372, 25.40196991, 25.40196991, 30.58232117, 20.50147247, 30.58232117, 20.50147247, 25.40196991, 25.40196991, 30.58232117, 20.50147247, 30.58232117]"
1227,"[25.40196991, 20.50147247, 20.50147247, 30.58232117, 16.35793304, 20.50147247, 20.50147247, 25.40196991, 39.55387878, 10.85316372, 20.50147247, 20.50147247, 25.40196991, 10.85316372, 20.50147247, 20.50147247, 25.40196991, 20.50147247, 25.40196991, 16.35793304, 25.40196991, 25.40196991, 25.40196991, 20.50147247, 20.50147247]"
1228,"[25.40196991, 20.50147247, 20.50147247, 25.40196991, 16.35793304, 20.50147247, 20.50147247, 25.40196991, 36.45310974, 10.85316372, 20.50147247, 20.50147247, 25.40196991, 10.85316372, 20.50147247, 30.58232117, 25.40196991, 25.40196991, 25.40196991, 16.35793304, 25.40196991, 20.50147247, 30.58232117, 20.50147247, 25.40196991]"
1229,"[25.40196991, 20.50147247, 20.50147247, 25.40196991, 16.35793304, 25.40196991, 16.35793304, 25.40196991, 36.45310974, 34.56784439, 20.50147247, 16.35793304, 20.50147247, 10.85316372, 20.50147247, 30.58232117, 30.58232117, 30.58232117, 30.58232117, 16.35793304, 25.40196991, 20.50147247, 30.58232117, 16.35793304, 25.40196991]"
1230,"[25.40196991, 20.50147247, 20.50147247, 25.40196991, 16.35793304, 25.40196991, 20.50147247, 25.40196991, 34.56784439, 10.85316372, 16.35793304, 16.35793304, 20.50147247, 10.85316372, 20.50147247, 30.58232117, 25.40196991, 30.58232117, 30.58232117, 20.50147247, 25.40196991, 25.40196991, 30.58232117, 16.35793304, 20.50147247]"
1231,"[25.40196991, 20.50147247, 20.50147247, 25.40196991, 16.35793304, 25.40196991, 20.50147247, 25.40196991, 39.55387878, 10.85316372, 20.50147247, 16.35793304, 25.40196991, 10.85316372, 25.40196991, 30.58232117, 25.40196991, 25.40196991, 30.58232117, 20.50147247, 25.40196991, 25.40196991, 30.58232117, 20.50147247, 25.40196991]"
1232,"[25.40196991, 20.50147247, 20.50147247, 30.58232117, 20.50147247, 25.40196991, 20.50147247, 25.40196991, 36.45310974, 10.85316372, 20.50147247, 16.35793304, 25.40196991, 10.85316372, 16.35793304, 10.85316372, 25.40196991, 25.40196991, 30.58232117, 20.50147247, 25.40196991, 25.40196991, 10.85316372, 20.50147247, 25.40196991]"
1233,"[25.40196991, 20.50147247, 20.50147247, 30.58232117, 30.58232117, 25.40196991, 20.50147247, 25.40196991, 36.45310974, 34.56784439, 20.50147247, 20.50147247, 25.40196991, 10.85316372, 30.58232117, 10.85316372, 25.40196991, 25.40196991, 30.58232117, 20.50147247, 25.40196991, 25.40196991, 30.58232117, 20.50147247, 25.40196991]"
1234,"[25.40196991, 25.40196991, 20.50147247, 30.58232117, 25.40196991, 25.40196991, 20.50147247, 25.40196991, 34.56784439, 10.85316372, 20.50147247, 16.35793304, 25.40196991, 10.85316372, 30.58232117, 39.55387878, 25.40196991, 30.58232117, 30.58232117, 20.50147247, 30.58232117, 25.40196991, 30.58232117, 20.50147247, 25.40196991]"
1235,"[25.40196991, 20.50147247, 20.50147247, 30.58232117, 30.58232117, 25.40196991, 20.50147247, 25.40196991, 39.74495697, 10.85316372, 20.50147247, 20.50147247, 25.40196991, 34.56784439, 30.58232117, 36.45310974, 30.58232117, 10.85316372, 25.40196991, 20.50147247, 25.40196991, 25.40196991, 10.85316372, 20.50147247, 25.40196991]"
1236,"[25.40196991, 20.50147247, 16.35793304, 25.40196991, 10.85316372, 25.40196991, 20.50147247, 25.40196991, 36.45310974, 10.85316372, 20.50147247, 16.35793304, 25.40196991, 34.56784439, 25.40196991, 10.85316372, 25.40196991, 30.58232117, 25.40196991, 20.50147247, 25.40196991, 25.40196991, 10.85316372, 20.50147247, 20.50147247]"
1237,"[25.40196991, 20.50147247, 20.50147247, 25.40196991, 10.85316372, 25.40196991, 20.50147247, 25.40196991, 39.55387878, 30.58232117, 20.50147247, 20.50147247, 25.40196991, 10.85316372, 30.58232117, 39.74495697, 30.58232117, 10.85316372, 30.58232117, 20.50147247, 25.40196991, 25.40196991, 30.58232117, 25.40196991, 20.50147247]"
1238,"[25.40196991, 20.50147247, 20.50147247, 30.58232117, 30.58232117, 25.40196991, 20.50147247, 25.40196991, 39.55387878, 10.85316372, 20.50147247, 16.35793304, 25.40196991, 34.56784439, 25.40196991, 39.74495697, 30.58232117, 30.58232117, 30.58232117, 20.50147247, 30.58232117, 25.40196991, 30.58232117, 25.40196991, 30.58232117]"
1239,"[25.40196991, 20.50147247, 20.50147247, 25.40196991, 30.58232117, 25.40196991, 20.50147247, 25.40196991, 36.45310974, 34.56784439, 20.50147247, 16.35793304, 25.40196991, 34.56784439, 25.40196991, 30.58232117, 30.58232117, 25.40196991, 25.40196991, 20.50147247, 25.40196991, 25.40196991, 10.85316372, 30.58232117, 25.40196991]"
1240,"[25.40196991, 20.50147247, 20.50147247, 25.40196991, 25.40196991, 25.40196991, 20.50147247, 25.40196991, 36.45310974, 10.85316372, 25.40196991, 16.35793304, 30.58232117, 34.56784439, 20.50147247, 30.58232117, 25.40196991, 25.40196991, 30.58232117, 20.50147247, 25.40196991, 25.40196991, 30.58232117, 25.40196991, 25.40196991]"
1241,"[25.40196991, 20.50147247, 20.50147247, 25.40196991, 30.58232117, 25.40196991, 20.50147247, 25.40196991, 39.55387878, 10.85316372, 25.40196991, 16.35793304, 25.40196991, 34.56784439, 20.50147247, 25.40196991, 25.40196991, 25.40196991, 30.58232117, 20.50147247, 25.40196991, 25.40196991, 10.85316372, 25.40196991, 25.40196991]"
1242,"[25.40196991, 20.50147247, 20.50147247, 25.40196991, 34.56784439, 25.40196991, 20.50147247, 25.40196991, 36.45310974, 34.56784439, 25.40196991, 16.35793304, 25.40196991, 34.56784439, 20.50147247, 25.40196991, 30.58232117, 25.40196991, 30.58232117, 20.50147247, 25.40196991, 25.40196991, 30.58232117, 25.40196991, 20.50147247]"
1243,"[25.40196991, 20.50147247, 20.50147247, 25.40196991, 34.56784439, 25.40196991, 20.50147247, 25.40196991, 39.55387878, 34.56784439, 25.40196991, 16.35793304, 25.40196991, 34.56784439, 25.40196991, 30.58232117, 30.58232117, 30.58232117, 25.40196991, 20.50147247, 25.40196991, 25.40196991, 10.85316372, 20.50147247, 25.40196991]"
1244,"[25.40196991, 25.40196991, 20.50147247, 25.40196991, 20.50147247, 25.40196991, 20.50147247, 20.50147247, 39.55387878, 34.56784439, 25.40196991, 16.35793304, 30.58232117, 34.56784439, 25.40196991, 25.40196991, 30.58232117, 10.85316372, 25.40196991, 25.40196991, 25.40196991, 25.40196991, 30.58232117, 20.50147247, 25.40196991]"
1245,"[25.40196991, 20.50147247, 20.50147247, 30.58232117, 20.50147247, 25.40196991, 20.50147247, 25.40196991, 39.55387878, 10.85316372, 25.40196991, 20.50147247, 30.58232117, 34.56784439, 25.40196991, 25.40196991, 30.58232117, 25.40196991, 30.58232117, 25.40196991, 30.58232117, 30.58232117, 34.56784439, 25.40196991, 25.40196991]"
1246,"[25.40196991, 25.40196991, 20.50147247, 30.58232117, 25.40196991, 30.58232117, 25.40196991, 25.40196991, 36.45310974, 10.85316372, 25.40196991, 20.50147247, 25.40196991, 10.85316372, 30.58232117, 36.45310974, 30.58232117, 30.58232117, 30.58232117, 25.40196991, 30.58232117, 30.58232117, 34.56784439, 30.58232117, 25.40196991]"
1247,"[25.40196991, 25.40196991, 25.40196991, 30.58232117, 20.50147247, 30.58232117, 25.40196991, 30.58232117, 36.45310974, 10.85316372, 25.40196991, 20.50147247, 25.40196991, 10.85316372, 36.45310974, 10.85316372, 30.58232117, 30.58232117, 30.58232117, 20.50147247, 30.58232117, 30.58232117, 10.85316372, 30.58232117, 25.40196991]"
1248,"[25.40196991, 25.40196991, 25.40196991, 30.58232117, 20.50147247, 30.58232117, 52.54706955, 30.58232117, 39.55387878, 34.56784439, 25.40196991, 20.50147247, 30.58232117, 10.85316372, 34.56784439, 10.85316372, 30.58232117, 25.40196991, 30.58232117, 20.50147247, 30.58232117, 30.58232117, 10.85316372, 25.40196991, 30.58232117]"
1249,"[30.58232117, 25.40196991, 25.40196991, 30.58232117, 20.50147247, 30.58232117, 39.55387878, 25.40196991, 39.55387878, 34.56784439, 25.40196991, 20.50147247, 30.58232117, 10.85316372, 30.58232117, 30.58232117, 30.58232117, 25.40196991, 30.58232117, 20.50147247, 30.58232117, 25.40196991, 10.85316372, 25.40196991, 25.40196991]"
1250,"[30.58232117, 25.40196991, 20.50147247, 30.58232117, 20.50147247, 30.58232117, 20.50147247, 25.40196991, 39.55387878, 10.85316372, 25.40196991, 20.50147247, 30.58232117, 10.85316372, 25.40196991, 25.40196991, 10.85316372, 25.40196991, 30.58232117, 20.50147247, 30.58232117, 30.58232117, 10.85316372, 25.40196991, 30.58232117]"
1251,"[30.58232117, 25.40196991, 25.40196991, 30.58232117, 20.50147247, 30.58232117, 25.40196991, 25.40196991, 39.55387878, 36.45310974, 25.40196991, 20.50147247, 25.40196991, 10.85316372, 10.85316372, 36.45310974, 34.56784439, 30.58232117, 10.85316372, 20.50147247, 10.85316372, 30.58232117, 10.85316372, 20.50147247, 25.40196991]"
1252,"[10.85316372, 30.58232117, 30.58232117, 39.55387878, 25.40196991, 10.85316372, 25.40196991, 25.40196991, 36.45310974, 34.56784439, 25.40196991, 20.50147247, 30.58232117, 10.85316372, 25.40196991, 36.45310974, 34.56784439, 10.85316372, 10.85316372, 25.40196991, 10.85316372, 30.58232117, 34.56784439, 20.50147247, 25.40196991]"
1253,"[36.45310974, 10.85316372, 34.56784439, 39.93603134, 10.85316372, 36.45310974, 34.56784439, 34.56784439, 40.12710953, 36.45310974, 34.56784439, 36.45310974, 39.74495697, 34.56784439, 34.56784439, 34.56784439, 39.55387878, 36.45310974, 34.56784439, 34.56784439, 36.45310974, 36.45310974, 36.45310974, 36.45310974, 36.45310974]"
1254,"[36.45310974, 30.58232117, 34.56784439, 39.55387878, 10.85316372, 39.55387878, 34.56784439, 36.45310974, 39.74495697, 39.55387878, 30.58232117, 10.85316372, 34.56784439, 10.85316372, 36.45310974, 34.56784439, 39.93603134, 39.74495697, 39.55387878, 36.45310974, 39.74495697, 39.55387878, 40.12710953, 39.93603134, 39.55387878]"
1255,"[36.45310974, 34.56784439, 36.45310974, 39.55387878, 34.56784439, 34.56784439, 36.45310974, 36.45310974, 39.74495697, 39.55387878, 34.56784439, 10.85316372, 36.45310974, 10.85316372, 10.85316372, 39.93603134, 36.45310974, 39.55387878, 25.40196991, 39.55387878, 39.74495697, 39.74495697, 39.55387878, 40.12710953, 39.74495697]"
1256,"[10.85316372, 30.58232117, 10.85316372, 10.85316372, 34.56784439, 10.85316372, 10.85316372, 34.56784439, 39.93603134, 34.56784439, 30.58232117, 30.58232117, 10.85316372, 10.85316372, 10.85316372, 39.93603134, 36.45310974, 34.56784439, 30.58232117, 10.85316372, 34.56784439, 36.45310974, 36.45310974, 39.55387878, 34.56784439]"
1257,"[10.85316372, 10.85316372, 30.58232117, 34.56784439, 30.58232117, 10.85316372, 10.85316372, 10.85316372, 36.45310974, 34.56784439, 25.40196991, 10.85316372, 34.56784439, 34.56784439, 34.56784439, 39.55387878, 34.56784439, 10.85316372, 30.58232117, 10.85316372, 39.55387878, 36.45310974, 34.56784439, 36.45310974, 36.45310974]"
1258,"[30.58232117, 30.58232117, 30.58232117, 10.85316372, 34.56784439, 30.58232117, 30.58232117, 10.85316372, 39.55387878, 34.56784439, 25.40196991, 25.40196991, 30.58232117, 30.58232117, 36.45310974, 39.74495697, 36.45310974, 10.85316372, 30.58232117, 30.58232117, 34.56784439, 36.45310974, 36.45310974, 36.45310974, 34.56784439]"
1259,"[30.58232117, 30.58232117, 30.58232117, 30.58232117, 36.45310974, 30.58232117, 30.58232117, 10.85316372, 34.56784439, 34.56784439, 25.40196991, 20.50147247, 30.58232117, 10.85316372, 30.58232117, 40.12710953, 39.55387878, 10.85316372, 20.50147247, 10.85316372, 34.56784439, 10.85316372, 34.56784439, 36.45310974, 34.56784439]"
1260,"[30.58232117, 25.40196991, 25.40196991, 30.58232117, 34.56784439, 30.58232117, 25.40196991, 30.58232117, 34.56784439, 34.56784439, 25.40196991, 20.50147247, 30.58232117, 30.58232117, 30.58232117, 39.55387878, 36.45310974, 10.85316372, 20.50147247, 10.85316372, 34.56784439, 10.85316372, 36.45310974, 39.55387878, 10.85316372]"
1261,"[25.40196991, 25.40196991, 20.50147247, 30.58232117, 34.56784439, 30.58232117, 25.40196991, 30.58232117, 36.45310974, 10.85316372, 25.40196991, 16.35793304, 25.40196991, 30.58232117, 25.40196991, 30.58232117, 34.56784439, 30.58232117, 20.50147247, 30.58232117, 34.56784439, 30.58232117, 34.56784439, 34.56784439, 30.58232117]"
1262,"[25.40196991, 25.40196991, 20.50147247, 25.40196991, 36.45310974, 25.40196991, 25.40196991, 25.40196991, 36.45310974, 10.85316372, 20.50147247, 16.35793304, 25.40196991, 30.58232117, 30.58232117, 30.58232117, 10.85316372, 10.85316372, 25.40196991, 30.58232117, 34.56784439, 30.58232117, 34.56784439, 39.55387878, 25.40196991]"
1263,"[25.40196991, 25.40196991, 20.50147247, 25.40196991, 34.56784439, 25.40196991, 20.50147247, 25.40196991, 34.56784439, 10.85316372, 20.50147247, 16.35793304, 25.40196991, 25.40196991, 20.50147247, 10.85316372, 10.85316372, 10.85316372, 20.50147247, 30.58232117, 10.85316372, 30.58232117, 34.56784439, 34.56784439, 25.40196991]"
1264,"[20.50147247, 20.50147247, 16.35793304, 25.40196991, 10.85316372, 25.40196991, 20.50147247, 25.40196991, 39.74495697, 10.85316372, 25.40196991, 16.35793304, 25.40196991, 25.40196991, 20.50147247, 25.40196991, 10.85316372, 30.58232117, 16.35793304, 25.40196991, 10.85316372, 25.40196991, 10.85316372, 10.85316372, 25.40196991]"
1265,"[25.40196991, 20.50147247, 20.50147247, 25.40196991, 30.58232117, 25.40196991, 16.35793304, 25.40196991, 39.74495697, 10.85316372, 25.40196991, 16.35793304, 25.40196991, 25.40196991, 16.35793304, 25.40196991, 30.58232117, 25.40196991, 16.35793304, 25.40196991, 10.85316372, 25.40196991, 10.85316372, 30.58232117, 20.50147247]"
1266,"[25.40196991, 25.40196991, 20.50147247, 25.40196991, 10.85316372, 25.40196991, 20.50147247, 25.40196991, 39.74495697, 36.45310974, 25.40196991, 16.35793304, 30.58232117, 30.58232117, 25.40196991, 30.58232117, 10.85316372, 30.58232117, 16.35793304, 25.40196991, 10.85316372, 30.58232117, 34.56784439, 30.58232117, 25.40196991]"
1267,"[25.40196991, 25.40196991, 25.40196991, 30.58232117, 34.56784439, 25.40196991, 20.50147247, 25.40196991, 39.55387878, 34.56784439, 25.40196991, 20.50147247, 30.58232117, 10.85316372, 25.40196991, 36.45310974, 10.85316372, 10.85316372, 16.35793304, 25.40196991, 10.85316372, 10.85316372, 34.56784439, 10.85316372, 25.40196991]"
1268,"[10.85316372, 25.40196991, 25.40196991, 10.85316372, 30.58232117, 10.85316372, 30.58232117, 10.85316372, 39.74495697, 36.45310974, 30.58232117, 30.58232117, 34.56784439, 30.58232117, 25.40196991, 34.56784439, 10.85316372, 36.45310974, 20.50147247, 30.58232117, 34.56784439, 10.85316372, 39.74495697, 36.45310974, 10.85316372]"
1269,"[10.85316372, 30.58232117, 30.58232117, 10.85316372, 25.40196991, 10.85316372, 30.58232117, 10.85316372, 39.55387878, 39.55387878, 30.58232117, 30.58232117, 10.85316372, 30.58232117, 36.45310974, 34.56784439, 10.85316372, 10.85316372, 30.58232117, 30.58232117, 10.85316372, 10.85316372, 34.56784439, 30.58232117, 10.85316372]"
1270,"[10.85316372, 30.58232117, 30.58232117, 10.85316372, 25.40196991, 30.58232117, 30.58232117, 10.85316372, 39.74495697, 10.85316372, 30.58232117, 25.40196991, 10.85316372, 30.58232117, 25.40196991, 30.58232117, 10.85316372, 30.58232117, 30.58232117, 25.40196991, 10.85316372, 30.58232117, 34.56784439, 57.5150528, 10.85316372]"
1271,"[42.22894669, 30.58232117, 25.40196991, 10.85316372, 25.40196991, 30.58232117, 30.58232117, 30.58232117, 39.74495697, 10.85316372, 30.58232117, 25.40196991, 10.85316372, 30.58232117, 30.58232117, 30.58232117, 10.85316372, 30.58232117, 30.58232117, 30.58232117, 10.85316372, 30.58232117, 34.56784439, 30.58232117, 30.58232117]"
1272,"[25.40196991, 25.40196991, 25.40196991, 10.85316372, 20.50147247, 25.40196991, 25.40196991, 30.58232117, 36.45310974, 34.56784439, 25.40196991, 20.50147247, 30.58232117, 25.40196991, 25.40196991, 10.85316372, 30.58232117, 25.40196991, 25.40196991, 25.40196991, 30.58232117, 25.40196991, 34.56784439, 20.50147247, 30.58232117]"
1273,"[25.40196991, 20.50147247, 25.40196991, 30.58232117, 20.50147247, 30.58232117, 25.40196991, 30.58232117, 34.56784439, 34.56784439, 20.50147247, 20.50147247, 30.58232117, 25.40196991, 25.40196991, 34.56784439, 30.58232117, 25.40196991, 25.40196991, 25.40196991, 30.58232117, 30.58232117, 30.58232117, 25.40196991, 25.40196991]"
1274,"[25.40196991, 25.40196991, 25.40196991, 10.85316372, 20.50147247, 30.58232117, 25.40196991, 25.40196991, 39.55387878, 34.56784439, 25.40196991, 20.50147247, 30.58232117, 25.40196991, 25.40196991, 34.56784439, 10.85316372, 25.40196991, 20.50147247, 25.40196991, 30.58232117, 30.58232117, 10.85316372, 25.40196991, 25.40196991]"
1275,"[25.40196991, 20.50147247, 25.40196991, 10.85316372, 20.50147247, 30.58232117, 25.40196991, 25.40196991, 36.45310974, 10.85316372, 20.50147247, 20.50147247, 30.58232117, 25.40196991, 25.40196991, 34.56784439, 10.85316372, 25.40196991, 16.35793304, 25.40196991, 10.85316372, 30.58232117, 10.85316372, 25.40196991, 25.40196991]"
1276,"[25.40196991, 20.50147247, 20.50147247, 30.58232117, 20.50147247, 25.40196991, 25.40196991, 25.40196991, 36.45310974, 34.56784439, 20.50147247, 20.50147247, 30.58232117, 25.40196991, 34.56784439, 39.55387878, 34.56784439, 25.40196991, 25.40196991, 25.40196991, 30.58232117, 30.58232117, 10.85316372, 25.40196991, 25.40196991]"
1277,"[25.40196991, 25.40196991, 20.50147247, 25.40196991, 10.85316372, 30.58232117, 20.50147247, 30.58232117, 36.45310974, 10.85316372, 20.50147247, 20.50147247, 30.58232117, 30.58232117, 30.58232117, 36.45310974, 10.85316372, 30.58232117, 20.50147247, 25.40196991, 10.85316372, 30.58232117, 10.85316372, 25.40196991, 25.40196991]"
1278,"[25.40196991, 25.40196991, 20.50147247, 30.58232117, 10.85316372, 30.58232117, 20.50147247, 25.40196991, 39.55387878, 34.56784439, 20.50147247, 20.50147247, 30.58232117, 25.40196991, 25.40196991, 10.85316372, 30.58232117, 30.58232117, 16.35793304, 25.40196991, 10.85316372, 25.40196991, 30.58232117, 25.40196991, 25.40196991]"
1279,"[25.40196991, 20.50147247, 20.50147247, 25.40196991, 10.85316372, 25.40196991, 20.50147247, 25.40196991, 36.45310974, 10.85316372, 20.50147247, 16.35793304, 30.58232117, 25.40196991, 25.40196991, 36.45310974, 30.58232117, 25.40196991, 16.35793304, 25.40196991, 10.85316372, 25.40196991, 10.85316372, 25.40196991, 30.58232117]"
1280,"[25.40196991, 20.50147247, 20.50147247, 25.40196991, 34.56784439, 25.40196991, 20.50147247, 25.40196991, 10.85316372, 10.85316372, 20.50147247, 16.35793304, 30.58232117, 25.40196991, 25.40196991, 36.45310974, 30.58232117, 25.40196991, 16.35793304, 25.40196991, 30.58232117, 25.40196991, 30.58232117, 10.85316372, 25.40196991]"
1281,"[25.40196991, 20.50147247, 20.50147247, 25.40196991, 34.56784439, 25.40196991, 20.50147247, 25.40196991, 36.45310974, 10.85316372, 20.50147247, 16.35793304, 25.40196991, 25.40196991, 20.50147247, 30.58232117, 30.58232117, 30.58232117, 16.35793304, 20.50147247, 30.58232117, 25.40196991, 30.58232117, 10.85316372, 25.40196991]"
1282,"[25.40196991, 20.50147247, 20.50147247, 25.40196991, 10.85316372, 25.40196991, 20.50147247, 20.50147247, 34.56784439, 10.85316372, 20.50147247, 16.35793304, 25.40196991, 20.50147247, 25.40196991, 30.58232117, 25.40196991, 25.40196991, 12.86226368, 20.50147247, 25.40196991, 25.40196991, 30.58232117, 30.58232117, 25.40196991]"
1283,"[20.50147247, 20.50147247, 16.35793304, 25.40196991, 10.85316372, 25.40196991, 20.50147247, 20.50147247, 34.56784439, 10.85316372, 20.50147247, 16.35793304, 25.40196991, 25.40196991, 25.40196991, 30.58232117, 25.40196991, 25.40196991, 16.35793304, 20.50147247, 25.40196991, 25.40196991, 30.58232117, 25.40196991, 20.50147247]"
1284,"[20.50147247, 20.50147247, 16.35793304, 25.40196991, 10.85316372, 20.50147247, 16.35793304, 20.50147247, 39.74495697, 34.56784439, 20.50147247, 16.35793304, 25.40196991, 25.40196991, 20.50147247, 10.85316372, 25.40196991, 25.40196991, 12.86226368, 20.50147247, 25.40196991, 25.40196991, 30.58232117, 20.50147247, 25.40196991]"
1285,"[20.50147247, 20.50147247, 16.35793304, 25.40196991, 10.85316372, 20.50147247, 16.35793304, 20.50147247, 39.55387878, 10.85316372, 20.50147247, 16.35793304, 25.40196991, 25.40196991, 25.40196991, 25.40196991, 25.40196991, 25.40196991, 16.35793304, 20.50147247, 30.58232117, 25.40196991, 30.58232117, 20.50147247, 20.50147247]"
1286,"[20.50147247, 20.50147247, 16.35793304, 25.40196991, 10.85316372, 20.50147247, 20.50147247, 25.40196991, 36.45310974, 10.85316372, 20.50147247, 16.35793304, 25.40196991, 25.40196991, 20.50147247, 25.40196991, 30.58232117, 25.40196991, 16.35793304, 20.50147247, 30.58232117, 30.58232117, 10.85316372, 20.50147247, 20.50147247]"
1287,"[20.50147247, 20.50147247, 20.50147247, 25.40196991, 10.85316372, 25.40196991, 20.50147247, 25.40196991, 34.56784439, 10.85316372, 20.50147247, 16.35793304, 25.40196991, 25.40196991, 25.40196991, 25.40196991, 10.85316372, 25.40196991, 20.50147247, 10.85316372, 30.58232117, 30.58232117, 30.58232117, 25.40196991, 20.50147247]"
1288,"[25.40196991, 25.40196991, 25.40196991, 30.58232117, 36.45310974, 25.40196991, 20.50147247, 25.40196991, 39.55387878, 10.85316372, 20.50147247, 20.50147247, 30.58232117, 30.58232117, 25.40196991, 30.58232117, 10.85316372, 30.58232117, 16.35793304, 25.40196991, 30.58232117, 30.58232117, 10.85316372, 25.40196991, 20.50147247]"
1289,"[30.58232117, 30.58232117, 25.40196991, 34.56784439, 10.85316372, 10.85316372, 20.50147247, 25.40196991, 39.74495697, 34.56784439, 25.40196991, 25.40196991, 10.85316372, 30.58232117, 10.85316372, 10.85316372, 34.56784439, 10.85316372, 20.50147247, 10.85316372, 10.85316372, 10.85316372, 10.85316372, 30.58232117, 30.58232117]"
1290,"[10.85316372, 30.58232117, 30.58232117, 34.56784439, 30.58232117, 34.56784439, 25.40196991, 30.58232117, 36.45310974, 34.56784439, 30.58232117, 25.40196991, 10.85316372, 30.58232117, 10.85316372, 34.56784439, 36.45310974, 34.56784439, 25.40196991, 30.58232117, 34.56784439, 10.85316372, 30.58232117, 10.85316372, 30.58232117]"
1291,"[10.85316372, 10.85316372, 10.85316372, 34.56784439, 30.58232117, 34.56784439, 30.58232117, 10.85316372, 39.74495697, 39.55387878, 30.58232117, 25.40196991, 10.85316372, 30.58232117, 10.85316372, 34.56784439, 34.56784439, 10.85316372, 10.85316372, 10.85316372, 34.56784439, 34.56784439, 10.85316372, 10.85316372, 10.85316372]"
1292,"[10.85316372, 10.85316372, 10.85316372, 36.45310974, 30.58232117, 34.56784439, 30.58232117, 10.85316372, 39.74495697, 34.56784439, 10.85316372, 25.40196991, 10.85316372, 30.58232117, 10.85316372, 10.85316372, 36.45310974, 10.85316372, 34.56784439, 10.85316372, 34.56784439, 34.56784439, 36.45310974, 10.85316372, 10.85316372]"
1293,"[10.85316372, 10.85316372, 10.85316372, 36.45310974, 30.58232117, 34.56784439, 10.85316372, 10.85316372, 39.93603134, 39.55387878, 10.85316372, 30.58232117, 10.85316372, 30.58232117, 10.85316372, 10.85316372, 36.45310974, 10.85316372, 10.85316372, 10.85316372, 34.56784439, 34.56784439, 36.45310974, 30.58232117, 10.85316372]"
1294,"[10.85316372, 10.85316372, 10.85316372, 36.45310974, 30.58232117, 34.56784439, 30.58232117, 10.85316372, 39.55387878, 39.55387878, 30.58232117, 30.58232117, 10.85316372, 30.58232117, 34.56784439, 34.56784439, 34.56784439, 34.56784439, 10.85316372, 10.85316372, 34.56784439, 34.56784439, 34.56784439, 30.58232117, 10.85316372]"
1295,"[10.85316372, 10.85316372, 10.85316372, 36.45310974, 30.58232117, 34.56784439, 30.58232117, 10.85316372, 39.74495697, 39.55387878, 30.58232117, 30.58232117, 10.85316372, 10.85316372, 34.56784439, 34.56784439, 36.45310974, 10.85316372, 10.85316372, 10.85316372, 36.45310974, 10.85316372, 34.56784439, 10.85316372, 10.85316372]"
1296,"[30.58232117, 30.58232117, 10.85316372, 34.56784439, 25.40196991, 10.85316372, 30.58232117, 10.85316372, 39.55387878, 34.56784439, 30.58232117, 25.40196991, 10.85316372, 30.58232117, 36.45310974, 39.55387878, 36.45310974, 10.85316372, 30.58232117, 10.85316372, 36.45310974, 10.85316372, 34.56784439, 30.58232117, 10.85316372]"
1297,"[30.58232117, 30.58232117, 30.58232117, 34.56784439, 25.40196991, 34.56784439, 30.58232117, 10.85316372, 39.55387878, 34.56784439, 30.58232117, 25.40196991, 10.85316372, 30.58232117, 39.55387878, 39.74495697, 36.45310974, 30.58232117, 10.85316372, 30.58232117, 34.56784439, 34.56784439, 10.85316372, 10.85316372, 10.85316372]"
1298,"[30.58232117, 30.58232117, 10.85316372, 34.56784439, 25.40196991, 34.56784439, 10.85316372, 10.85316372, 36.45310974, 34.56784439, 25.40196991, 25.40196991, 10.85316372, 30.58232117, 39.55387878, 39.93603134, 34.56784439, 30.58232117, 30.58232117, 30.58232117, 10.85316372, 10.85316372, 34.56784439, 10.85316372, 10.85316372]"
1299,"[10.85316372, 10.85316372, 10.85316372, 10.85316372, 25.40196991, 36.45310974, 30.58232117, 30.58232117, 39.74495697, 36.45310974, 25.40196991, 25.40196991, 10.85316372, 30.58232117, 25.40196991, 40.3181839, 10.85316372, 30.58232117, 20.50147247, 30.58232117, 34.56784439, 10.85316372, 34.56784439, 10.85316372, 30.58232117]"
1300,"[30.58232117, 10.85316372, 10.85316372, 10.85316372, 25.40196991, 10.85316372, 30.58232117, 30.58232117, 39.55387878, 10.85316372, 25.40196991, 25.40196991, 10.85316372, 25.40196991, 10.85316372, 40.3181839, 10.85316372, 25.40196991, 25.40196991, 25.40196991, 34.56784439, 10.85316372, 10.85316372, 30.58232117, 30.58232117]"
1301,"[25.40196991, 25.40196991, 30.58232117, 10.85316372, 25.40196991, 30.58232117, 30.58232117, 30.58232117, 39.93603134, 34.56784439, 25.40196991, 20.50147247, 30.58232117, 30.58232117, 10.85316372, 39.55387878, 10.85316372, 30.58232117, 20.50147247, 25.40196991, 34.56784439, 10.85316372, 36.45310974, 10.85316372, 30.58232117]"
1302,"[25.40196991, 25.40196991, 25.40196991, 10.85316372, 25.40196991, 30.58232117, 30.58232117, 25.40196991, 36.45310974, 34.56784439, 25.40196991, 20.50147247, 30.58232117, 25.40196991, 20.50147247, 36.45310974, 30.58232117, 30.58232117, 20.50147247, 25.40196991, 30.58232117, 30.58232117, 34.56784439, 30.58232117, 10.85316372]"
1303,"[25.40196991, 25.40196991, 20.50147247, 10.85316372, 10.85316372, 25.40196991, 25.40196991, 25.40196991, 39.55387878, 10.85316372, 20.50147247, 20.50147247, 30.58232117, 25.40196991, 25.40196991, 30.58232117, 30.58232117, 25.40196991, 20.50147247, 20.50147247, 30.58232117, 30.58232117, 30.58232117, 25.40196991, 25.40196991]"
1304,"[25.40196991, 20.50147247, 20.50147247, 25.40196991, 30.58232117, 25.40196991, 25.40196991, 25.40196991, 39.55387878, 10.85316372, 20.50147247, 16.35793304, 30.58232117, 25.40196991, 20.50147247, 30.58232117, 30.58232117, 20.50147247, 16.35793304, 20.50147247, 30.58232117, 25.40196991, 10.85316372, 25.40196991, 25.40196991]"
1305,"[20.50147247, 20.50147247, 20.50147247, 25.40196991, 30.58232117, 25.40196991, 25.40196991, 20.50147247, 34.56784439, 34.56784439, 20.50147247, 16.35793304, 25.40196991, 30.58232117, 20.50147247, 25.40196991, 30.58232117, 25.40196991, 16.35793304, 20.50147247, 30.58232117, 25.40196991, 30.58232117, 25.40196991, 25.40196991]"
1306,"[25.40196991, 20.50147247, 20.50147247, 25.40196991, 30.58232117, 25.40196991, 20.50147247, 20.50147247, 36.45310974, 34.56784439, 20.50147247, 16.35793304, 25.40196991, 25.40196991, 20.50147247, 30.58232117, 25.40196991, 25.40196991, 16.35793304, 20.50147247, 30.58232117, 25.40196991, 30.58232117, 20.50147247, 20.50147247]"
1307,"[20.50147247, 20.50147247, 16.35793304, 25.40196991, 25.40196991, 25.40196991, 16.35793304, 20.50147247, 36.45310974, 10.85316372, 20.50147247, 16.35793304, 25.40196991, 20.50147247, 25.40196991, 25.40196991, 25.40196991, 25.40196991, 16.35793304, 20.50147247, 30.58232117, 25.40196991, 30.58232117, 25.40196991, 20.50147247]"
1308,"[20.50147247, 20.50147247, 16.35793304, 25.40196991, 30.58232117, 25.40196991, 16.35793304, 20.50147247, 34.56784439, 10.85316372, 20.50147247, 16.35793304, 25.40196991, 20.50147247, 20.50147247, 25.40196991, 25.40196991, 20.50147247, 16.35793304, 20.50147247, 25.40196991, 25.40196991, 10.85316372, 20.50147247, 25.40196991]"
1309,"[20.50147247, 20.50147247, 16.35793304, 25.40196991, 30.58232117, 25.40196991, 16.35793304, 20.50147247, 34.56784439, 10.85316372, 20.50147247, 16.35793304, 25.40196991, 20.50147247, 20.50147247, 25.40196991, 30.58232117, 20.50147247, 16.35793304, 20.50147247, 25.40196991, 25.40196991, 10.85316372, 20.50147247, 20.50147247]"
1310,"[25.40196991, 20.50147247, 16.35793304, 25.40196991, 30.58232117, 25.40196991, 16.35793304, 20.50147247, 34.56784439, 10.85316372, 20.50147247, 16.35793304, 30.58232117, 30.58232117, 25.40196991, 30.58232117, 30.58232117, 20.50147247, 16.35793304, 20.50147247, 25.40196991, 25.40196991, 30.58232117, 25.40196991, 25.40196991]"
1311,"[25.40196991, 25.40196991, 20.50147247, 30.58232117, 34.56784439, 25.40196991, 20.50147247, 25.40196991, 36.45310974, 10.85316372, 20.50147247, 20.50147247, 30.58232117, 25.40196991, 30.58232117, 30.58232117, 30.58232117, 25.40196991, 16.35793304, 25.40196991, 30.58232117, 25.40196991, 30.58232117, 25.40196991, 20.50147247]"
1312,"[25.40196991, 25.40196991, 25.40196991, 10.85316372, 30.58232117, 30.58232117, 25.40196991, 25.40196991, 39.74495697, 10.85316372, 25.40196991, 25.40196991, 10.85316372, 30.58232117, 10.85316372, 30.58232117, 10.85316372, 30.58232117, 20.50147247, 25.40196991, 30.58232117, 30.58232117, 10.85316372, 25.40196991, 25.40196991]"
1313,"[30.58232117, 25.40196991, 25.40196991, 10.85316372, 25.40196991, 10.85316372, 30.58232117, 30.58232117, 39.55387878, 36.45310974, 30.58232117, 25.40196991, 10.85316372, 30.58232117, 30.58232117, 30.58232117, 10.85316372, 30.58232117, 25.40196991, 25.40196991, 10.85316372, 30.58232117, 10.85316372, 25.40196991, 10.85316372]"
1314,"[30.58232117, 30.58232117, 25.40196991, 10.85316372, 25.40196991, 10.85316372, 25.40196991, 10.85316372, 34.56784439, 36.45310974, 30.58232117, 25.40196991, 10.85316372, 30.58232117, 30.58232117, 30.58232117, 10.85316372, 30.58232117, 30.58232117, 25.40196991, 10.85316372, 30.58232117, 10.85316372, 25.40196991, 39.74495697]"
1315,"[30.58232117, 30.58232117, 25.40196991, 10.85316372, 20.50147247, 10.85316372, 25.40196991, 30.58232117, 39.55387878, 34.56784439, 25.40196991, 25.40196991, 10.85316372, 25.40196991, 25.40196991, 25.40196991, 10.85316372, 25.40196991, 30.58232117, 25.40196991, 10.85316372, 30.58232117, 10.85316372, 25.40196991, 36.45310974]"
1316,"[25.40196991, 25.40196991, 25.40196991, 30.58232117, 20.50147247, 30.58232117, 20.50147247, 30.58232117, 39.74495697, 34.56784439, 25.40196991, 20.50147247, 30.58232117, 25.40196991, 25.40196991, 25.40196991, 30.58232117, 30.58232117, 25.40196991, 25.40196991, 30.58232117, 30.58232117, 30.58232117, 25.40196991, 10.85316372]"
1317,"[25.40196991, 20.50147247, 25.40196991, 30.58232117, 20.50147247, 30.58232117, 20.50147247, 30.58232117, 36.45310974, 10.85316372, 25.40196991, 20.50147247, 30.58232117, 25.40196991, 30.58232117, 30.58232117, 30.58232117, 25.40196991, 25.40196991, 25.40196991, 30.58232117, 25.40196991, 30.58232117, 20.50147247, 10.85316372]"
1318,"[25.40196991, 25.40196991, 25.40196991, 30.58232117, 20.50147247, 30.58232117, 20.50147247, 25.40196991, 36.45310974, 30.58232117, 20.50147247, 20.50147247, 30.58232117, 25.40196991, 25.40196991, 10.85316372, 30.58232117, 25.40196991, 25.40196991, 20.50147247, 30.58232117, 25.40196991, 10.85316372, 25.40196991, 30.58232117]"
1319,"[25.40196991, 25.40196991, 25.40196991, 30.58232117, 20.50147247, 30.58232117, 20.50147247, 30.58232117, 39.55387878, 34.56784439, 20.50147247, 20.50147247, 30.58232117, 20.50147247, 30.58232117, 34.56784439, 30.58232117, 30.58232117, 25.40196991, 20.50147247, 30.58232117, 25.40196991, 30.58232117, 25.40196991, 30.58232117]"
1320,"[25.40196991, 25.40196991, 25.40196991, 10.85316372, 20.50147247, 30.58232117, 20.50147247, 30.58232117, 36.45310974, 34.56784439, 20.50147247, 20.50147247, 25.40196991, 25.40196991, 25.40196991, 39.55387878, 10.85316372, 34.56784439, 25.40196991, 30.58232117, 34.56784439, 25.40196991, 10.85316372, 20.50147247, 30.58232117]"
1321,"[25.40196991, 25.40196991, 25.40196991, 10.85316372, 36.45310974, 10.85316372, 20.50147247, 30.58232117, 39.55387878, 10.85316372, 25.40196991, 20.50147247, 30.58232117, 10.85316372, 10.85316372, 40.12710953, 10.85316372, 10.85316372, 20.50147247, 30.58232117, 30.58232117, 30.58232117, 30.58232117, 25.40196991, 30.58232117]"
1322,"[25.40196991, 25.40196991, 20.50147247, 30.58232117, 34.56784439, 10.85316372, 20.50147247, 30.58232117, 39.74495697, 34.56784439, 25.40196991, 20.50147247, 30.58232117, 34.56784439, 34.56784439, 10.85316372, 10.85316372, 30.58232117, 20.50147247, 25.40196991, 30.58232117, 30.58232117, 36.45310974, 25.40196991, 30.58232117]"
1323,"[25.40196991, 20.50147247, 20.50147247, 30.58232117, 10.85316372, 30.58232117, 20.50147247, 30.58232117, 39.93603134, 10.85316372, 25.40196991, 16.35793304, 30.58232117, 10.85316372, 10.85316372, 34.56784439, 10.85316372, 30.58232117, 20.50147247, 25.40196991, 10.85316372, 25.40196991, 30.58232117, 30.58232117, 30.58232117]"
1324,"[25.40196991, 20.50147247, 20.50147247, 25.40196991, 34.56784439, 25.40196991, 20.50147247, 25.40196991, 39.74495697, 34.56784439, 20.50147247, 16.35793304, 25.40196991, 25.40196991, 25.40196991, 10.85316372, 30.58232117, 25.40196991, 20.50147247, 20.50147247, 25.40196991, 25.40196991, 30.58232117, 25.40196991, 25.40196991]"
1325,"[25.40196991, 20.50147247, 20.50147247, 25.40196991, 34.56784439, 25.40196991, 16.35793304, 25.40196991, 36.45310974, 34.56784439, 25.40196991, 16.35793304, 25.40196991, 10.85316372, 20.50147247, 34.56784439, 30.58232117, 25.40196991, 16.35793304, 20.50147247, 25.40196991, 25.40196991, 10.85316372, 25.40196991, 20.50147247]"
1326,"[25.40196991, 20.50147247, 20.50147247, 25.40196991, 34.56784439, 25.40196991, 16.35793304, 20.50147247, 39.55387878, 10.85316372, 20.50147247, 16.35793304, 25.40196991, 25.40196991, 25.40196991, 25.40196991, 30.58232117, 25.40196991, 16.35793304, 20.50147247, 25.40196991, 25.40196991, 10.85316372, 25.40196991, 25.40196991]"
1327,"[25.40196991, 20.50147247, 20.50147247, 25.40196991, 34.56784439, 25.40196991, 16.35793304, 20.50147247, 39.55387878, 30.58232117, 20.50147247, 16.35793304, 25.40196991, 25.40196991, 25.40196991, 30.58232117, 25.40196991, 20.50147247, 16.35793304, 20.50147247, 25.40196991, 25.40196991, 30.58232117, 25.40196991, 25.40196991]"
1328,"[25.40196991, 20.50147247, 20.50147247, 25.40196991, 34.56784439, 25.40196991, 16.35793304, 20.50147247, 36.45310974, 10.85316372, 20.50147247, 16.35793304, 25.40196991, 25.40196991, 20.50147247, 30.58232117, 25.40196991, 20.50147247, 16.35793304, 16.35793304, 25.40196991, 20.50147247, 30.58232117, 25.40196991, 25.40196991]"
1329,"[25.40196991, 20.50147247, 16.35793304, 25.40196991, 34.56784439, 25.40196991, 16.35793304, 20.50147247, 34.56784439, 34.56784439, 20.50147247, 16.35793304, 25.40196991, 20.50147247, 20.50147247, 30.58232117, 25.40196991, 20.50147247, 16.35793304, 20.50147247, 25.40196991, 20.50147247, 25.40196991, 20.50147247, 25.40196991]"
1330,"[25.40196991, 20.50147247, 20.50147247, 25.40196991, 30.58232117, 25.40196991, 16.35793304, 20.50147247, 34.56784439, 10.85316372, 20.50147247, 16.35793304, 25.40196991, 25.40196991, 20.50147247, 30.58232117, 25.40196991, 20.50147247, 16.35793304, 16.35793304, 25.40196991, 20.50147247, 30.58232117, 20.50147247, 25.40196991]"
1331,"[25.40196991, 20.50147247, 16.35793304, 25.40196991, 30.58232117, 25.40196991, 16.35793304, 20.50147247, 39.74495697, 10.85316372, 20.50147247, 16.35793304, 25.40196991, 30.58232117, 25.40196991, 10.85316372, 25.40196991, 20.50147247, 16.35793304, 20.50147247, 25.40196991, 20.50147247, 30.58232117, 20.50147247, 25.40196991]"
1332,"[25.40196991, 20.50147247, 20.50147247, 30.58232117, 34.56784439, 30.58232117, 20.50147247, 20.50147247, 36.45310974, 10.85316372, 20.50147247, 20.50147247, 25.40196991, 25.40196991, 30.58232117, 10.85316372, 30.58232117, 25.40196991, 16.35793304, 25.40196991, 25.40196991, 25.40196991, 30.58232117, 20.50147247, 25.40196991]"
1333,"[25.40196991, 25.40196991, 20.50147247, 30.58232117, 30.58232117, 30.58232117, 16.35793304, 25.40196991, 34.56784439, 10.85316372, 25.40196991, 25.40196991, 30.58232117, 25.40196991, 30.58232117, 10.85316372, 30.58232117, 25.40196991, 20.50147247, 25.40196991, 25.40196991, 25.40196991, 30.58232117, 20.50147247, 25.40196991]"
1334,"[25.40196991, 25.40196991, 25.40196991, 10.85316372, 25.40196991, 10.85316372, 25.40196991, 25.40196991, 39.74495697, 34.56784439, 25.40196991, 25.40196991, 10.85316372, 30.58232117, 25.40196991, 30.58232117, 30.58232117, 25.40196991, 25.40196991, 20.50147247, 25.40196991, 25.40196991, 10.85316372, 20.50147247, 25.40196991]"
1335,"[25.40196991, 25.40196991, 25.40196991, 30.58232117, 20.50147247, 30.58232117, 10.85316372, 30.58232117, 39.55387878, 10.85316372, 25.40196991, 25.40196991, 30.58232117, 25.40196991, 25.40196991, 30.58232117, 30.58232117, 25.40196991, 25.40196991, 20.50147247, 25.40196991, 25.40196991, 10.85316372, 20.50147247, 25.40196991]"
1336,"[25.40196991, 20.50147247, 20.50147247, 30.58232117, 20.50147247, 25.40196991, 20.50147247, 25.40196991, 36.45310974, 30.58232117, 20.50147247, 20.50147247, 25.40196991, 25.40196991, 25.40196991, 25.40196991, 25.40196991, 25.40196991, 20.50147247, 20.50147247, 25.40196991, 25.40196991, 25.40196991, 20.50147247, 20.50147247]"
1337,"[25.40196991, 25.40196991, 20.50147247, 30.58232117, 20.50147247, 30.58232117, 20.50147247, 25.40196991, 39.74495697, 34.56784439, 20.50147247, 20.50147247, 30.58232117, 20.50147247, 30.58232117, 10.85316372, 25.40196991, 20.50147247, 25.40196991, 20.50147247, 25.40196991, 25.40196991, 30.58232117, 20.50147247, 25.40196991]"
1338,"[25.40196991, 25.40196991, 20.50147247, 30.58232117, 20.50147247, 30.58232117, 20.50147247, 25.40196991, 39.55387878, 36.45310974, 25.40196991, 20.50147247, 30.58232117, 25.40196991, 30.58232117, 36.45310974, 30.58232117, 20.50147247, 25.40196991, 20.50147247, 25.40196991, 25.40196991, 10.85316372, 20.50147247, 25.40196991]"
1339,"[25.40196991, 25.40196991, 20.50147247, 10.85316372, 20.50147247, 30.58232117, 20.50147247, 25.40196991, 34.56784439, 10.85316372, 25.40196991, 20.50147247, 30.58232117, 25.40196991, 30.58232117, 36.45310974, 30.58232117, 30.58232117, 20.50147247, 25.40196991, 30.58232117, 25.40196991, 30.58232117, 20.50147247, 20.50147247]"
1340,"[25.40196991, 30.58232117, 25.40196991, 10.85316372, 25.40196991, 30.58232117, 25.40196991, 25.40196991, 36.45310974, 34.56784439, 25.40196991, 20.50147247, 30.58232117, 25.40196991, 10.85316372, 39.55387878, 30.58232117, 25.40196991, 20.50147247, 25.40196991, 30.58232117, 30.58232117, 10.85316372, 25.40196991, 30.58232117]"
1341,"[25.40196991, 25.40196991, 25.40196991, 10.85316372, 25.40196991, 25.40196991, 20.50147247, 30.58232117, 39.55387878, 34.56784439, 25.40196991, 20.50147247, 10.85316372, 30.58232117, 25.40196991, 30.58232117, 30.58232117, 25.40196991, 16.35793304, 25.40196991, 30.58232117, 25.40196991, 30.58232117, 25.40196991, 25.40196991]"
1342,"[25.40196991, 25.40196991, 20.50147247, 10.85316372, 10.85316372, 25.40196991, 20.50147247, 25.40196991, 39.74495697, 34.56784439, 25.40196991, 20.50147247, 30.58232117, 30.58232117, 30.58232117, 34.56784439, 30.58232117, 25.40196991, 16.35793304, 20.50147247, 30.58232117, 25.40196991, 34.56784439, 25.40196991, 25.40196991]"
1343,"[25.40196991, 25.40196991, 20.50147247, 30.58232117, 10.85316372, 25.40196991, 20.50147247, 25.40196991, 10.85316372, 10.85316372, 25.40196991, 16.35793304, 30.58232117, 30.58232117, 30.58232117, 34.56784439, 30.58232117, 25.40196991, 16.35793304, 20.50147247, 30.58232117, 25.40196991, 30.58232117, 25.40196991, 25.40196991]"
1344,"[25.40196991, 25.40196991, 20.50147247, 25.40196991, 34.56784439, 25.40196991, 20.50147247, 25.40196991, 39.74495697, 30.58232117, 25.40196991, 16.35793304, 30.58232117, 10.85316372, 30.58232117, 30.58232117, 30.58232117, 25.40196991, 16.35793304, 20.50147247, 30.58232117, 25.40196991, 10.85316372, 25.40196991, 25.40196991]"
1345,"[25.40196991, 20.50147247, 20.50147247, 25.40196991, 34.56784439, 25.40196991, 20.50147247, 25.40196991, 39.55387878, 10.85316372, 25.40196991, 16.35793304, 30.58232117, 34.56784439, 20.50147247, 30.58232117, 30.58232117, 20.50147247, 16.35793304, 20.50147247, 25.40196991, 25.40196991, 10.85316372, 25.40196991, 20.50147247]"
1346,"[20.50147247, 20.50147247, 20.50147247, 25.40196991, 36.45310974, 25.40196991, 20.50147247, 25.40196991, 36.45310974, 30.58232117, 25.40196991, 20.50147247, 30.58232117, 10.85316372, 20.50147247, 25.40196991, 30.58232117, 20.50147247, 16.35793304, 20.50147247, 25.40196991, 25.40196991, 10.85316372, 20.50147247, 30.58232117]"
1347,"[20.50147247, 20.50147247, 20.50147247, 25.40196991, 36.45310974, 25.40196991, 16.35793304, 25.40196991, 39.55387878, 10.85316372, 25.40196991, 16.35793304, 10.85316372, 10.85316372, 25.40196991, 25.40196991, 30.58232117, 20.50147247, 16.35793304, 20.50147247, 25.40196991, 25.40196991, 10.85316372, 25.40196991, 25.40196991]"
1348,"[20.50147247, 20.50147247, 20.50147247, 25.40196991, 36.45310974, 30.58232117, 16.35793304, 25.40196991, 39.74495697, 34.56784439, 25.40196991, 16.35793304, 10.85316372, 10.85316372, 25.40196991, 25.40196991, 30.58232117, 20.50147247, 16.35793304, 20.50147247, 25.40196991, 25.40196991, 30.58232117, 20.50147247, 25.40196991]"
1349,"[25.40196991, 20.50147247, 20.50147247, 25.40196991, 34.56784439, 25.40196991, 20.50147247, 25.40196991, 34.56784439, 34.56784439, 25.40196991, 16.35793304, 30.58232117, 10.85316372, 20.50147247, 25.40196991, 30.58232117, 20.50147247, 16.35793304, 16.35793304, 25.40196991, 25.40196991, 25.40196991, 25.40196991, 25.40196991]"
1350,"[25.40196991, 20.50147247, 16.35793304, 25.40196991, 10.85316372, 30.58232117, 20.50147247, 25.40196991, 36.45310974, 34.56784439, 25.40196991, 16.35793304, 30.58232117, 10.85316372, 16.35793304, 25.40196991, 30.58232117, 25.40196991, 16.35793304, 20.50147247, 30.58232117, 25.40196991, 10.85316372, 30.58232117, 25.40196991]"
1351,"[30.58232117, 25.40196991, 25.40196991, 30.58232117, 34.56784439, 30.58232117, 20.50147247, 30.58232117, 39.74495697, 34.56784439, 25.40196991, 20.50147247, 10.85316372, 30.58232117, 25.40196991, 30.58232117, 10.85316372, 30.58232117, 20.50147247, 25.40196991, 30.58232117, 30.58232117, 34.56784439, 25.40196991, 30.58232117]"
1352,"[30.58232117, 30.58232117, 30.58232117, 10.85316372, 10.85316372, 10.85316372, 25.40196991, 30.58232117, 36.45310974, 34.56784439, 30.58232117, 25.40196991, 10.85316372, 30.58232117, 30.58232117, 34.56784439, 10.85316372, 10.85316372, 20.50147247, 25.40196991, 30.58232117, 30.58232117, 25.40196991, 25.40196991, 30.58232117]"
1353,"[25.40196991, 25.40196991, 25.40196991, 34.56784439, 25.40196991, 10.85316372, 25.40196991, 30.58232117, 36.45310974, 10.85316372, 25.40196991, 25.40196991, 10.85316372, 30.58232117, 34.56784439, 36.45310974, 10.85316372, 30.58232117, 25.40196991, 25.40196991, 10.85316372, 30.58232117, 34.56784439, 25.40196991, 25.40196991]"
1354,"[25.40196991, 25.40196991, 20.50147247, 10.85316372, 20.50147247, 10.85316372, 20.50147247, 30.58232117, 39.55387878, 34.56784439, 25.40196991, 20.50147247, 30.58232117, 25.40196991, 30.58232117, 10.85316372, 10.85316372, 30.58232117, 30.58232117, 25.40196991, 30.58232117, 30.58232117, 10.85316372, 25.40196991, 30.58232117]"
1355,"[25.40196991, 20.50147247, 20.50147247, 30.58232117, 20.50147247, 30.58232117, 20.50147247, 30.58232117, 34.56784439, 34.56784439, 25.40196991, 20.50147247, 30.58232117, 20.50147247, 25.40196991, 25.40196991, 10.85316372, 30.58232117, 30.58232117, 25.40196991, 30.58232117, 25.40196991, 10.85316372, 20.50147247, 25.40196991]"
1356,"[25.40196991, 25.40196991, 25.40196991, 30.58232117, 20.50147247, 30.58232117, 25.40196991, 30.58232117, 39.55387878, 10.85316372, 25.40196991, 20.50147247, 30.58232117, 25.40196991, 25.40196991, 30.58232117, 36.45310974, 34.56784439, 25.40196991, 30.58232117, 34.56784439, 30.58232117, 10.85316372, 20.50147247, 46.24155045]"
1357,"[25.40196991, 25.40196991, 25.40196991, 10.85316372, 20.50147247, 10.85316372, 25.40196991, 30.58232117, 34.56784439, 10.85316372, 20.50147247, 20.50147247, 30.58232117, 25.40196991, 25.40196991, 10.85316372, 34.56784439, 10.85316372, 25.40196991, 10.85316372, 34.56784439, 30.58232117, 10.85316372, 25.40196991, 45.47724533]"
1358,"[25.40196991, 25.40196991, 25.40196991, 10.85316372, 20.50147247, 30.58232117, 25.40196991, 30.58232117, 36.45310974, 36.45310974, 25.40196991, 20.50147247, 30.58232117, 25.40196991, 25.40196991, 10.85316372, 34.56784439, 30.58232117, 25.40196991, 30.58232117, 10.85316372, 10.85316372, 10.85316372, 30.58232117, 30.58232117]"
1359,"[30.58232117, 25.40196991, 30.58232117, 34.56784439, 25.40196991, 10.85316372, 25.40196991, 30.58232117, 39.74495697, 34.56784439, 25.40196991, 20.50147247, 30.58232117, 25.40196991, 34.56784439, 39.93603134, 34.56784439, 10.85316372, 30.58232117, 25.40196991, 10.85316372, 10.85316372, 34.56784439, 30.58232117, 25.40196991]"
1360,"[30.58232117, 30.58232117, 10.85316372, 10.85316372, 25.40196991, 10.85316372, 10.85316372, 30.58232117, 39.55387878, 34.56784439, 25.40196991, 25.40196991, 10.85316372, 30.58232117, 34.56784439, 10.85316372, 10.85316372, 10.85316372, 30.58232117, 25.40196991, 30.58232117, 10.85316372, 36.45310974, 30.58232117, 30.58232117]"
1361,"[30.58232117, 25.40196991, 10.85316372, 10.85316372, 25.40196991, 30.58232117, 30.58232117, 30.58232117, 39.74495697, 10.85316372, 25.40196991, 25.40196991, 10.85316372, 30.58232117, 34.56784439, 30.58232117, 30.58232117, 30.58232117, 25.40196991, 25.40196991, 30.58232117, 10.85316372, 10.85316372, 30.58232117, 25.40196991]"
1362,"[25.40196991, 25.40196991, 30.58232117, 25.40196991, 30.58232117, 30.58232117, 30.58232117, 30.58232117, 34.56784439, 34.56784439, 20.50147247, 20.50147247, 30.58232117, 30.58232117, 20.50147247, 30.58232117, 30.58232117, 30.58232117, 16.35793304, 25.40196991, 25.40196991, 30.58232117, 10.85316372, 25.40196991, 30.58232117]"
1363,"[30.58232117, 25.40196991, 25.40196991, 25.40196991, 10.85316372, 30.58232117, 25.40196991, 30.58232117, 39.55387878, 10.85316372, 20.50147247, 20.50147247, 30.58232117, 25.40196991, 20.50147247, 30.58232117, 30.58232117, 25.40196991, 16.35793304, 20.50147247, 25.40196991, 30.58232117, 10.85316372, 30.58232117, 30.58232117]"
1364,"[25.40196991, 25.40196991, 25.40196991, 25.40196991, 30.58232117, 25.40196991, 25.40196991, 25.40196991, 34.56784439, 34.56784439, 20.50147247, 16.35793304, 30.58232117, 25.40196991, 20.50147247, 25.40196991, 30.58232117, 25.40196991, 16.35793304, 20.50147247, 25.40196991, 30.58232117, 34.56784439, 10.85316372, 25.40196991]"
1365,"[25.40196991, 20.50147247, 20.50147247, 25.40196991, 25.40196991, 25.40196991, 20.50147247, 25.40196991, 39.74495697, 34.56784439, 20.50147247, 16.35793304, 30.58232117, 30.58232117, 16.35793304, 25.40196991, 30.58232117, 20.50147247, 16.35793304, 20.50147247, 25.40196991, 30.58232117, 30.58232117, 25.40196991, 20.50147247]"
1366,"[20.50147247, 20.50147247, 20.50147247, 30.58232117, 25.40196991, 25.40196991, 20.50147247, 25.40196991, 34.56784439, 30.58232117, 20.50147247, 16.35793304, 30.58232117, 25.40196991, 20.50147247, 20.50147247, 25.40196991, 20.50147247, 12.86226368, 20.50147247, 25.40196991, 25.40196991, 30.58232117, 25.40196991, 25.40196991]"
1367,"[20.50147247, 20.50147247, 25.40196991, 30.58232117, 20.50147247, 25.40196991, 20.50147247, 25.40196991, 39.74495697, 10.85316372, 20.50147247, 16.35793304, 25.40196991, 25.40196991, 16.35793304, 20.50147247, 25.40196991, 20.50147247, 16.35793304, 20.50147247, 25.40196991, 25.40196991, 30.58232117, 25.40196991, 20.50147247]"
1368,"[20.50147247, 20.50147247, 20.50147247, 30.58232117, 20.50147247, 25.40196991, 20.50147247, 25.40196991, 36.45310974, 30.58232117, 20.50147247, 16.35793304, 25.40196991, 25.40196991, 25.40196991, 20.50147247, 25.40196991, 20.50147247, 16.35793304, 16.35793304, 25.40196991, 25.40196991, 30.58232117, 20.50147247, 25.40196991]"
1369,"[20.50147247, 20.50147247, 20.50147247, 30.58232117, 20.50147247, 25.40196991, 16.35793304, 25.40196991, 34.56784439, 10.85316372, 20.50147247, 16.35793304, 25.40196991, 25.40196991, 16.35793304, 25.40196991, 25.40196991, 20.50147247, 16.35793304, 16.35793304, 25.40196991, 25.40196991, 25.40196991, 20.50147247, 20.50147247]"
1370,"[20.50147247, 20.50147247, 20.50147247, 30.58232117, 25.40196991, 25.40196991, 16.35793304, 25.40196991, 36.45310974, 30.58232117, 20.50147247, 16.35793304, 30.58232117, 25.40196991, 16.35793304, 25.40196991, 25.40196991, 16.35793304, 16.35793304, 16.35793304, 25.40196991, 25.40196991, 30.58232117, 20.50147247, 20.50147247]"
1371,"[20.50147247, 20.50147247, 20.50147247, 30.58232117, 25.40196991, 25.40196991, 16.35793304, 25.40196991, 39.55387878, 25.40196991, 20.50147247, 16.35793304, 30.58232117, 25.40196991, 16.35793304, 25.40196991, 25.40196991, 20.50147247, 16.35793304, 16.35793304, 25.40196991, 25.40196991, 30.58232117, 20.50147247, 20.50147247]"
1372,"[20.50147247, 25.40196991, 25.40196991, 10.85316372, 25.40196991, 25.40196991, 20.50147247, 25.40196991, 36.45310974, 10.85316372, 20.50147247, 20.50147247, 30.58232117, 25.40196991, 20.50147247, 25.40196991, 25.40196991, 20.50147247, 16.35793304, 20.50147247, 25.40196991, 25.40196991, 30.58232117, 20.50147247, 20.50147247]"
1373,"[25.40196991, 25.40196991, 25.40196991, 10.85316372, 25.40196991, 25.40196991, 20.50147247, 25.40196991, 36.45310974, 10.85316372, 25.40196991, 25.40196991, 10.85316372, 25.40196991, 25.40196991, 25.40196991, 30.58232117, 25.40196991, 16.35793304, 25.40196991, 30.58232117, 30.58232117, 10.85316372, 25.40196991, 25.40196991]"
1374,"[30.58232117, 25.40196991, 30.58232117, 34.56784439, 25.40196991, 30.58232117, 25.40196991, 30.58232117, 36.45310974, 34.56784439, 30.58232117, 25.40196991, 34.56784439, 30.58232117, 30.58232117, 30.58232117, 10.85316372, 30.58232117, 20.50147247, 30.58232117, 30.58232117, 10.85316372, 10.85316372, 25.40196991, 25.40196991]"
1375,"[30.58232117, 30.58232117, 30.58232117, 34.56784439, 25.40196991, 10.85316372, 25.40196991, 30.58232117, 39.55387878, 34.56784439, 30.58232117, 30.58232117, 34.56784439, 30.58232117, 25.40196991, 30.58232117, 34.56784439, 10.85316372, 25.40196991, 30.58232117, 34.56784439, 34.56784439, 36.45310974, 30.58232117, 25.40196991]"
1376,"[30.58232117, 30.58232117, 10.85316372, 34.56784439, 30.58232117, 10.85316372, 30.58232117, 10.85316372, 40.3181839, 34.56784439, 30.58232117, 30.58232117, 34.56784439, 30.58232117, 10.85316372, 10.85316372, 34.56784439, 30.58232117, 30.58232117, 30.58232117, 34.56784439, 34.56784439, 36.45310974, 30.58232117, 30.58232117]"
1377,"[30.58232117, 30.58232117, 30.58232117, 34.56784439, 30.58232117, 10.85316372, 30.58232117, 34.56784439, 10.85316372, 36.45310974, 30.58232117, 25.40196991, 34.56784439, 30.58232117, 10.85316372, 10.85316372, 34.56784439, 10.85316372, 20.50147247, 30.58232117, 10.85316372, 10.85316372, 34.56784439, 30.58232117, 30.58232117]"
1378,"[30.58232117, 30.58232117, 30.58232117, 34.56784439, 25.40196991, 10.85316372, 30.58232117, 10.85316372, 10.85316372, 36.45310974, 30.58232117, 25.40196991, 34.56784439, 30.58232117, 30.58232117, 30.58232117, 10.85316372, 30.58232117, 40.3181839, 30.58232117, 10.85316372, 10.85316372, 10.85316372, 30.58232117, 30.58232117]"
1379,"[30.58232117, 30.58232117, 30.58232117, 34.56784439, 25.40196991, 10.85316372, 30.58232117, 10.85316372, 10.85316372, 34.56784439, 25.40196991, 25.40196991, 10.85316372, 30.58232117, 30.58232117, 34.56784439, 10.85316372, 30.58232117, 61.52765274, 25.40196991, 30.58232117, 10.85316372, 10.85316372, 10.85316372, 30.58232117]"
1380,"[25.40196991, 30.58232117, 30.58232117, 36.45310974, 30.58232117, 10.85316372, 25.40196991, 30.58232117, 25.40196991, 10.85316372, 25.40196991, 25.40196991, 10.85316372, 30.58232117, 25.40196991, 34.56784439, 10.85316372, 30.58232117, 20.50147247, 25.40196991, 10.85316372, 10.85316372, 34.56784439, 25.40196991, 25.40196991]"
1381,"[30.58232117, 30.58232117, 30.58232117, 36.45310974, 30.58232117, 10.85316372, 25.40196991, 30.58232117, 30.58232117, 30.58232117, 25.40196991, 25.40196991, 34.56784439, 30.58232117, 25.40196991, 39.55387878, 30.58232117, 30.58232117, 25.40196991, 30.58232117, 10.85316372, 10.85316372, 34.56784439, 30.58232117, 25.40196991]"
1382,"[30.58232117, 30.58232117, 25.40196991, 36.45310974, 10.85316372, 10.85316372, 25.40196991, 30.58232117, 30.58232117, 34.56784439, 30.58232117, 25.40196991, 34.56784439, 10.85316372, 20.50147247, 39.74495697, 30.58232117, 30.58232117, 25.40196991, 25.40196991, 30.58232117, 30.58232117, 34.56784439, 30.58232117, 20.50147247]"
1383,"[30.58232117, 30.58232117, 25.40196991, 10.85316372, 25.40196991, 30.58232117, 25.40196991, 30.58232117, 30.58232117, 36.45310974, 25.40196991, 25.40196991, 10.85316372, 10.85316372, 25.40196991, 39.74495697, 30.58232117, 30.58232117, 25.40196991, 25.40196991, 30.58232117, 30.58232117, 30.58232117, 30.58232117, 25.40196991]"
1384,"[30.58232117, 25.40196991, 25.40196991, 10.85316372, 30.58232117, 30.58232117, 25.40196991, 30.58232117, 30.58232117, 36.45310974, 25.40196991, 20.50147247, 10.85316372, 30.58232117, 25.40196991, 36.45310974, 30.58232117, 30.58232117, 25.40196991, 25.40196991, 10.85316372, 30.58232117, 10.85316372, 30.58232117, 25.40196991]"
1385,"[25.40196991, 30.58232117, 25.40196991, 10.85316372, 30.58232117, 30.58232117, 25.40196991, 30.58232117, 25.40196991, 36.45310974, 25.40196991, 20.50147247, 30.58232117, 30.58232117, 30.58232117, 36.45310974, 10.85316372, 30.58232117, 25.40196991, 25.40196991, 10.85316372, 30.58232117, 10.85316372, 10.85316372, 25.40196991]"
1386,"[25.40196991, 25.40196991, 25.40196991, 30.58232117, 10.85316372, 30.58232117, 25.40196991, 30.58232117, 30.58232117, 34.56784439, 25.40196991, 20.50147247, 30.58232117, 25.40196991, 30.58232117, 34.56784439, 10.85316372, 25.40196991, 25.40196991, 25.40196991, 30.58232117, 30.58232117, 10.85316372, 10.85316372, 25.40196991]"
1387,"[30.58232117, 10.85316372, 30.58232117, 10.85316372, 34.56784439, 10.85316372, 25.40196991, 30.58232117, 30.58232117, 36.45310974, 25.40196991, 20.50147247, 10.85316372, 30.58232117, 30.58232117, 10.85316372, 10.85316372, 30.58232117, 25.40196991, 25.40196991, 30.58232117, 30.58232117, 10.85316372, 25.40196991, 25.40196991]"
1388,"[30.58232117, 30.58232117, 25.40196991, 30.58232117, 10.85316372, 30.58232117, 25.40196991, 30.58232117, 30.58232117, 10.85316372, 25.40196991, 16.35793304, 30.58232117, 30.58232117, 25.40196991, 10.85316372, 10.85316372, 25.40196991, 25.40196991, 20.50147247, 30.58232117, 30.58232117, 34.56784439, 25.40196991, 20.50147247]"
1389,"[30.58232117, 30.58232117, 20.50147247, 30.58232117, 34.56784439, 10.85316372, 25.40196991, 30.58232117, 30.58232117, 34.56784439, 25.40196991, 16.35793304, 30.58232117, 30.58232117, 30.58232117, 10.85316372, 34.56784439, 30.58232117, 25.40196991, 25.40196991, 30.58232117, 10.85316372, 10.85316372, 25.40196991, 25.40196991]"
1390,"[30.58232117, 30.58232117, 20.50147247, 30.58232117, 34.56784439, 10.85316372, 25.40196991, 25.40196991, 10.85316372, 34.56784439, 25.40196991, 16.35793304, 30.58232117, 30.58232117, 25.40196991, 10.85316372, 34.56784439, 30.58232117, 25.40196991, 20.50147247, 30.58232117, 30.58232117, 10.85316372, 25.40196991, 20.50147247]"
1391,"[30.58232117, 30.58232117, 25.40196991, 30.58232117, 34.56784439, 10.85316372, 20.50147247, 25.40196991, 30.58232117, 36.45310974, 25.40196991, 16.35793304, 30.58232117, 30.58232117, 10.85316372, 30.58232117, 10.85316372, 25.40196991, 25.40196991, 25.40196991, 10.85316372, 30.58232117, 10.85316372, 25.40196991, 25.40196991]"
1392,"[30.58232117, 30.58232117, 25.40196991, 30.58232117, 34.56784439, 10.85316372, 20.50147247, 25.40196991, 30.58232117, 34.56784439, 25.40196991, 16.35793304, 30.58232117, 30.58232117, 30.58232117, 10.85316372, 34.56784439, 30.58232117, 25.40196991, 25.40196991, 10.85316372, 10.85316372, 36.45310974, 25.40196991, 25.40196991]"
1393,"[30.58232117, 10.85316372, 25.40196991, 10.85316372, 10.85316372, 34.56784439, 25.40196991, 30.58232117, 10.85316372, 34.56784439, 25.40196991, 16.35793304, 30.58232117, 30.58232117, 30.58232117, 30.58232117, 10.85316372, 30.58232117, 25.40196991, 25.40196991, 30.58232117, 10.85316372, 10.85316372, 25.40196991, 20.50147247]"
1394,"[10.85316372, 10.85316372, 30.58232117, 36.45310974, 10.85316372, 34.56784439, 30.58232117, 10.85316372, 10.85316372, 39.55387878, 30.58232117, 25.40196991, 10.85316372, 10.85316372, 10.85316372, 36.45310974, 36.45310974, 10.85316372, 30.58232117, 30.58232117, 34.56784439, 34.56784439, 34.56784439, 34.56784439, 30.58232117]"
1395,"[10.85316372, 10.85316372, 10.85316372, 36.45310974, 30.58232117, 36.45310974, 10.85316372, 34.56784439, 10.85316372, 36.45310974, 30.58232117, 30.58232117, 34.56784439, 10.85316372, 10.85316372, 36.45310974, 39.55387878, 10.85316372, 10.85316372, 10.85316372, 10.85316372, 34.56784439, 36.45310974, 10.85316372, 10.85316372]"
1396,"[10.85316372, 10.85316372, 10.85316372, 34.56784439, 30.58232117, 36.45310974, 10.85316372, 34.56784439, 10.85316372, 36.45310974, 30.58232117, 25.40196991, 10.85316372, 30.58232117, 36.45310974, 36.45310974, 36.45310974, 10.85316372, 34.56784439, 30.58232117, 16.35793304, 34.56784439, 39.55387878, 30.58232117, 10.85316372]"
1397,"[30.58232117, 30.58232117, 10.85316372, 10.85316372, 20.50147247, 30.58232117, 30.58232117, 10.85316372, 10.85316372, 34.56784439, 25.40196991, 20.50147247, 10.85316372, 30.58232117, 10.85316372, 30.58232117, 34.56784439, 10.85316372, 30.58232117, 30.58232117, 49.48984909, 10.85316372, 36.45310974, 30.58232117, 30.58232117]"
1398,"[30.58232117, 25.40196991, 30.58232117, 10.85316372, 20.50147247, 20.50147247, 25.40196991, 10.85316372, 30.58232117, 34.56784439, 25.40196991, 20.50147247, 10.85316372, 25.40196991, 30.58232117, 10.85316372, 30.58232117, 30.58232117, 10.85316372, 25.40196991, 30.58232117, 30.58232117, 34.56784439, 25.40196991, 30.58232117]"
1399,"[25.40196991, 20.50147247, 20.50147247, 25.40196991, 16.35793304, 16.35793304, 20.50147247, 30.58232117, 30.58232117, 10.85316372, 20.50147247, 10.85316372, 25.40196991, 20.50147247, 25.40196991, 30.58232117, 25.40196991, 20.50147247, 30.58232117, 20.50147247, 30.58232117, 25.40196991, 10.85316372, 20.50147247, 30.58232117]"
1400,"[20.50147247, 16.35793304, 16.35793304, 25.40196991, 16.35793304, 16.35793304, 16.35793304, 25.40196991, 25.40196991, 10.85316372, 16.35793304, 16.35793304, 25.40196991, 20.50147247, 20.50147247, 30.58232117, 25.40196991, 20.50147247, 20.50147247, 16.35793304, 30.58232117, 25.40196991, 30.58232117, 16.35793304, 25.40196991]"
1401,"[20.50147247, 16.35793304, 16.35793304, 25.40196991, 16.35793304, 16.35793304, 16.35793304, 25.40196991, 25.40196991, 34.56784439, 16.35793304, 12.86226368, 25.40196991, 20.50147247, 20.50147247, 25.40196991, 20.50147247, 20.50147247, 20.50147247, 16.35793304, 30.58232117, 25.40196991, 25.40196991, 16.35793304, 20.50147247]"
1402,"[20.50147247, 16.35793304, 16.35793304, 25.40196991, 20.50147247, 16.35793304, 16.35793304, 25.40196991, 25.40196991, 10.85316372, 16.35793304, 16.35793304, 25.40196991, 20.50147247, 16.35793304, 10.85316372, 20.50147247, 25.40196991, 20.50147247, 20.50147247, 30.58232117, 25.40196991, 30.58232117, 16.35793304, 25.40196991]"
1403,"[20.50147247, 20.50147247, 16.35793304, 25.40196991, 16.35793304, 16.35793304, 20.50147247, 25.40196991, 20.50147247, 34.56784439, 16.35793304, 16.35793304, 25.40196991, 25.40196991, 16.35793304, 30.58232117, 25.40196991, 20.50147247, 20.50147247, 16.35793304, 30.58232117, 25.40196991, 25.40196991, 20.50147247, 20.50147247]"
1404,"[20.50147247, 20.50147247, 20.50147247, 25.40196991, 25.40196991, 16.35793304, 20.50147247, 25.40196991, 20.50147247, 30.58232117, 20.50147247, 16.35793304, 25.40196991, 20.50147247, 20.50147247, 25.40196991, 25.40196991, 25.40196991, 16.35793304, 16.35793304, 30.58232117, 25.40196991, 30.58232117, 20.50147247, 20.50147247]"
1405,"[20.50147247, 20.50147247, 20.50147247, 25.40196991, 25.40196991, 16.35793304, 16.35793304, 25.40196991, 20.50147247, 30.58232117, 20.50147247, 16.35793304, 25.40196991, 20.50147247, 16.35793304, 25.40196991, 25.40196991, 20.50147247, 20.50147247, 16.35793304, 30.58232117, 25.40196991, 25.40196991, 20.50147247, 20.50147247]"
1406,"[20.50147247, 20.50147247, 16.35793304, 25.40196991, 20.50147247, 16.35793304, 16.35793304, 25.40196991, 16.35793304, 30.58232117, 16.35793304, 16.35793304, 25.40196991, 20.50147247, 20.50147247, 20.50147247, 20.50147247, 16.35793304, 16.35793304, 16.35793304, 30.58232117, 25.40196991, 25.40196991, 16.35793304, 20.50147247]"
1407,"[20.50147247, 16.35793304, 16.35793304, 25.40196991, 25.40196991, 16.35793304, 16.35793304, 25.40196991, 16.35793304, 30.58232117, 16.35793304, 12.86226368, 25.40196991, 20.50147247, 16.35793304, 20.50147247, 20.50147247, 16.35793304, 16.35793304, 16.35793304, 30.58232117, 20.50147247, 30.58232117, 16.35793304, 20.50147247]"
1408,"[16.35793304, 16.35793304, 16.35793304, 25.40196991, 25.40196991, 16.35793304, 16.35793304, 20.50147247, 16.35793304, 34.56784439, 16.35793304, 12.86226368, 25.40196991, 20.50147247, 16.35793304, 20.50147247, 20.50147247, 16.35793304, 16.35793304, 16.35793304, 30.58232117, 20.50147247, 30.58232117, 16.35793304, 20.50147247]"
1409,"[20.50147247, 16.35793304, 16.35793304, 25.40196991, 25.40196991, 16.35793304, 16.35793304, 20.50147247, 16.35793304, 30.58232117, 16.35793304, 12.86226368, 25.40196991, 20.50147247, 12.86226368, 20.50147247, 20.50147247, 16.35793304, 16.35793304, 16.35793304, 30.58232117, 20.50147247, 30.58232117, 16.35793304, 20.50147247]"
1410,"[16.35793304, 16.35793304, 16.35793304, 20.50147247, 25.40196991, 16.35793304, 16.35793304, 20.50147247, 16.35793304, 10.85316372, 16.35793304, 12.86226368, 25.40196991, 16.35793304, 20.50147247, 20.50147247, 20.50147247, 16.35793304, 16.35793304, 16.35793304, 30.58232117, 20.50147247, 25.40196991, 16.35793304, 16.35793304]"
1411,"[16.35793304, 16.35793304, 16.35793304, 20.50147247, 25.40196991, 16.35793304, 16.35793304, 25.40196991, 16.35793304, 10.85316372, 16.35793304, 12.86226368, 25.40196991, 16.35793304, 16.35793304, 20.50147247, 20.50147247, 16.35793304, 16.35793304, 16.35793304, 30.58232117, 20.50147247, 30.58232117, 16.35793304, 20.50147247]"
1412,"[20.50147247, 16.35793304, 16.35793304, 25.40196991, 20.50147247, 16.35793304, 16.35793304, 25.40196991, 20.50147247, 10.85316372, 16.35793304, 16.35793304, 25.40196991, 20.50147247, 25.40196991, 20.50147247, 20.50147247, 16.35793304, 16.35793304, 16.35793304, 30.58232117, 25.40196991, 25.40196991, 16.35793304, 20.50147247]"
1413,"[20.50147247, 16.35793304, 16.35793304, 25.40196991, 20.50147247, 16.35793304, 16.35793304, 25.40196991, 20.50147247, 10.85316372, 16.35793304, 16.35793304, 25.40196991, 20.50147247, 25.40196991, 20.50147247, 25.40196991, 16.35793304, 16.35793304, 16.35793304, 30.58232117, 25.40196991, 25.40196991, 16.35793304, 20.50147247]"
1414,"[20.50147247, 16.35793304, 16.35793304, 25.40196991, 20.50147247, 78.53343964, 20.50147247, 25.40196991, 20.50147247, 10.85316372, 16.35793304, 16.35793304, 25.40196991, 20.50147247, 20.50147247, 20.50147247, 25.40196991, 16.35793304, 16.35793304, 16.35793304, 30.58232117, 25.40196991, 10.85316372, 16.35793304, 20.50147247]"
1415,"[20.50147247, 16.35793304, 16.35793304, 25.40196991, 16.35793304, 48.34339142, 16.35793304, 25.40196991, 20.50147247, 34.56784439, 16.35793304, 16.35793304, 25.40196991, 20.50147247, 12.86226368, 20.50147247, 25.40196991, 16.35793304, 50.06307602, 16.35793304, 34.56784439, 25.40196991, 10.85316372, 16.35793304, 20.50147247]"
1416,"[20.50147247, 16.35793304, 20.50147247, 25.40196991, 16.35793304, 101.08044434, 20.50147247, 25.40196991, 20.50147247, 30.58232117, 16.35793304, 16.35793304, 25.40196991, 20.50147247, 20.50147247, 16.35793304, 25.40196991, 16.35793304, 86.17649078, 16.35793304, 107.38595581, 25.40196991, 20.50147247, 16.35793304, 20.50147247]"
1417,"[20.50147247, 16.35793304, 16.35793304, 25.40196991, 16.35793304, 47.00585556, 20.50147247, 25.40196991, 20.50147247, 30.58232117, 16.35793304, 16.35793304, 25.40196991, 20.50147247, 16.35793304, 25.40196991, 25.40196991, 16.35793304, 59.99904251, 16.35793304, 46.24155045, 16.35793304, 20.50147247, 16.35793304, 25.40196991]"
1418,"[20.50147247, 16.35793304, 16.35793304, 25.40196991, 16.35793304, 16.35793304, 20.50147247, 25.40196991, 20.50147247, 30.58232117, 16.35793304, 16.35793304, 25.40196991, 20.50147247, 16.35793304, 25.40196991, 25.40196991, 20.50147247, 48.53446579, 20.50147247, 30.58232117, 16.35793304, 25.40196991, 16.35793304, 20.50147247]"
1419,"[20.50147247, 16.35793304, 20.50147247, 25.40196991, 16.35793304, 16.35793304, 20.50147247, 25.40196991, 25.40196991, 10.85316372, 16.35793304, 16.35793304, 25.40196991, 20.50147247, 16.35793304, 20.50147247, 25.40196991, 20.50147247, 34.56784439, 16.35793304, 30.58232117, 16.35793304, 25.40196991, 16.35793304, 20.50147247]"
1420,"[20.50147247, 16.35793304, 20.50147247, 25.40196991, 16.35793304, 12.86226368, 20.50147247, 25.40196991, 20.50147247, 10.85316372, 16.35793304, 16.35793304, 25.40196991, 20.50147247, 25.40196991, 25.40196991, 25.40196991, 20.50147247, 10.85316372, 16.35793304, 30.58232117, 16.35793304, 10.85316372, 16.35793304, 20.50147247]"
1421,"[20.50147247, 16.35793304, 20.50147247, 25.40196991, 20.50147247, 12.86226368, 20.50147247, 25.40196991, 20.50147247, 10.85316372, 16.35793304, 16.35793304, 25.40196991, 20.50147247, 25.40196991, 36.45310974, 25.40196991, 16.35793304, 30.58232117, 16.35793304, 30.58232117, 16.35793304, 30.58232117, 16.35793304, 25.40196991]"
1422,"[20.50147247, 16.35793304, 20.50147247, 20.50147247, 20.50147247, 12.86226368, 16.35793304, 25.40196991, 20.50147247, 34.56784439, 16.35793304, 16.35793304, 25.40196991, 20.50147247, 25.40196991, 25.40196991, 10.85316372, 20.50147247, 30.58232117, 16.35793304, 30.58232117, 16.35793304, 10.85316372, 16.35793304, 20.50147247]"
1423,"[20.50147247, 16.35793304, 16.35793304, 25.40196991, 16.35793304, 12.86226368, 16.35793304, 25.40196991, 20.50147247, 34.56784439, 20.50147247, 16.35793304, 25.40196991, 20.50147247, 20.50147247, 25.40196991, 25.40196991, 20.50147247, 25.40196991, 16.35793304, 30.58232117, 16.35793304, 10.85316372, 20.50147247, 20.50147247]"
1424,"[25.40196991, 20.50147247, 20.50147247, 25.40196991, 16.35793304, 12.86226368, 16.35793304, 25.40196991, 20.50147247, 10.85316372, 20.50147247, 16.35793304, 25.40196991, 25.40196991, 25.40196991, 25.40196991, 25.40196991, 25.40196991, 25.40196991, 16.35793304, 30.58232117, 16.35793304, 25.40196991, 20.50147247, 25.40196991]"
1425,"[20.50147247, 16.35793304, 16.35793304, 20.50147247, 25.40196991, 12.86226368, 16.35793304, 25.40196991, 20.50147247, 34.56784439, 16.35793304, 16.35793304, 25.40196991, 25.40196991, 20.50147247, 25.40196991, 25.40196991, 20.50147247, 20.50147247, 16.35793304, 30.58232117, 16.35793304, 30.58232117, 20.50147247, 16.35793304]"
1426,"[20.50147247, 16.35793304, 16.35793304, 25.40196991, 30.58232117, 12.86226368, 16.35793304, 25.40196991, 20.50147247, 34.56784439, 20.50147247, 16.35793304, 25.40196991, 25.40196991, 16.35793304, 20.50147247, 25.40196991, 20.50147247, 20.50147247, 16.35793304, 30.58232117, 16.35793304, 30.58232117, 20.50147247, 20.50147247]"
1427,"[20.50147247, 20.50147247, 16.35793304, 25.40196991, 25.40196991, 12.86226368, 16.35793304, 25.40196991, 25.40196991, 10.85316372, 20.50147247, 12.86226368, 25.40196991, 25.40196991, 20.50147247, 25.40196991, 25.40196991, 20.50147247, 20.50147247, 16.35793304, 30.58232117, 16.35793304, 25.40196991, 16.35793304, 20.50147247]"
1428,"[20.50147247, 16.35793304, 16.35793304, 20.50147247, 30.58232117, 12.86226368, 16.35793304, 25.40196991, 20.50147247, 10.85316372, 16.35793304, 12.86226368, 25.40196991, 25.40196991, 25.40196991, 25.40196991, 25.40196991, 20.50147247, 20.50147247, 16.35793304, 30.58232117, 16.35793304, 30.58232117, 16.35793304, 20.50147247]"
1429,"[20.50147247, 16.35793304, 16.35793304, 20.50147247, 30.58232117, 12.86226368, 16.35793304, 25.40196991, 20.50147247, 30.58232117, 16.35793304, 12.86226368, 25.40196991, 20.50147247, 20.50147247, 25.40196991, 25.40196991, 20.50147247, 20.50147247, 16.35793304, 30.58232117, 16.35793304, 25.40196991, 16.35793304, 20.50147247]"
1430,"[20.50147247, 16.35793304, 16.35793304, 25.40196991, 30.58232117, 12.86226368, 16.35793304, 25.40196991, 20.50147247, 34.56784439, 16.35793304, 12.86226368, 25.40196991, 20.50147247, 16.35793304, 25.40196991, 34.56784439, 20.50147247, 20.50147247, 16.35793304, 30.58232117, 16.35793304, 30.58232117, 16.35793304, 20.50147247]"
1431,"[20.50147247, 16.35793304, 16.35793304, 25.40196991, 30.58232117, 12.86226368, 16.35793304, 25.40196991, 20.50147247, 30.58232117, 20.50147247, 16.35793304, 25.40196991, 25.40196991, 12.86226368, 30.58232117, 36.45310974, 20.50147247, 20.50147247, 16.35793304, 30.58232117, 16.35793304, 25.40196991, 20.50147247, 20.50147247]"
1432,"[20.50147247, 16.35793304, 16.35793304, 25.40196991, 25.40196991, 12.86226368, 16.35793304, 25.40196991, 20.50147247, 10.85316372, 20.50147247, 12.86226368, 25.40196991, 25.40196991, 25.40196991, 20.50147247, 30.58232117, 25.40196991, 20.50147247, 16.35793304, 30.58232117, 20.50147247, 25.40196991, 20.50147247, 20.50147247]"
1433,"[20.50147247, 20.50147247, 16.35793304, 25.40196991, 25.40196991, 12.86226368, 16.35793304, 25.40196991, 20.50147247, 10.85316372, 20.50147247, 16.35793304, 25.40196991, 25.40196991, 25.40196991, 25.40196991, 30.58232117, 25.40196991, 20.50147247, 20.50147247, 30.58232117, 20.50147247, 10.85316372, 20.50147247, 25.40196991]"
1434,"[25.40196991, 20.50147247, 20.50147247, 30.58232117, 25.40196991, 12.86226368, 20.50147247, 25.40196991, 25.40196991, 10.85316372, 20.50147247, 20.50147247, 25.40196991, 25.40196991, 25.40196991, 25.40196991, 30.58232117, 25.40196991, 16.35793304, 20.50147247, 30.58232117, 16.35793304, 25.40196991, 25.40196991, 20.50147247]"
1435,"[25.40196991, 20.50147247, 20.50147247, 10.85316372, 20.50147247, 62.29195786, 20.50147247, 30.58232117, 25.40196991, 10.85316372, 25.40196991, 20.50147247, 25.40196991, 25.40196991, 30.58232117, 25.40196991, 10.85316372, 25.40196991, 16.35793304, 20.50147247, 30.58232117, 16.35793304, 30.58232117, 20.50147247, 25.40196991]"
1436,"[25.40196991, 20.50147247, 20.50147247, 10.85316372, 20.50147247, 64.01164246, 20.50147247, 30.58232117, 20.50147247, 34.56784439, 20.50147247, 20.50147247, 30.58232117, 25.40196991, 20.50147247, 25.40196991, 30.58232117, 25.40196991, 57.89720535, 20.50147247, 30.58232117, 16.35793304, 30.58232117, 20.50147247, 20.50147247]"
1437,"[25.40196991, 20.50147247, 20.50147247, 10.85316372, 20.50147247, 96.11245728, 20.50147247, 30.58232117, 20.50147247, 34.56784439, 20.50147247, 20.50147247, 25.40196991, 25.40196991, 25.40196991, 25.40196991, 53.50244904, 25.40196991, 77.38698578, 20.50147247, 96.87676239, 16.35793304, 30.58232117, 20.50147247, 25.40196991]"
1438,"[25.40196991, 20.50147247, 20.50147247, 10.85316372, 20.50147247, 16.35793304, 20.50147247, 30.58232117, 25.40196991, 10.85316372, 20.50147247, 20.50147247, 25.40196991, 20.50147247, 20.50147247, 25.40196991, 48.53446579, 20.50147247, 10.85316372, 20.50147247, 46.81478119, 16.35793304, 30.58232117, 20.50147247, 25.40196991]"
1439,"[25.40196991, 20.50147247, 20.50147247, 10.85316372, 25.40196991, 16.35793304, 25.40196991, 25.40196991, 25.40196991, 34.56784439, 20.50147247, 20.50147247, 30.58232117, 25.40196991, 25.40196991, 10.85316372, 20.50147247, 25.40196991, 34.56784439, 20.50147247, 55.03105927, 16.35793304, 10.85316372, 20.50147247, 20.50147247]"
1440,"[10.85316372, 30.58232117, 30.58232117, 10.85316372, 10.85316372, 20.50147247, 30.58232117, 30.58232117, 10.85316372, 34.56784439, 25.40196991, 25.40196991, 30.58232117, 25.40196991, 10.85316372, 39.55387878, 20.50147247, 25.40196991, 39.55387878, 25.40196991, 30.58232117, 20.50147247, 10.85316372, 20.50147247, 20.50147247]"
1441,"[10.85316372, 25.40196991, 25.40196991, 10.85316372, 25.40196991, 20.50147247, 25.40196991, 10.85316372, 10.85316372, 36.45310974, 30.58232117, 20.50147247, 30.58232117, 25.40196991, 30.58232117, 34.56784439, 20.50147247, 20.50147247, 34.56784439, 25.40196991, 30.58232117, 20.50147247, 10.85316372, 30.58232117, 30.58232117]"
1442,"[25.40196991, 20.50147247, 20.50147247, 30.58232117, 20.50147247, 16.35793304, 20.50147247, 25.40196991, 25.40196991, 36.45310974, 20.50147247, 16.35793304, 25.40196991, 20.50147247, 25.40196991, 34.56784439, 20.50147247, 20.50147247, 34.56784439, 16.35793304, 30.58232117, 16.35793304, 25.40196991, 20.50147247, 25.40196991]"
1443,"[25.40196991, 20.50147247, 20.50147247, 30.58232117, 25.40196991, 16.35793304, 20.50147247, 25.40196991, 25.40196991, 34.56784439, 20.50147247, 16.35793304, 25.40196991, 20.50147247, 30.58232117, 34.56784439, 20.50147247, 25.40196991, 34.56784439, 16.35793304, 30.58232117, 20.50147247, 30.58232117, 16.35793304, 25.40196991]"
1444,"[25.40196991, 20.50147247, 20.50147247, 25.40196991, 20.50147247, 16.35793304, 20.50147247, 25.40196991, 25.40196991, 10.85316372, 25.40196991, 16.35793304, 25.40196991, 25.40196991, 30.58232117, 36.45310974, 20.50147247, 20.50147247, 10.85316372, 16.35793304, 30.58232117, 20.50147247, 10.85316372, 20.50147247, 25.40196991]"
1445,"[12.86226368, 16.35793304, 16.35793304, 20.50147247, 10.85316372, 16.35793304, 16.35793304, 20.50147247, 16.35793304, 10.85316372, 16.35793304, 12.86226368, 20.50147247, 20.50147247, 20.50147247, 25.40196991, 20.50147247, 20.50147247, 25.40196991, 16.35793304, 30.58232117, 16.35793304, 25.40196991, 20.50147247, 25.40196991]"
1446,"[12.86226368, 16.35793304, 16.35793304, 25.40196991, 34.56784439, 16.35793304, 16.35793304, 25.40196991, 20.50147247, 10.85316372, 20.50147247, 12.86226368, 20.50147247, 20.50147247, 16.35793304, 25.40196991, 25.40196991, 20.50147247, 20.50147247, 16.35793304, 30.58232117, 20.50147247, 30.58232117, 16.35793304, 20.50147247]"
1447,"[12.86226368, 16.35793304, 16.35793304, 25.40196991, 25.40196991, 16.35793304, 16.35793304, 30.58232117, 25.40196991, 30.58232117, 20.50147247, 12.86226368, 25.40196991, 25.40196991, 20.50147247, 25.40196991, 20.50147247, 20.50147247, 20.50147247, 20.50147247, 30.58232117, 20.50147247, 10.85316372, 20.50147247, 20.50147247]"
1448,"[12.86226368, 20.50147247, 16.35793304, 30.58232117, 30.58232117, 20.50147247, 12.86226368, 20.50147247, 20.50147247, 34.56784439, 20.50147247, 12.86226368, 20.50147247, 25.40196991, 20.50147247, 30.58232117, 34.56784439, 16.35793304, 25.40196991, 16.35793304, 30.58232117, 20.50147247, 30.58232117, 30.58232117, 16.35793304]"
1449,"[12.86226368, 20.50147247, 16.35793304, 20.50147247, 30.58232117, 25.40196991, 12.86226368, 20.50147247, 20.50147247, 10.85316372, 20.50147247, 12.86226368, 25.40196991, 25.40196991, 25.40196991, 30.58232117, 30.58232117, 20.50147247, 25.40196991, 16.35793304, 10.85316372, 20.50147247, 25.40196991, 16.35793304, 20.50147247]"
1450,"[12.86226368, 20.50147247, 20.50147247, 20.50147247, 10.85316372, 20.50147247, 12.86226368, 20.50147247, 25.40196991, 30.58232117, 20.50147247, 16.35793304, 25.40196991, 25.40196991, 30.58232117, 30.58232117, 10.85316372, 20.50147247, 20.50147247, 20.50147247, 10.85316372, 20.50147247, 30.58232117, 20.50147247, 20.50147247]"
1451,"[16.35793304, 25.40196991, 20.50147247, 25.40196991, 30.58232117, 20.50147247, 12.86226368, 25.40196991, 25.40196991, 10.85316372, 20.50147247, 20.50147247, 25.40196991, 25.40196991, 25.40196991, 25.40196991, 10.85316372, 20.50147247, 25.40196991, 20.50147247, 10.85316372, 20.50147247, 30.58232117, 20.50147247, 25.40196991]"
1452,"[12.86226368, 20.50147247, 20.50147247, 25.40196991, 25.40196991, 20.50147247, 12.86226368, 25.40196991, 25.40196991, 30.58232117, 25.40196991, 20.50147247, 30.58232117, 30.58232117, 20.50147247, 25.40196991, 30.58232117, 20.50147247, 30.58232117, 20.50147247, 10.85316372, 20.50147247, 30.58232117, 20.50147247, 20.50147247]"
1453,"[12.86226368, 20.50147247, 20.50147247, 20.50147247, 20.50147247, 16.35793304, 12.86226368, 20.50147247, 20.50147247, 34.56784439, 20.50147247, 16.35793304, 25.40196991, 25.40196991, 20.50147247, 20.50147247, 30.58232117, 20.50147247, 30.58232117, 16.35793304, 10.85316372, 20.50147247, 25.40196991, 20.50147247, 20.50147247]"
1454,"[12.86226368, 20.50147247, 20.50147247, 20.50147247, 20.50147247, 20.50147247, 16.35793304, 20.50147247, 20.50147247, 30.58232117, 20.50147247, 16.35793304, 25.40196991, 25.40196991, 25.40196991, 20.50147247, 10.85316372, 25.40196991, 30.58232117, 20.50147247, 10.85316372, 20.50147247, 30.58232117, 16.35793304, 20.50147247]"
1455,"[12.86226368, 25.40196991, 25.40196991, 25.40196991, 30.58232117, 20.50147247, 16.35793304, 25.40196991, 25.40196991, 34.56784439, 20.50147247, 20.50147247, 30.58232117, 25.40196991, 36.45310974, 30.58232117, 39.93603134, 39.74495697, 30.58232117, 10.85316372, 34.56784439, 30.58232117, 10.85316372, 20.50147247, 25.40196991]"
1456,"[20.50147247, 39.55387878, 36.45310974, 34.56784439, 40.12710953, 30.58232117, 16.35793304, 30.58232117, 34.56784439, 34.56784439, 25.40196991, 10.85316372, 36.45310974, 10.85316372, 40.12710953, 39.93603134, 40.3181839, 40.12710953, 34.56784439, 39.93603134, 39.93603134, 36.45310974, 39.55387878, 20.50147247, 30.58232117]"
1457,"[25.40196991, 40.12710953, 39.93603134, 39.93603134, 39.74495697, 39.93603134, 20.50147247, 39.55387878, 39.93603134, 36.45310974, 34.56784439, 36.45310974, 39.55387878, 36.45310974, 39.74495697, 40.89141464, 40.12710953, 36.45310974, 39.74495697, 39.74495697, 40.50926208, 36.45310974, 39.74495697, 10.85316372, 39.55387878]"
1458,"[20.50147247, 34.56784439, 34.56784439, 39.74495697, 34.56784439, 36.45310974, 20.50147247, 39.55387878, 36.45310974, 39.93603134, 39.55387878, 34.56784439, 39.55387878, 39.55387878, 36.45310974, 39.93603134, 39.55387878, 10.85316372, 39.74495697, 10.85316372, 40.3181839, 36.45310974, 39.74495697, 39.55387878, 39.55387878]"
1459,"[16.35793304, 34.56784439, 34.56784439, 34.56784439, 34.56784439, 10.85316372, 16.35793304, 10.85316372, 10.85316372, 40.12710953, 34.56784439, 30.58232117, 34.56784439, 34.56784439, 10.85316372, 39.55387878, 34.56784439, 34.56784439, 10.85316372, 10.85316372, 39.74495697, 10.85316372, 36.45310974, 39.55387878, 34.56784439]"
1460,"[16.35793304, 30.58232117, 10.85316372, 10.85316372, 30.58232117, 30.58232117, 16.35793304, 34.56784439, 10.85316372, 39.55387878, 10.85316372, 20.50147247, 30.58232117, 30.58232117, 10.85316372, 10.85316372, 10.85316372, 30.58232117, 10.85316372, 10.85316372, 39.55387878, 10.85316372, 36.45310974, 34.56784439, 34.56784439]"
1461,"[16.35793304, 25.40196991, 25.40196991, 25.40196991, 34.56784439, 20.50147247, 16.35793304, 10.85316372, 30.58232117, 39.55387878, 10.85316372, 20.50147247, 30.58232117, 10.85316372, 25.40196991, 30.58232117, 30.58232117, 25.40196991, 30.58232117, 30.58232117, 34.56784439, 25.40196991, 34.56784439, 10.85316372, 10.85316372]"
1462,"[12.86226368, 25.40196991, 20.50147247, 25.40196991, 34.56784439, 20.50147247, 16.35793304, 30.58232117, 30.58232117, 39.55387878, 25.40196991, 16.35793304, 30.58232117, 10.85316372, 30.58232117, 25.40196991, 10.85316372, 25.40196991, 30.58232117, 30.58232117, 34.56784439, 25.40196991, 36.45310974, 10.85316372, 10.85316372]"
1463,"[12.86226368, 20.50147247, 20.50147247, 20.50147247, 30.58232117, 20.50147247, 12.86226368, 25.40196991, 25.40196991, 34.56784439, 20.50147247, 16.35793304, 25.40196991, 10.85316372, 20.50147247, 10.85316372, 34.56784439, 30.58232117, 20.50147247, 25.40196991, 36.45310974, 25.40196991, 34.56784439, 10.85316372, 30.58232117]"
1464,"[16.35793304, 20.50147247, 20.50147247, 20.50147247, 25.40196991, 20.50147247, 16.35793304, 25.40196991, 25.40196991, 36.45310974, 20.50147247, 16.35793304, 30.58232117, 10.85316372, 30.58232117, 20.50147247, 34.56784439, 30.58232117, 25.40196991, 25.40196991, 36.45310974, 25.40196991, 10.85316372, 30.58232117, 25.40196991]"
1465,"[12.86226368, 20.50147247, 20.50147247, 25.40196991, 34.56784439, 20.50147247, 16.35793304, 20.50147247, 20.50147247, 34.56784439, 20.50147247, 16.35793304, 25.40196991, 30.58232117, 30.58232117, 10.85316372, 10.85316372, 30.58232117, 25.40196991, 25.40196991, 36.45310974, 25.40196991, 30.58232117, 30.58232117, 25.40196991]"
1466,"[12.86226368, 20.50147247, 20.50147247, 20.50147247, 34.56784439, 20.50147247, 12.86226368, 20.50147247, 25.40196991, 36.45310974, 20.50147247, 16.35793304, 25.40196991, 25.40196991, 30.58232117, 39.74495697, 10.85316372, 10.85316372, 20.50147247, 20.50147247, 36.45310974, 25.40196991, 10.85316372, 30.58232117, 25.40196991]"
1467,"[12.86226368, 20.50147247, 20.50147247, 20.50147247, 36.45310974, 20.50147247, 12.86226368, 20.50147247, 25.40196991, 10.85316372, 20.50147247, 16.35793304, 25.40196991, 25.40196991, 30.58232117, 36.45310974, 34.56784439, 30.58232117, 20.50147247, 25.40196991, 39.55387878, 25.40196991, 30.58232117, 30.58232117, 20.50147247]"
1468,"[12.86226368, 20.50147247, 20.50147247, 25.40196991, 34.56784439, 20.50147247, 12.86226368, 20.50147247, 25.40196991, 10.85316372, 20.50147247, 16.35793304, 25.40196991, 30.58232117, 30.58232117, 30.58232117, 39.55387878, 10.85316372, 20.50147247, 25.40196991, 39.74495697, 25.40196991, 34.56784439, 25.40196991, 20.50147247]"
1469,"[12.86226368, 25.40196991, 20.50147247, 34.56784439, 36.45310974, 16.35793304, 12.86226368, 20.50147247, 25.40196991, 10.85316372, 20.50147247, 16.35793304, 25.40196991, 30.58232117, 30.58232117, 10.85316372, 34.56784439, 10.85316372, 20.50147247, 25.40196991, 36.45310974, 25.40196991, 30.58232117, 25.40196991, 20.50147247]"
1470,"[12.86226368, 25.40196991, 20.50147247, 10.85316372, 36.45310974, 20.50147247, 16.35793304, 25.40196991, 25.40196991, 10.85316372, 20.50147247, 16.35793304, 30.58232117, 30.58232117, 34.56784439, 30.58232117, 34.56784439, 10.85316372, 20.50147247, 30.58232117, 36.45310974, 25.40196991, 30.58232117, 10.85316372, 25.40196991]"
1471,"[16.35793304, 30.58232117, 25.40196991, 10.85316372, 36.45310974, 20.50147247, 16.35793304, 25.40196991, 25.40196991, 34.56784439, 25.40196991, 20.50147247, 30.58232117, 10.85316372, 10.85316372, 10.85316372, 36.45310974, 34.56784439, 20.50147247, 10.85316372, 36.45310974, 30.58232117, 30.58232117, 30.58232117, 25.40196991]"
1472,"[16.35793304, 10.85316372, 10.85316372, 34.56784439, 10.85316372, 25.40196991, 10.85316372, 30.58232117, 10.85316372, 36.45310974, 25.40196991, 25.40196991, 10.85316372, 10.85316372, 36.45310974, 34.56784439, 10.85316372, 39.74495697, 20.50147247, 36.45310974, 36.45310974, 10.85316372, 34.56784439, 36.45310974, 30.58232117]"
1473,"[20.50147247, 34.56784439, 34.56784439, 36.45310974, 34.56784439, 30.58232117, 20.50147247, 10.85316372, 10.85316372, 39.55387878, 30.58232117, 10.85316372, 10.85316372, 34.56784439, 36.45310974, 10.85316372, 10.85316372, 40.12710953, 30.58232117, 40.50926208, 39.55387878, 34.56784439, 34.56784439, 10.85316372, 10.85316372]"
1474,"[20.50147247, 39.55387878, 36.45310974, 34.56784439, 36.45310974, 10.85316372, 20.50147247, 34.56784439, 10.85316372, 36.45310974, 34.56784439, 10.85316372, 36.45310974, 34.56784439, 39.55387878, 39.55387878, 10.85316372, 36.45310974, 34.56784439, 39.55387878, 39.93603134, 36.45310974, 39.93603134, 40.12710953, 39.55387878]"
1475,"[20.50147247, 39.55387878, 36.45310974, 10.85316372, 39.74495697, 36.45310974, 20.50147247, 39.55387878, 10.85316372, 39.93603134, 36.45310974, 34.56784439, 39.55387878, 36.45310974, 39.55387878, 36.45310974, 39.93603134, 10.85316372, 39.55387878, 34.56784439, 40.12710953, 36.45310974, 39.74495697, 39.93603134, 36.45310974]"
1476,"[20.50147247, 36.45310974, 36.45310974, 36.45310974, 36.45310974, 34.56784439, 20.50147247, 34.56784439, 10.85316372, 39.93603134, 36.45310974, 10.85316372, 36.45310974, 34.56784439, 34.56784439, 39.74495697, 36.45310974, 36.45310974, 36.45310974, 10.85316372, 39.93603134, 34.56784439, 36.45310974, 39.55387878, 39.55387878]"
1477,"[16.35793304, 34.56784439, 34.56784439, 36.45310974, 36.45310974, 10.85316372, 20.50147247, 34.56784439, 10.85316372, 39.74495697, 34.56784439, 10.85316372, 36.45310974, 34.56784439, 36.45310974, 34.56784439, 36.45310974, 10.85316372, 34.56784439, 34.56784439, 39.74495697, 10.85316372, 34.56784439, 34.56784439, 34.56784439]"
1478,"[16.35793304, 10.85316372, 10.85316372, 34.56784439, 34.56784439, 30.58232117, 20.50147247, 10.85316372, 10.85316372, 39.74495697, 34.56784439, 30.58232117, 34.56784439, 34.56784439, 10.85316372, 36.45310974, 36.45310974, 10.85316372, 30.58232117, 10.85316372, 39.74495697, 10.85316372, 34.56784439, 10.85316372, 10.85316372]"
1479,"[16.35793304, 10.85316372, 30.58232117, 10.85316372, 10.85316372, 30.58232117, 20.50147247, 30.58232117, 10.85316372, 39.55387878, 30.58232117, 30.58232117, 34.56784439, 10.85316372, 10.85316372, 34.56784439, 34.56784439, 34.56784439, 10.85316372, 10.85316372, 39.55387878, 30.58232117, 34.56784439, 10.85316372, 30.58232117]"
1480,"[16.35793304, 30.58232117, 10.85316372, 10.85316372, 10.85316372, 30.58232117, 20.50147247, 25.40196991, 10.85316372, 36.45310974, 30.58232117, 25.40196991, 10.85316372, 10.85316372, 25.40196991, 10.85316372, 10.85316372, 10.85316372, 25.40196991, 30.58232117, 39.55387878, 30.58232117, 34.56784439, 10.85316372, 30.58232117]"
1481,"[16.35793304, 30.58232117, 30.58232117, 10.85316372, 10.85316372, 25.40196991, 16.35793304, 25.40196991, 10.85316372, 34.56784439, 25.40196991, 20.50147247, 30.58232117, 10.85316372, 25.40196991, 10.85316372, 10.85316372, 25.40196991, 25.40196991, 30.58232117, 36.45310974, 25.40196991, 34.56784439, 10.85316372, 25.40196991]"
1482,"[12.86226368, 25.40196991, 30.58232117, 10.85316372, 10.85316372, 25.40196991, 16.35793304, 25.40196991, 10.85316372, 36.45310974, 25.40196991, 20.50147247, 10.85316372, 10.85316372, 25.40196991, 39.55387878, 10.85316372, 25.40196991, 25.40196991, 25.40196991, 10.85316372, 25.40196991, 10.85316372, 30.58232117, 25.40196991]"
1483,"[12.86226368, 25.40196991, 25.40196991, 30.58232117, 10.85316372, 25.40196991, 16.35793304, 20.50147247, 10.85316372, 34.56784439, 25.40196991, 20.50147247, 10.85316372, 10.85316372, 25.40196991, 10.85316372, 10.85316372, 20.50147247, 20.50147247, 25.40196991, 34.56784439, 20.50147247, 30.58232117, 30.58232117, 25.40196991]"
1484,"[12.86226368, 25.40196991, 20.50147247, 25.40196991, 10.85316372, 20.50147247, 16.35793304, 20.50147247, 10.85316372, 34.56784439, 25.40196991, 16.35793304, 30.58232117, 10.85316372, 20.50147247, 30.58232117, 10.85316372, 20.50147247, 20.50147247, 20.50147247, 34.56784439, 20.50147247, 10.85316372, 30.58232117, 30.58232117]"
1485,"[12.86226368, 25.40196991, 20.50147247, 25.40196991, 10.85316372, 25.40196991, 16.35793304, 20.50147247, 10.85316372, 34.56784439, 25.40196991, 16.35793304, 30.58232117, 30.58232117, 20.50147247, 30.58232117, 30.58232117, 20.50147247, 20.50147247, 20.50147247, 34.56784439, 20.50147247, 30.58232117, 25.40196991, 25.40196991]"
1486,"[12.86226368, 25.40196991, 20.50147247, 25.40196991, 25.40196991, 20.50147247, 16.35793304, 20.50147247, 10.85316372, 34.56784439, 25.40196991, 12.86226368, 30.58232117, 30.58232117, 25.40196991, 30.58232117, 30.58232117, 20.50147247, 20.50147247, 20.50147247, 34.56784439, 20.50147247, 30.58232117, 20.50147247, 20.50147247]"
1487,"[12.86226368, 25.40196991, 20.50147247, 25.40196991, 25.40196991, 20.50147247, 16.35793304, 20.50147247, 10.85316372, 34.56784439, 20.50147247, 16.35793304, 30.58232117, 30.58232117, 16.35793304, 25.40196991, 30.58232117, 16.35793304, 20.50147247, 16.35793304, 10.85316372, 20.50147247, 30.58232117, 20.50147247, 25.40196991]"
1488,"[12.86226368, 25.40196991, 20.50147247, 25.40196991, 20.50147247, 20.50147247, 12.86226368, 20.50147247, 10.85316372, 10.85316372, 20.50147247, 16.35793304, 30.58232117, 30.58232117, 25.40196991, 25.40196991, 25.40196991, 16.35793304, 20.50147247, 16.35793304, 10.85316372, 20.50147247, 25.40196991, 20.50147247, 20.50147247]"
1489,"[12.86226368, 25.40196991, 20.50147247, 20.50147247, 25.40196991, 20.50147247, 16.35793304, 20.50147247, 10.85316372, 10.85316372, 20.50147247, 16.35793304, 25.40196991, 30.58232117, 25.40196991, 25.40196991, 25.40196991, 16.35793304, 20.50147247, 16.35793304, 10.85316372, 20.50147247, 25.40196991, 20.50147247, 20.50147247]"
1490,"[12.86226368, 25.40196991, 20.50147247, 25.40196991, 25.40196991, 20.50147247, 16.35793304, 20.50147247, 10.85316372, 30.58232117, 20.50147247, 12.86226368, 30.58232117, 30.58232117, 20.50147247, 25.40196991, 30.58232117, 16.35793304, 16.35793304, 20.50147247, 10.85316372, 20.50147247, 30.58232117, 20.50147247, 20.50147247]"
1491,"[12.86226368, 30.58232117, 25.40196991, 25.40196991, 10.85316372, 20.50147247, 20.50147247, 20.50147247, 10.85316372, 10.85316372, 20.50147247, 16.35793304, 30.58232117, 25.40196991, 25.40196991, 25.40196991, 30.58232117, 20.50147247, 16.35793304, 20.50147247, 10.85316372, 20.50147247, 30.58232117, 20.50147247, 20.50147247]"
1492,"[12.86226368, 30.58232117, 25.40196991, 25.40196991, 34.56784439, 20.50147247, 16.35793304, 20.50147247, 10.85316372, 10.85316372, 20.50147247, 16.35793304, 10.85316372, 30.58232117, 30.58232117, 30.58232117, 30.58232117, 25.40196991, 16.35793304, 25.40196991, 10.85316372, 25.40196991, 30.58232117, 20.50147247, 25.40196991]"
1493,"[16.35793304, 10.85316372, 25.40196991, 30.58232117, 10.85316372, 20.50147247, 20.50147247, 25.40196991, 10.85316372, 36.45310974, 25.40196991, 20.50147247, 10.85316372, 30.58232117, 30.58232117, 10.85316372, 10.85316372, 25.40196991, 16.35793304, 25.40196991, 10.85316372, 25.40196991, 10.85316372, 25.40196991, 25.40196991]"
1494,"[16.35793304, 30.58232117, 25.40196991, 30.58232117, 10.85316372, 25.40196991, 16.35793304, 25.40196991, 10.85316372, 36.45310974, 25.40196991, 25.40196991, 34.56784439, 10.85316372, 25.40196991, 30.58232117, 10.85316372, 25.40196991, 20.50147247, 25.40196991, 34.56784439, 25.40196991, 10.85316372, 25.40196991, 25.40196991]"
1495,"[46.05047607, 25.40196991, 25.40196991, 30.58232117, 30.58232117, 25.40196991, 16.35793304, 30.58232117, 10.85316372, 10.85316372, 30.58232117, 25.40196991, 10.85316372, 10.85316372, 10.85316372, 30.58232117, 10.85316372, 25.40196991, 20.50147247, 25.40196991, 34.56784439, 25.40196991, 34.56784439, 25.40196991, 25.40196991]"
1496,"[30.58232117, 25.40196991, 25.40196991, 25.40196991, 25.40196991, 25.40196991, 20.50147247, 30.58232117, 10.85316372, 34.56784439, 25.40196991, 20.50147247, 10.85316372, 30.58232117, 30.58232117, 30.58232117, 10.85316372, 25.40196991, 25.40196991, 25.40196991, 34.56784439, 25.40196991, 34.56784439, 25.40196991, 30.58232117]"
1497,"[30.58232117, 25.40196991, 25.40196991, 25.40196991, 25.40196991, 25.40196991, 20.50147247, 30.58232117, 10.85316372, 36.45310974, 25.40196991, 20.50147247, 10.85316372, 30.58232117, 25.40196991, 25.40196991, 10.85316372, 30.58232117, 30.58232117, 25.40196991, 34.56784439, 25.40196991, 34.56784439, 25.40196991, 30.58232117]"
1498,"[30.58232117, 25.40196991, 25.40196991, 25.40196991, 25.40196991, 25.40196991, 20.50147247, 30.58232117, 30.58232117, 36.45310974, 25.40196991, 20.50147247, 30.58232117, 25.40196991, 20.50147247, 25.40196991, 30.58232117, 25.40196991, 30.58232117, 20.50147247, 34.56784439, 25.40196991, 10.85316372, 25.40196991, 30.58232117]"
1499,"[20.50147247, 11.05874348, 20.50147247, 25.40196991, 20.50147247, 20.50147247, 20.50147247, 20.50147247, 25.40196991, 34.56784439, 25.40196991, 16.35793304, 25.40196991, 25.40196991, 16.35793304, 25.40196991, 25.40196991, 16.35793304, 25.40196991, 16.35793304, 34.56784439, 20.50147247, 10.85316372, 25.40196991, 25.40196991]"
1500,"[20.50147247, 20.50147247, 16.35793304, 20.50147247, 16.35793304, 16.35793304, 20.50147247, 20.50147247, 20.50147247, 10.85316372, 16.35793304, 16.35793304, 25.40196991, 25.40196991, 20.50147247, 20.50147247, 25.40196991, 16.35793304, 20.50147247, 16.35793304, 10.85316372, 20.50147247, 30.58232117, 20.50147247, 20.50147247]"
1501,"[16.35793304, 16.35793304, 16.35793304, 20.50147247, 16.35793304, 16.35793304, 16.35793304, 20.50147247, 25.40196991, 34.56784439, 16.35793304, 16.35793304, 25.40196991, 20.50147247, 20.50147247, 20.50147247, 25.40196991, 16.35793304, 20.50147247, 16.35793304, 30.58232117, 20.50147247, 25.40196991, 16.35793304, 16.35793304]"
1502,"[20.50147247, 16.35793304, 16.35793304, 20.50147247, 16.35793304, 16.35793304, 16.35793304, 20.50147247, 25.40196991, 10.85316372, 16.35793304, 12.86226368, 25.40196991, 20.50147247, 16.35793304, 20.50147247, 20.50147247, 16.35793304, 16.35793304, 16.35793304, 30.58232117, 20.50147247, 25.40196991, 16.35793304, 16.35793304]"
1503,"[16.35793304, 12.86226368, 16.35793304, 20.50147247, 16.35793304, 16.35793304, 16.35793304, 20.50147247, 20.50147247, 10.85316372, 12.86226368, 12.86226368, 25.40196991, 20.50147247, 20.50147247, 16.35793304, 20.50147247, 16.35793304, 16.35793304, 16.35793304, 30.58232117, 16.35793304, 25.40196991, 16.35793304, 20.50147247]"
1504,"[16.35793304, 16.35793304, 16.35793304, 20.50147247, 12.86226368, 16.35793304, 16.35793304, 20.50147247, 16.35793304, 34.56784439, 12.86226368, 12.86226368, 25.40196991, 20.50147247, 25.40196991, 16.35793304, 20.50147247, 16.35793304, 16.35793304, 16.35793304, 30.58232117, 16.35793304, 25.40196991, 16.35793304, 20.50147247]"
1505,"[16.35793304, 16.35793304, 16.35793304, 20.50147247, 12.86226368, 16.35793304, 16.35793304, 20.50147247, 20.50147247, 30.58232117, 12.86226368, 12.86226368, 25.40196991, 20.50147247, 12.86226368, 16.35793304, 20.50147247, 16.35793304, 16.35793304, 16.35793304, 30.58232117, 16.35793304, 25.40196991, 16.35793304, 20.50147247]"
1506,"[16.35793304, 12.86226368, 16.35793304, 20.50147247, 16.35793304, 16.35793304, 16.35793304, 20.50147247, 20.50147247, 10.85316372, 12.86226368, 12.86226368, 20.50147247, 16.35793304, 20.50147247, 16.35793304, 20.50147247, 16.35793304, 16.35793304, 12.86226368, 30.58232117, 16.35793304, 25.40196991, 16.35793304, 20.50147247]"
1507,"[16.35793304, 16.35793304, 16.35793304, 20.50147247, 16.35793304, 16.35793304, 16.35793304, 20.50147247, 16.35793304, 30.58232117, 12.86226368, 12.86226368, 20.50147247, 20.50147247, 20.50147247, 16.35793304, 20.50147247, 16.35793304, 16.35793304, 12.86226368, 30.58232117, 16.35793304, 25.40196991, 16.35793304, 20.50147247]"
1508,"[16.35793304, 16.35793304, 16.35793304, 20.50147247, 12.86226368, 16.35793304, 16.35793304, 20.50147247, 20.50147247, 10.85316372, 12.86226368, 12.86226368, 20.50147247, 20.50147247, 16.35793304, 16.35793304, 20.50147247, 12.86226368, 16.35793304, 16.35793304, 30.58232117, 16.35793304, 25.40196991, 12.86226368, 16.35793304]"
1509,"[16.35793304, 16.35793304, 16.35793304, 20.50147247, 16.35793304, 16.35793304, 16.35793304, 20.50147247, 16.35793304, 30.58232117, 12.86226368, 12.86226368, 25.40196991, 16.35793304, 16.35793304, 16.35793304, 20.50147247, 12.86226368, 16.35793304, 16.35793304, 30.58232117, 16.35793304, 25.40196991, 16.35793304, 16.35793304]"
1510,"[16.35793304, 12.86226368, 16.35793304, 20.50147247, 16.35793304, 16.35793304, 12.86226368, 20.50147247, 20.50147247, 30.58232117, 12.86226368, 12.86226368, 25.40196991, 16.35793304, 16.35793304, 16.35793304, 20.50147247, 12.86226368, 16.35793304, 12.86226368, 30.58232117, 16.35793304, 30.58232117, 16.35793304, 16.35793304]"
1511,"[16.35793304, 16.35793304, 16.35793304, 20.50147247, 16.35793304, 16.35793304, 12.86226368, 20.50147247, 20.50147247, 30.58232117, 12.86226368, 12.86226368, 25.40196991, 20.50147247, 20.50147247, 16.35793304, 20.50147247, 12.86226368, 16.35793304, 12.86226368, 30.58232117, 16.35793304, 20.50147247, 16.35793304, 20.50147247]"
1512,"[16.35793304, 12.86226368, 16.35793304, 16.35793304, 16.35793304, 12.86226368, 16.35793304, 20.50147247, 16.35793304, 34.56784439, 12.86226368, 12.86226368, 25.40196991, 16.35793304, 12.86226368, 16.35793304, 20.50147247, 16.35793304, 16.35793304, 16.35793304, 30.58232117, 16.35793304, 25.40196991, 12.86226368, 16.35793304]"
1513,"[16.35793304, 12.86226368, 16.35793304, 20.50147247, 16.35793304, 12.86226368, 12.86226368, 20.50147247, 20.50147247, 10.85316372, 12.86226368, 12.86226368, 25.40196991, 20.50147247, 20.50147247, 16.35793304, 20.50147247, 16.35793304, 16.35793304, 16.35793304, 30.58232117, 16.35793304, 30.58232117, 16.35793304, 20.50147247]"
1514,"[16.35793304, 12.86226368, 12.86226368, 20.50147247, 16.35793304, 12.86226368, 12.86226368, 20.50147247, 16.35793304, 10.85316372, 12.86226368, 12.86226368, 25.40196991, 16.35793304, 20.50147247, 16.35793304, 20.50147247, 12.86226368, 16.35793304, 16.35793304, 30.58232117, 16.35793304, 30.58232117, 16.35793304, 16.35793304]"
1515,"[16.35793304, 16.35793304, 16.35793304, 20.50147247, 12.86226368, 16.35793304, 16.35793304, 20.50147247, 20.50147247, 30.58232117, 12.86226368, 12.86226368, 25.40196991, 16.35793304, 20.50147247, 16.35793304, 20.50147247, 16.35793304, 16.35793304, 16.35793304, 30.58232117, 16.35793304, 104.51981354, 16.35793304, 16.35793304]"
1516,"[16.35793304, 12.86226368, 16.35793304, 20.50147247, 10.85316372, 16.35793304, 16.35793304, 20.50147247, 16.35793304, 10.85316372, 12.86226368, 12.86226368, 25.40196991, 16.35793304, 16.35793304, 16.35793304, 20.50147247, 16.35793304, 16.35793304, 16.35793304, 30.58232117, 16.35793304, 78.91559601, 16.35793304, 16.35793304]"
1517,"[16.35793304, 16.35793304, 16.35793304, 20.50147247, 16.35793304, 16.35793304, 12.86226368, 20.50147247, 20.50147247, 30.58232117, 16.35793304, 16.35793304, 25.40196991, 20.50147247, 16.35793304, 16.35793304, 25.40196991, 16.35793304, 16.35793304, 16.35793304, 30.58232117, 16.35793304, 74.90299225, 16.35793304, 16.35793304]"
1518,"[16.35793304, 16.35793304, 16.35793304, 20.50147247, 16.35793304, 16.35793304, 12.86226368, 20.50147247, 20.50147247, 10.85316372, 12.86226368, 12.86226368, 25.40196991, 16.35793304, 16.35793304, 16.35793304, 20.50147247, 16.35793304, 20.50147247, 16.35793304, 30.58232117, 16.35793304, 51.20953369, 16.35793304, 54.45783234]"
1519,"[16.35793304, 16.35793304, 16.35793304, 20.50147247, 12.86226368, 16.35793304, 12.86226368, 20.50147247, 20.50147247, 10.85316372, 16.35793304, 12.86226368, 25.40196991, 20.50147247, 16.35793304, 16.35793304, 20.50147247, 16.35793304, 20.50147247, 16.35793304, 30.58232117, 16.35793304, 59.04366302, 16.35793304, 16.35793304]"
1520,"[16.35793304, 16.35793304, 16.35793304, 20.50147247, 12.86226368, 16.35793304, 12.86226368, 20.50147247, 20.50147247, 10.85316372, 16.35793304, 12.86226368, 25.40196991, 16.35793304, 12.86226368, 25.40196991, 20.50147247, 16.35793304, 20.50147247, 16.35793304, 30.58232117, 16.35793304, 30.58232117, 16.35793304, 16.35793304]"
1521,"[16.35793304, 16.35793304, 12.86226368, 16.35793304, 12.86226368, 12.86226368, 12.86226368, 20.50147247, 16.35793304, 10.85316372, 16.35793304, 12.86226368, 20.50147247, 16.35793304, 20.50147247, 25.40196991, 20.50147247, 12.86226368, 20.50147247, 12.86226368, 30.58232117, 16.35793304, 30.58232117, 16.35793304, 16.35793304]"
1522,"[16.35793304, 12.86226368, 12.86226368, 16.35793304, 12.86226368, 12.86226368, 12.86226368, 16.35793304, 20.50147247, 10.85316372, 12.86226368, 12.86226368, 20.50147247, 16.35793304, 20.50147247, 20.50147247, 20.50147247, 16.35793304, 20.50147247, 12.86226368, 30.58232117, 16.35793304, 30.58232117, 12.86226368, 20.50147247]"
1523,"[16.35793304, 12.86226368, 12.86226368, 16.35793304, 12.86226368, 12.86226368, 12.86226368, 16.35793304, 20.50147247, 10.85316372, 12.86226368, 12.86226368, 20.50147247, 16.35793304, 16.35793304, 20.50147247, 20.50147247, 12.86226368, 20.50147247, 12.86226368, 30.58232117, 16.35793304, 30.58232117, 12.86226368, 16.35793304]"
1524,"[16.35793304, 12.86226368, 12.86226368, 16.35793304, 12.86226368, 12.86226368, 12.86226368, 16.35793304, 16.35793304, 10.85316372, 12.86226368, 12.86226368, 20.50147247, 16.35793304, 12.86226368, 20.50147247, 20.50147247, 12.86226368, 16.35793304, 12.86226368, 30.58232117, 16.35793304, 20.50147247, 12.86226368, 16.35793304]"
1525,"[16.35793304, 12.86226368, 12.86226368, 16.35793304, 12.86226368, 12.86226368, 12.86226368, 16.35793304, 16.35793304, 10.85316372, 12.86226368, 12.86226368, 20.50147247, 16.35793304, 20.50147247, 25.40196991, 20.50147247, 12.86226368, 20.50147247, 12.86226368, 30.58232117, 16.35793304, 30.58232117, 12.86226368, 16.35793304]"
1526,"[16.35793304, 12.86226368, 16.35793304, 16.35793304, 12.86226368, 12.86226368, 12.86226368, 16.35793304, 16.35793304, 10.85316372, 12.86226368, 12.86226368, 20.50147247, 16.35793304, 16.35793304, 25.40196991, 20.50147247, 12.86226368, 16.35793304, 12.86226368, 30.58232117, 16.35793304, 20.50147247, 16.35793304, 16.35793304]"
1527,"[16.35793304, 16.35793304, 12.86226368, 20.50147247, 12.86226368, 12.86226368, 12.86226368, 16.35793304, 12.86226368, 10.85316372, 12.86226368, 12.86226368, 20.50147247, 16.35793304, 20.50147247, 20.50147247, 20.50147247, 16.35793304, 16.35793304, 12.86226368, 30.58232117, 16.35793304, 30.58232117, 12.86226368, 16.35793304]"
1528,"[16.35793304, 12.86226368, 12.86226368, 16.35793304, 12.86226368, 12.86226368, 12.86226368, 16.35793304, 16.35793304, 10.85316372, 12.86226368, 12.86226368, 20.50147247, 16.35793304, 16.35793304, 20.50147247, 20.50147247, 16.35793304, 16.35793304, 12.86226368, 30.58232117, 16.35793304, 30.58232117, 12.86226368, 16.35793304]"
1529,"[16.35793304, 12.86226368, 12.86226368, 20.50147247, 12.86226368, 12.86226368, 12.86226368, 16.35793304, 16.35793304, 10.85316372, 16.35793304, 12.86226368, 20.50147247, 16.35793304, 20.50147247, 16.35793304, 20.50147247, 16.35793304, 16.35793304, 12.86226368, 30.58232117, 16.35793304, 25.40196991, 12.86226368, 16.35793304]"
1530,"[16.35793304, 16.35793304, 12.86226368, 20.50147247, 16.35793304, 12.86226368, 12.86226368, 16.35793304, 16.35793304, 10.85316372, 16.35793304, 12.86226368, 20.50147247, 16.35793304, 20.50147247, 16.35793304, 20.50147247, 16.35793304, 16.35793304, 12.86226368, 30.58232117, 16.35793304, 30.58232117, 12.86226368, 20.50147247]"
1531,"[16.35793304, 16.35793304, 12.86226368, 20.50147247, 16.35793304, 16.35793304, 12.86226368, 16.35793304, 16.35793304, 10.85316372, 16.35793304, 12.86226368, 20.50147247, 16.35793304, 12.86226368, 16.35793304, 20.50147247, 16.35793304, 16.35793304, 16.35793304, 30.58232117, 16.35793304, 20.50147247, 16.35793304, 16.35793304]"
1532,"[16.35793304, 16.35793304, 16.35793304, 20.50147247, 16.35793304, 16.35793304, 12.86226368, 16.35793304, 16.35793304, 10.85316372, 16.35793304, 12.86226368, 20.50147247, 16.35793304, 16.35793304, 16.35793304, 20.50147247, 16.35793304, 16.35793304, 16.35793304, 30.58232117, 16.35793304, 25.40196991, 12.86226368, 20.50147247]"
1533,"[16.35793304, 16.35793304, 12.86226368, 20.50147247, 16.35793304, 16.35793304, 12.86226368, 16.35793304, 16.35793304, 10.85316372, 16.35793304, 12.86226368, 20.50147247, 20.50147247, 16.35793304, 16.35793304, 20.50147247, 12.86226368, 16.35793304, 12.86226368, 30.58232117, 16.35793304, 16.35793304, 16.35793304, 16.35793304]"
1534,"[16.35793304, 16.35793304, 12.86226368, 20.50147247, 12.86226368, 16.35793304, 12.86226368, 16.35793304, 16.35793304, 10.85316372, 16.35793304, 12.86226368, 20.50147247, 16.35793304, 16.35793304, 16.35793304, 20.50147247, 16.35793304, 16.35793304, 12.86226368, 30.58232117, 16.35793304, 20.50147247, 12.86226368, 16.35793304]"
1535,"[16.35793304, 16.35793304, 16.35793304, 20.50147247, 12.86226368, 16.35793304, 12.86226368, 16.35793304, 16.35793304, 10.85316372, 16.35793304, 12.86226368, 20.50147247, 16.35793304, 20.50147247, 16.35793304, 20.50147247, 16.35793304, 16.35793304, 12.86226368, 30.58232117, 16.35793304, 30.58232117, 12.86226368, 16.35793304]"
1536,"[16.35793304, 12.86226368, 12.86226368, 20.50147247, 16.35793304, 16.35793304, 12.86226368, 16.35793304, 16.35793304, 10.85316372, 16.35793304, 12.86226368, 20.50147247, 16.35793304, 20.50147247, 16.35793304, 20.50147247, 16.35793304, 16.35793304, 12.86226368, 30.58232117, 16.35793304, 16.35793304, 16.35793304, 20.50147247]"
1537,"[16.35793304, 16.35793304, 16.35793304, 20.50147247, 16.35793304, 16.35793304, 12.86226368, 20.50147247, 16.35793304, 10.85316372, 16.35793304, 12.86226368, 20.50147247, 16.35793304, 16.35793304, 16.35793304, 20.50147247, 16.35793304, 20.50147247, 12.86226368, 30.58232117, 16.35793304, 11.05874348, 16.35793304, 20.50147247]"
1538,"[16.35793304, 12.86226368, 16.35793304, 20.50147247, 12.86226368, 16.35793304, 12.86226368, 20.50147247, 12.86226368, 10.85316372, 20.50147247, 12.86226368, 20.50147247, 16.35793304, 16.35793304, 16.35793304, 25.40196991, 16.35793304, 20.50147247, 12.86226368, 30.58232117, 16.35793304, 108.34133911, 16.35793304, 20.50147247]"
1539,"[16.35793304, 16.35793304, 16.35793304, 20.50147247, 16.35793304, 16.35793304, 12.86226368, 20.50147247, 16.35793304, 10.85316372, 20.50147247, 12.86226368, 20.50147247, 20.50147247, 16.35793304, 16.35793304, 25.40196991, 16.35793304, 20.50147247, 16.35793304, 30.58232117, 16.35793304, 25.40196991, 16.35793304, 20.50147247]"
1540,"[16.35793304, 16.35793304, 16.35793304, 20.50147247, 12.86226368, 16.35793304, 12.86226368, 20.50147247, 20.50147247, 10.85316372, 16.35793304, 12.86226368, 20.50147247, 10.85316372, 20.50147247, 16.35793304, 25.40196991, 16.35793304, 20.50147247, 16.35793304, 30.58232117, 16.35793304, 10.85316372, 16.35793304, 16.35793304]"
1541,"[16.35793304, 16.35793304, 16.35793304, 20.50147247, 16.35793304, 16.35793304, 12.86226368, 20.50147247, 16.35793304, 10.85316372, 16.35793304, 10.85316372, 20.50147247, 20.50147247, 16.35793304, 16.35793304, 25.40196991, 16.35793304, 25.40196991, 16.35793304, 30.58232117, 16.35793304, 25.40196991, 16.35793304, 20.50147247]"
1542,"[16.35793304, 16.35793304, 16.35793304, 20.50147247, 16.35793304, 12.86226368, 12.86226368, 20.50147247, 20.50147247, 10.85316372, 16.35793304, 30.58232117, 25.40196991, 20.50147247, 16.35793304, 20.50147247, 25.40196991, 16.35793304, 25.40196991, 16.35793304, 30.58232117, 20.50147247, 30.58232117, 16.35793304, 16.35793304]"
1543,"[16.35793304, 12.86226368, 16.35793304, 20.50147247, 16.35793304, 12.86226368, 12.86226368, 20.50147247, 20.50147247, 10.85316372, 16.35793304, 12.86226368, 20.50147247, 20.50147247, 20.50147247, 25.40196991, 20.50147247, 16.35793304, 25.40196991, 16.35793304, 25.40196991, 16.35793304, 30.58232117, 16.35793304, 16.35793304]"
1544,"[16.35793304, 12.86226368, 16.35793304, 20.50147247, 12.86226368, 12.86226368, 12.86226368, 20.50147247, 16.35793304, 10.85316372, 16.35793304, 12.86226368, 20.50147247, 16.35793304, 12.86226368, 25.40196991, 20.50147247, 16.35793304, 20.50147247, 12.86226368, 25.40196991, 16.35793304, 30.58232117, 16.35793304, 16.35793304]"
1545,"[16.35793304, 12.86226368, 12.86226368, 20.50147247, 12.86226368, 12.86226368, 12.86226368, 20.50147247, 20.50147247, 10.85316372, 16.35793304, 12.86226368, 20.50147247, 16.35793304, 16.35793304, 25.40196991, 20.50147247, 16.35793304, 20.50147247, 16.35793304, 25.40196991, 16.35793304, 25.40196991, 12.86226368, 16.35793304]"
1546,"[16.35793304, 12.86226368, 12.86226368, 20.50147247, 12.86226368, 12.86226368, 12.86226368, 20.50147247, 16.35793304, 10.85316372, 16.35793304, 16.35793304, 20.50147247, 16.35793304, 16.35793304, 30.58232117, 20.50147247, 20.50147247, 20.50147247, 16.35793304, 25.40196991, 16.35793304, 25.40196991, 16.35793304, 20.50147247]"
1547,"[16.35793304, 16.35793304, 16.35793304, 20.50147247, 16.35793304, 12.86226368, 12.86226368, 20.50147247, 16.35793304, 10.85316372, 16.35793304, 12.86226368, 20.50147247, 16.35793304, 16.35793304, 30.58232117, 20.50147247, 16.35793304, 16.35793304, 16.35793304, 25.40196991, 16.35793304, 25.40196991, 16.35793304, 20.50147247]"
1548,"[16.35793304, 16.35793304, 16.35793304, 20.50147247, 16.35793304, 12.86226368, 12.86226368, 20.50147247, 16.35793304, 10.85316372, 16.35793304, 16.35793304, 20.50147247, 20.50147247, 16.35793304, 20.50147247, 20.50147247, 16.35793304, 20.50147247, 16.35793304, 25.40196991, 16.35793304, 30.58232117, 16.35793304, 16.35793304]"
1549,"[16.35793304, 16.35793304, 12.86226368, 20.50147247, 30.58232117, 12.86226368, 12.86226368, 20.50147247, 16.35793304, 10.85316372, 16.35793304, 12.86226368, 20.50147247, 10.85316372, 16.35793304, 20.50147247, 20.50147247, 16.35793304, 20.50147247, 16.35793304, 25.40196991, 16.35793304, 25.40196991, 16.35793304, 16.35793304]"
1550,"[16.35793304, 16.35793304, 12.86226368, 16.35793304, 30.58232117, 12.86226368, 12.86226368, 20.50147247, 20.50147247, 10.85316372, 16.35793304, 12.86226368, 20.50147247, 20.50147247, 20.50147247, 20.50147247, 25.40196991, 16.35793304, 20.50147247, 16.35793304, 25.40196991, 16.35793304, 30.58232117, 16.35793304, 16.35793304]"
1551,"[16.35793304, 16.35793304, 12.86226368, 16.35793304, 30.58232117, 12.86226368, 12.86226368, 20.50147247, 20.50147247, 10.85316372, 16.35793304, 12.86226368, 20.50147247, 10.85316372, 16.35793304, 20.50147247, 20.50147247, 16.35793304, 20.50147247, 12.86226368, 25.40196991, 16.35793304, 30.58232117, 16.35793304, 16.35793304]"
1552,"[16.35793304, 16.35793304, 12.86226368, 20.50147247, 30.58232117, 12.86226368, 12.86226368, 20.50147247, 16.35793304, 10.85316372, 16.35793304, 12.86226368, 20.50147247, 25.40196991, 20.50147247, 20.50147247, 20.50147247, 16.35793304, 20.50147247, 16.35793304, 25.40196991, 16.35793304, 25.40196991, 16.35793304, 20.50147247]"
1553,"[16.35793304, 16.35793304, 12.86226368, 16.35793304, 10.85316372, 12.86226368, 12.86226368, 20.50147247, 16.35793304, 10.85316372, 16.35793304, 12.86226368, 20.50147247, 10.85316372, 20.50147247, 20.50147247, 10.85316372, 16.35793304, 16.35793304, 16.35793304, 25.40196991, 16.35793304, 25.40196991, 16.35793304, 20.50147247]"
1554,"[16.35793304, 16.35793304, 12.86226368, 20.50147247, 30.58232117, 12.86226368, 12.86226368, 20.50147247, 16.35793304, 10.85316372, 16.35793304, 12.86226368, 20.50147247, 25.40196991, 16.35793304, 20.50147247, 30.58232117, 20.50147247, 20.50147247, 16.35793304, 30.58232117, 20.50147247, 25.40196991, 16.35793304, 20.50147247]"
1555,"[20.50147247, 16.35793304, 16.35793304, 20.50147247, 10.85316372, 12.86226368, 12.86226368, 20.50147247, 16.35793304, 10.85316372, 16.35793304, 12.86226368, 20.50147247, 10.85316372, 20.50147247, 20.50147247, 25.40196991, 20.50147247, 20.50147247, 16.35793304, 25.40196991, 20.50147247, 25.40196991, 16.35793304, 20.50147247]"
1556,"[20.50147247, 20.50147247, 16.35793304, 20.50147247, 25.40196991, 12.86226368, 12.86226368, 20.50147247, 20.50147247, 10.85316372, 20.50147247, 16.35793304, 25.40196991, 25.40196991, 30.58232117, 20.50147247, 10.85316372, 20.50147247, 20.50147247, 20.50147247, 25.40196991, 20.50147247, 10.85316372, 16.35793304, 20.50147247]"
1557,"[20.50147247, 20.50147247, 20.50147247, 20.50147247, 25.40196991, 12.86226368, 12.86226368, 25.40196991, 20.50147247, 10.85316372, 20.50147247, 16.35793304, 25.40196991, 25.40196991, 20.50147247, 34.56784439, 30.58232117, 25.40196991, 20.50147247, 20.50147247, 30.58232117, 20.50147247, 25.40196991, 20.50147247, 25.40196991]"
1558,"[20.50147247, 20.50147247, 20.50147247, 25.40196991, 25.40196991, 12.86226368, 12.86226368, 20.50147247, 20.50147247, 10.85316372, 20.50147247, 20.50147247, 25.40196991, 25.40196991, 30.58232117, 25.40196991, 30.58232117, 20.50147247, 16.35793304, 20.50147247, 30.58232117, 20.50147247, 30.58232117, 20.50147247, 25.40196991]"
1559,"[20.50147247, 20.50147247, 16.35793304, 25.40196991, 20.50147247, 12.86226368, 12.86226368, 25.40196991, 20.50147247, 10.85316372, 20.50147247, 16.35793304, 25.40196991, 20.50147247, 20.50147247, 25.40196991, 30.58232117, 20.50147247, 20.50147247, 20.50147247, 30.58232117, 20.50147247, 30.58232117, 20.50147247, 20.50147247]"
1560,"[16.35793304, 12.86226368, 12.86226368, 20.50147247, 12.86226368, 12.86226368, 12.86226368, 20.50147247, 16.35793304, 10.85316372, 20.50147247, 16.35793304, 20.50147247, 20.50147247, 16.35793304, 20.50147247, 20.50147247, 16.35793304, 20.50147247, 16.35793304, 30.58232117, 16.35793304, 25.40196991, 20.50147247, 20.50147247]"
1561,"[16.35793304, 16.35793304, 16.35793304, 20.50147247, 16.35793304, 12.86226368, 12.86226368, 20.50147247, 16.35793304, 10.85316372, 16.35793304, 12.86226368, 25.40196991, 20.50147247, 16.35793304, 20.50147247, 25.40196991, 16.35793304, 20.50147247, 16.35793304, 25.40196991, 16.35793304, 25.40196991, 16.35793304, 20.50147247]"
1562,"[20.50147247, 16.35793304, 16.35793304, 20.50147247, 12.86226368, 12.86226368, 12.86226368, 20.50147247, 20.50147247, 10.85316372, 20.50147247, 16.35793304, 25.40196991, 20.50147247, 20.50147247, 20.50147247, 25.40196991, 16.35793304, 20.50147247, 16.35793304, 25.40196991, 16.35793304, 30.58232117, 12.86226368, 20.50147247]"
1563,"[16.35793304, 16.35793304, 16.35793304, 20.50147247, 12.86226368, 12.86226368, 12.86226368, 20.50147247, 16.35793304, 10.85316372, 20.50147247, 16.35793304, 25.40196991, 20.50147247, 20.50147247, 25.40196991, 25.40196991, 16.35793304, 25.40196991, 16.35793304, 25.40196991, 16.35793304, 25.40196991, 16.35793304, 20.50147247]"
1564,"[16.35793304, 16.35793304, 12.86226368, 20.50147247, 12.86226368, 12.86226368, 12.86226368, 20.50147247, 16.35793304, 10.85316372, 16.35793304, 12.86226368, 20.50147247, 16.35793304, 20.50147247, 25.40196991, 20.50147247, 16.35793304, 25.40196991, 12.86226368, 25.40196991, 16.35793304, 25.40196991, 12.86226368, 16.35793304]"
1565,"[16.35793304, 16.35793304, 12.86226368, 20.50147247, 16.35793304, 12.86226368, 12.86226368, 20.50147247, 16.35793304, 10.85316372, 16.35793304, 12.86226368, 20.50147247, 20.50147247, 12.86226368, 20.50147247, 20.50147247, 16.35793304, 20.50147247, 12.86226368, 25.40196991, 16.35793304, 25.40196991, 12.86226368, 16.35793304]"
1566,"[16.35793304, 16.35793304, 16.35793304, 20.50147247, 16.35793304, 12.86226368, 12.86226368, 20.50147247, 16.35793304, 10.85316372, 16.35793304, 16.35793304, 25.40196991, 20.50147247, 16.35793304, 20.50147247, 25.40196991, 16.35793304, 20.50147247, 16.35793304, 25.40196991, 16.35793304, 20.50147247, 12.86226368, 16.35793304]"
1567,"[16.35793304, 16.35793304, 16.35793304, 20.50147247, 16.35793304, 12.86226368, 12.86226368, 20.50147247, 16.35793304, 10.85316372, 16.35793304, 16.35793304, 20.50147247, 20.50147247, 20.50147247, 25.40196991, 20.50147247, 16.35793304, 20.50147247, 16.35793304, 25.40196991, 16.35793304, 25.40196991, 16.35793304, 16.35793304]"
1568,"[16.35793304, 16.35793304, 16.35793304, 20.50147247, 16.35793304, 12.86226368, 12.86226368, 20.50147247, 16.35793304, 10.85316372, 16.35793304, 16.35793304, 20.50147247, 20.50147247, 16.35793304, 30.58232117, 25.40196991, 16.35793304, 20.50147247, 16.35793304, 25.40196991, 16.35793304, 25.40196991, 16.35793304, 16.35793304]"
1569,"[16.35793304, 12.86226368, 12.86226368, 20.50147247, 30.58232117, 12.86226368, 12.86226368, 20.50147247, 20.50147247, 10.85316372, 16.35793304, 12.86226368, 20.50147247, 20.50147247, 20.50147247, 25.40196991, 20.50147247, 16.35793304, 20.50147247, 16.35793304, 25.40196991, 16.35793304, 25.40196991, 16.35793304, 20.50147247]"
1570,"[16.35793304, 12.86226368, 12.86226368, 20.50147247, 30.58232117, 12.86226368, 12.86226368, 20.50147247, 16.35793304, 10.85316372, 16.35793304, 12.86226368, 20.50147247, 20.50147247, 16.35793304, 34.56784439, 25.40196991, 16.35793304, 20.50147247, 16.35793304, 25.40196991, 16.35793304, 25.40196991, 16.35793304, 20.50147247]"
1571,"[16.35793304, 16.35793304, 16.35793304, 20.50147247, 30.58232117, 12.86226368, 12.86226368, 20.50147247, 16.35793304, 10.85316372, 16.35793304, 12.86226368, 20.50147247, 20.50147247, 20.50147247, 20.50147247, 20.50147247, 16.35793304, 16.35793304, 12.86226368, 25.40196991, 16.35793304, 25.40196991, 16.35793304, 16.35793304]"
1572,"[16.35793304, 16.35793304, 12.86226368, 20.50147247, 30.58232117, 12.86226368, 12.86226368, 20.50147247, 20.50147247, 10.85316372, 16.35793304, 12.86226368, 20.50147247, 20.50147247, 16.35793304, 20.50147247, 20.50147247, 16.35793304, 16.35793304, 16.35793304, 25.40196991, 16.35793304, 20.50147247, 16.35793304, 20.50147247]"
1573,"[16.35793304, 16.35793304, 12.86226368, 20.50147247, 30.58232117, 12.86226368, 12.86226368, 20.50147247, 16.35793304, 10.85316372, 16.35793304, 12.86226368, 20.50147247, 20.50147247, 16.35793304, 20.50147247, 20.50147247, 16.35793304, 20.50147247, 12.86226368, 25.40196991, 16.35793304, 25.40196991, 12.86226368, 16.35793304]"
1574,"[12.86226368, 12.86226368, 12.86226368, 16.35793304, 25.40196991, 12.86226368, 12.86226368, 20.50147247, 16.35793304, 10.85316372, 16.35793304, 12.86226368, 20.50147247, 20.50147247, 20.50147247, 20.50147247, 20.50147247, 16.35793304, 20.50147247, 12.86226368, 25.40196991, 16.35793304, 25.40196991, 12.86226368, 20.50147247]"
1575,"[12.86226368, 16.35793304, 12.86226368, 16.35793304, 30.58232117, 12.86226368, 12.86226368, 20.50147247, 16.35793304, 10.85316372, 16.35793304, 12.86226368, 20.50147247, 20.50147247, 12.86226368, 20.50147247, 25.40196991, 16.35793304, 20.50147247, 12.86226368, 25.40196991, 16.35793304, 25.40196991, 16.35793304, 20.50147247]"
1576,"[16.35793304, 16.35793304, 12.86226368, 16.35793304, 30.58232117, 12.86226368, 12.86226368, 20.50147247, 16.35793304, 10.85316372, 20.50147247, 12.86226368, 20.50147247, 20.50147247, 12.86226368, 20.50147247, 25.40196991, 16.35793304, 20.50147247, 16.35793304, 25.40196991, 16.35793304, 25.40196991, 16.35793304, 20.50147247]"
1577,"[16.35793304, 16.35793304, 12.86226368, 20.50147247, 10.85316372, 12.86226368, 12.86226368, 20.50147247, 16.35793304, 10.85316372, 20.50147247, 16.35793304, 20.50147247, 20.50147247, 20.50147247, 25.40196991, 25.40196991, 20.50147247, 20.50147247, 16.35793304, 25.40196991, 20.50147247, 25.40196991, 16.35793304, 20.50147247]"
1578,"[16.35793304, 16.35793304, 12.86226368, 20.50147247, 20.50147247, 12.86226368, 12.86226368, 20.50147247, 16.35793304, 10.85316372, 20.50147247, 16.35793304, 20.50147247, 20.50147247, 20.50147247, 25.40196991, 25.40196991, 20.50147247, 20.50147247, 16.35793304, 25.40196991, 20.50147247, 25.40196991, 16.35793304, 20.50147247]"
1579,"[16.35793304, 16.35793304, 16.35793304, 20.50147247, 20.50147247, 12.86226368, 12.86226368, 20.50147247, 16.35793304, 10.85316372, 20.50147247, 16.35793304, 20.50147247, 20.50147247, 16.35793304, 20.50147247, 25.40196991, 20.50147247, 20.50147247, 16.35793304, 30.58232117, 20.50147247, 25.40196991, 16.35793304, 25.40196991]"
1580,"[20.50147247, 16.35793304, 16.35793304, 20.50147247, 20.50147247, 12.86226368, 12.86226368, 20.50147247, 20.50147247, 16.35793304, 20.50147247, 16.35793304, 20.50147247, 20.50147247, 16.35793304, 16.35793304, 25.40196991, 16.35793304, 25.40196991, 16.35793304, 30.58232117, 20.50147247, 30.58232117, 16.35793304, 20.50147247]"
1581,"[16.35793304, 16.35793304, 16.35793304, 20.50147247, 20.50147247, 12.86226368, 12.86226368, 20.50147247, 20.50147247, 25.40196991, 20.50147247, 16.35793304, 25.40196991, 20.50147247, 20.50147247, 20.50147247, 25.40196991, 16.35793304, 25.40196991, 16.35793304, 30.58232117, 20.50147247, 25.40196991, 20.50147247, 25.40196991]"
1582,"[20.50147247, 20.50147247, 16.35793304, 20.50147247, 20.50147247, 12.86226368, 12.86226368, 20.50147247, 16.35793304, 20.50147247, 20.50147247, 16.35793304, 25.40196991, 20.50147247, 16.35793304, 16.35793304, 25.40196991, 16.35793304, 25.40196991, 16.35793304, 25.40196991, 16.35793304, 25.40196991, 16.35793304, 16.35793304]"
1583,"[16.35793304, 16.35793304, 16.35793304, 20.50147247, 16.35793304, 12.86226368, 12.86226368, 20.50147247, 16.35793304, 25.40196991, 20.50147247, 16.35793304, 20.50147247, 20.50147247, 20.50147247, 16.35793304, 25.40196991, 20.50147247, 25.40196991, 16.35793304, 25.40196991, 16.35793304, 25.40196991, 16.35793304, 20.50147247]"
1584,"[16.35793304, 16.35793304, 16.35793304, 20.50147247, 16.35793304, 12.86226368, 12.86226368, 20.50147247, 16.35793304, 20.50147247, 16.35793304, 16.35793304, 25.40196991, 20.50147247, 16.35793304, 20.50147247, 25.40196991, 16.35793304, 20.50147247, 16.35793304, 25.40196991, 20.50147247, 25.40196991, 16.35793304, 20.50147247]"
1585,"[16.35793304, 16.35793304, 16.35793304, 20.50147247, 16.35793304, 12.86226368, 12.86226368, 20.50147247, 16.35793304, 25.40196991, 16.35793304, 16.35793304, 25.40196991, 20.50147247, 16.35793304, 20.50147247, 25.40196991, 16.35793304, 20.50147247, 16.35793304, 25.40196991, 16.35793304, 30.58232117, 16.35793304, 16.35793304]"
1586,"[16.35793304, 16.35793304, 16.35793304, 20.50147247, 16.35793304, 12.86226368, 12.86226368, 20.50147247, 16.35793304, 20.50147247, 16.35793304, 16.35793304, 25.40196991, 20.50147247, 16.35793304, 25.40196991, 25.40196991, 20.50147247, 20.50147247, 16.35793304, 25.40196991, 20.50147247, 25.40196991, 16.35793304, 20.50147247]"
1587,"[16.35793304, 16.35793304, 16.35793304, 20.50147247, 16.35793304, 12.86226368, 12.86226368, 20.50147247, 16.35793304, 20.50147247, 16.35793304, 16.35793304, 25.40196991, 20.50147247, 16.35793304, 16.35793304, 25.40196991, 20.50147247, 20.50147247, 16.35793304, 25.40196991, 20.50147247, 10.85316372, 16.35793304, 20.50147247]"
1588,"[20.50147247, 16.35793304, 20.50147247, 20.50147247, 16.35793304, 12.86226368, 12.86226368, 20.50147247, 16.35793304, 20.50147247, 16.35793304, 16.35793304, 25.40196991, 20.50147247, 16.35793304, 16.35793304, 25.40196991, 20.50147247, 20.50147247, 16.35793304, 30.58232117, 20.50147247, 30.58232117, 16.35793304, 16.35793304]"
1589,"[20.50147247, 16.35793304, 16.35793304, 25.40196991, 25.40196991, 12.86226368, 12.86226368, 20.50147247, 16.35793304, 12.86226368, 16.35793304, 16.35793304, 25.40196991, 25.40196991, 25.40196991, 25.40196991, 25.40196991, 20.50147247, 16.35793304, 16.35793304, 25.40196991, 20.50147247, 30.58232117, 20.50147247, 20.50147247]"
1590,"[20.50147247, 20.50147247, 20.50147247, 25.40196991, 20.50147247, 12.86226368, 12.86226368, 20.50147247, 20.50147247, 20.50147247, 16.35793304, 16.35793304, 25.40196991, 25.40196991, 16.35793304, 20.50147247, 25.40196991, 16.35793304, 16.35793304, 16.35793304, 30.58232117, 20.50147247, 30.58232117, 20.50147247, 20.50147247]"
1591,"[16.35793304, 16.35793304, 16.35793304, 20.50147247, 25.40196991, 12.86226368, 12.86226368, 16.35793304, 20.50147247, 25.40196991, 20.50147247, 16.35793304, 25.40196991, 25.40196991, 16.35793304, 20.50147247, 25.40196991, 16.35793304, 16.35793304, 16.35793304, 25.40196991, 16.35793304, 20.50147247, 16.35793304, 16.35793304]"
1592,"[16.35793304, 16.35793304, 16.35793304, 20.50147247, 25.40196991, 12.86226368, 12.86226368, 20.50147247, 20.50147247, 25.40196991, 20.50147247, 16.35793304, 25.40196991, 20.50147247, 20.50147247, 20.50147247, 25.40196991, 16.35793304, 16.35793304, 16.35793304, 25.40196991, 20.50147247, 30.58232117, 16.35793304, 20.50147247]"
1593,"[16.35793304, 20.50147247, 16.35793304, 20.50147247, 20.50147247, 12.86226368, 12.86226368, 20.50147247, 20.50147247, 20.50147247, 16.35793304, 16.35793304, 25.40196991, 20.50147247, 25.40196991, 16.35793304, 25.40196991, 16.35793304, 16.35793304, 16.35793304, 25.40196991, 20.50147247, 30.58232117, 20.50147247, 20.50147247]"
1594,"[20.50147247, 20.50147247, 20.50147247, 20.50147247, 20.50147247, 12.86226368, 12.86226368, 20.50147247, 20.50147247, 16.35793304, 20.50147247, 12.86226368, 25.40196991, 25.40196991, 20.50147247, 20.50147247, 25.40196991, 16.35793304, 20.50147247, 16.35793304, 30.58232117, 20.50147247, 25.40196991, 16.35793304, 20.50147247]"
1595,"[16.35793304, 16.35793304, 16.35793304, 20.50147247, 20.50147247, 12.86226368, 12.86226368, 16.35793304, 16.35793304, 20.50147247, 20.50147247, 16.35793304, 25.40196991, 20.50147247, 20.50147247, 20.50147247, 25.40196991, 16.35793304, 20.50147247, 16.35793304, 25.40196991, 20.50147247, 25.40196991, 16.35793304, 20.50147247]"
1596,"[16.35793304, 16.35793304, 16.35793304, 25.40196991, 20.50147247, 12.86226368, 12.86226368, 16.35793304, 20.50147247, 20.50147247, 20.50147247, 16.35793304, 25.40196991, 20.50147247, 16.35793304, 20.50147247, 25.40196991, 16.35793304, 20.50147247, 16.35793304, 25.40196991, 20.50147247, 25.40196991, 16.35793304, 20.50147247]"
1597,"[20.50147247, 16.35793304, 16.35793304, 25.40196991, 20.50147247, 12.86226368, 11.05874348, 20.50147247, 16.35793304, 12.86226368, 20.50147247, 16.35793304, 25.40196991, 20.50147247, 20.50147247, 25.40196991, 25.40196991, 16.35793304, 16.35793304, 16.35793304, 25.40196991, 20.50147247, 30.58232117, 16.35793304, 20.50147247]"
1598,"[16.35793304, 16.35793304, 16.35793304, 25.40196991, 20.50147247, 12.86226368, 12.86226368, 20.50147247, 16.35793304, 16.35793304, 20.50147247, 16.35793304, 25.40196991, 20.50147247, 20.50147247, 20.50147247, 25.40196991, 16.35793304, 16.35793304, 16.35793304, 30.58232117, 16.35793304, 20.50147247, 16.35793304, 20.50147247]"
1599,"[20.50147247, 16.35793304, 16.35793304, 20.50147247, 20.50147247, 12.86226368, 12.86226368, 20.50147247, 16.35793304, 25.40196991, 20.50147247, 16.35793304, 25.40196991, 20.50147247, 20.50147247, 20.50147247, 30.58232117, 16.35793304, 16.35793304, 16.35793304, 30.58232117, 20.50147247, 25.40196991, 16.35793304, 20.50147247]"
1600,"[16.35793304, 20.50147247, 16.35793304, 20.50147247, 20.50147247, 12.86226368, 12.86226368, 20.50147247, 20.50147247, 20.50147247, 20.50147247, 16.35793304, 25.40196991, 20.50147247, 25.40196991, 20.50147247, 30.58232117, 20.50147247, 16.35793304, 16.35793304, 30.58232117, 20.50147247, 25.40196991, 16.35793304, 20.50147247]"
1601,"[20.50147247, 16.35793304, 16.35793304, 25.40196991, 20.50147247, 12.86226368, 12.86226368, 20.50147247, 20.50147247, 25.40196991, 20.50147247, 16.35793304, 25.40196991, 20.50147247, 25.40196991, 25.40196991, 10.85316372, 20.50147247, 20.50147247, 20.50147247, 30.58232117, 20.50147247, 25.40196991, 16.35793304, 16.35793304]"
1602,"[20.50147247, 20.50147247, 16.35793304, 25.40196991, 20.50147247, 12.86226368, 12.86226368, 20.50147247, 20.50147247, 16.35793304, 20.50147247, 16.35793304, 25.40196991, 20.50147247, 25.40196991, 25.40196991, 10.85316372, 25.40196991, 20.50147247, 20.50147247, 10.85316372, 20.50147247, 25.40196991, 16.35793304, 20.50147247]"
1603,"[20.50147247, 20.50147247, 20.50147247, 25.40196991, 25.40196991, 12.86226368, 16.35793304, 25.40196991, 20.50147247, 25.40196991, 20.50147247, 20.50147247, 30.58232117, 25.40196991, 25.40196991, 25.40196991, 10.85316372, 25.40196991, 20.50147247, 20.50147247, 10.85316372, 20.50147247, 30.58232117, 20.50147247, 20.50147247]"
1604,"[25.40196991, 20.50147247, 20.50147247, 25.40196991, 25.40196991, 12.86226368, 12.86226368, 25.40196991, 20.50147247, 30.58232117, 20.50147247, 20.50147247, 30.58232117, 25.40196991, 20.50147247, 25.40196991, 30.58232117, 20.50147247, 25.40196991, 20.50147247, 10.85316372, 20.50147247, 30.58232117, 20.50147247, 25.40196991]"
1605,"[25.40196991, 20.50147247, 20.50147247, 25.40196991, 20.50147247, 12.86226368, 12.86226368, 25.40196991, 20.50147247, 25.40196991, 20.50147247, 20.50147247, 30.58232117, 25.40196991, 25.40196991, 20.50147247, 30.58232117, 20.50147247, 25.40196991, 20.50147247, 10.85316372, 20.50147247, 25.40196991, 25.40196991, 25.40196991]"
1606,"[25.40196991, 20.50147247, 20.50147247, 25.40196991, 20.50147247, 12.86226368, 16.35793304, 25.40196991, 25.40196991, 25.40196991, 20.50147247, 20.50147247, 30.58232117, 25.40196991, 16.35793304, 25.40196991, 30.58232117, 20.50147247, 30.58232117, 20.50147247, 10.85316372, 20.50147247, 30.58232117, 20.50147247, 20.50147247]"
1607,"[25.40196991, 20.50147247, 20.50147247, 25.40196991, 20.50147247, 12.86226368, 12.86226368, 25.40196991, 25.40196991, 25.40196991, 20.50147247, 20.50147247, 30.58232117, 25.40196991, 25.40196991, 20.50147247, 30.58232117, 20.50147247, 30.58232117, 16.35793304, 10.85316372, 20.50147247, 30.58232117, 20.50147247, 20.50147247]"
1608,"[25.40196991, 25.40196991, 20.50147247, 25.40196991, 25.40196991, 12.86226368, 12.86226368, 20.50147247, 25.40196991, 30.58232117, 20.50147247, 20.50147247, 30.58232117, 25.40196991, 20.50147247, 20.50147247, 30.58232117, 16.35793304, 25.40196991, 20.50147247, 30.58232117, 20.50147247, 30.58232117, 20.50147247, 20.50147247]"
1609,"[25.40196991, 20.50147247, 20.50147247, 25.40196991, 20.50147247, 12.86226368, 12.86226368, 20.50147247, 25.40196991, 20.50147247, 20.50147247, 20.50147247, 30.58232117, 25.40196991, 20.50147247, 25.40196991, 25.40196991, 20.50147247, 25.40196991, 16.35793304, 30.58232117, 20.50147247, 30.58232117, 20.50147247, 20.50147247]"
1610,"[25.40196991, 16.35793304, 16.35793304, 25.40196991, 25.40196991, 12.86226368, 12.86226368, 25.40196991, 20.50147247, 25.40196991, 20.50147247, 16.35793304, 30.58232117, 25.40196991, 16.35793304, 20.50147247, 10.85316372, 16.35793304, 25.40196991, 16.35793304, 30.58232117, 20.50147247, 10.85316372, 25.40196991, 20.50147247]"
1611,"[20.50147247, 16.35793304, 16.35793304, 25.40196991, 25.40196991, 12.86226368, 16.35793304, 30.58232117, 20.50147247, 30.58232117, 20.50147247, 16.35793304, 25.40196991, 20.50147247, 25.40196991, 20.50147247, 30.58232117, 30.58232117, 20.50147247, 20.50147247, 25.40196991, 20.50147247, 36.45310974, 10.85316372, 10.85316372]"
1612,"[25.40196991, 25.40196991, 20.50147247, 20.50147247, 25.40196991, 12.86226368, 12.86226368, 30.58232117, 20.50147247, 25.40196991, 16.35793304, 12.86226368, 25.40196991, 25.40196991, 20.50147247, 16.35793304, 34.56784439, 30.58232117, 20.50147247, 25.40196991, 10.85316372, 30.58232117, 10.85316372, 36.45310974, 25.40196991]"
1613,"[25.40196991, 30.58232117, 20.50147247, 20.50147247, 25.40196991, 12.86226368, 12.86226368, 25.40196991, 25.40196991, 30.58232117, 20.50147247, 16.35793304, 30.58232117, 25.40196991, 25.40196991, 16.35793304, 10.85316372, 25.40196991, 20.50147247, 25.40196991, 34.56784439, 25.40196991, 34.56784439, 25.40196991, 20.50147247]"
1614,"[25.40196991, 25.40196991, 20.50147247, 25.40196991, 25.40196991, 12.86226368, 12.86226368, 25.40196991, 25.40196991, 10.85316372, 20.50147247, 20.50147247, 30.58232117, 25.40196991, 25.40196991, 25.40196991, 30.58232117, 20.50147247, 20.50147247, 20.50147247, 10.85316372, 20.50147247, 10.85316372, 20.50147247, 20.50147247]"
1615,"[20.50147247, 20.50147247, 20.50147247, 25.40196991, 25.40196991, 12.86226368, 12.86226368, 20.50147247, 20.50147247, 10.85316372, 20.50147247, 20.50147247, 30.58232117, 30.58232117, 16.35793304, 25.40196991, 30.58232117, 20.50147247, 20.50147247, 20.50147247, 30.58232117, 20.50147247, 30.58232117, 20.50147247, 25.40196991]"
1616,"[20.50147247, 20.50147247, 25.40196991, 25.40196991, 25.40196991, 12.86226368, 12.86226368, 25.40196991, 20.50147247, 30.58232117, 20.50147247, 20.50147247, 30.58232117, 25.40196991, 20.50147247, 20.50147247, 30.58232117, 20.50147247, 20.50147247, 25.40196991, 30.58232117, 25.40196991, 10.85316372, 20.50147247, 20.50147247]"
1617,"[20.50147247, 20.50147247, 20.50147247, 25.40196991, 25.40196991, 12.86226368, 12.86226368, 20.50147247, 20.50147247, 30.58232117, 20.50147247, 16.35793304, 30.58232117, 25.40196991, 25.40196991, 20.50147247, 30.58232117, 20.50147247, 20.50147247, 20.50147247, 30.58232117, 20.50147247, 10.85316372, 20.50147247, 20.50147247]"
1618,"[16.35793304, 20.50147247, 20.50147247, 25.40196991, 25.40196991, 12.86226368, 12.86226368, 20.50147247, 16.35793304, 20.50147247, 20.50147247, 16.35793304, 30.58232117, 25.40196991, 20.50147247, 20.50147247, 30.58232117, 20.50147247, 20.50147247, 20.50147247, 30.58232117, 20.50147247, 30.58232117, 20.50147247, 20.50147247]"
1619,"[20.50147247, 20.50147247, 20.50147247, 25.40196991, 20.50147247, 12.86226368, 12.86226368, 20.50147247, 20.50147247, 20.50147247, 20.50147247, 16.35793304, 30.58232117, 25.40196991, 20.50147247, 20.50147247, 30.58232117, 16.35793304, 20.50147247, 16.35793304, 30.58232117, 20.50147247, 25.40196991, 16.35793304, 20.50147247]"
1620,"[16.35793304, 16.35793304, 20.50147247, 25.40196991, 20.50147247, 12.86226368, 12.86226368, 20.50147247, 16.35793304, 25.40196991, 20.50147247, 16.35793304, 30.58232117, 25.40196991, 20.50147247, 20.50147247, 25.40196991, 16.35793304, 16.35793304, 16.35793304, 30.58232117, 20.50147247, 25.40196991, 20.50147247, 20.50147247]"
1621,"[20.50147247, 20.50147247, 20.50147247, 25.40196991, 20.50147247, 12.86226368, 16.35793304, 25.40196991, 25.40196991, 16.35793304, 16.35793304, 20.50147247, 30.58232117, 20.50147247, 20.50147247, 20.50147247, 30.58232117, 20.50147247, 16.35793304, 16.35793304, 30.58232117, 20.50147247, 25.40196991, 20.50147247, 20.50147247]"
1622,"[25.40196991, 20.50147247, 20.50147247, 20.50147247, 20.50147247, 12.86226368, 12.86226368, 25.40196991, 25.40196991, 20.50147247, 20.50147247, 20.50147247, 30.58232117, 20.50147247, 25.40196991, 20.50147247, 30.58232117, 20.50147247, 20.50147247, 20.50147247, 30.58232117, 20.50147247, 10.85316372, 20.50147247, 20.50147247]"
1623,"[25.40196991, 20.50147247, 20.50147247, 25.40196991, 20.50147247, 12.86226368, 16.35793304, 25.40196991, 20.50147247, 25.40196991, 20.50147247, 16.35793304, 30.58232117, 20.50147247, 20.50147247, 20.50147247, 10.85316372, 20.50147247, 20.50147247, 20.50147247, 30.58232117, 20.50147247, 10.85316372, 20.50147247, 16.35793304]"
1624,"[20.50147247, 20.50147247, 16.35793304, 20.50147247, 16.35793304, 12.86226368, 16.35793304, 30.58232117, 25.40196991, 25.40196991, 20.50147247, 16.35793304, 25.40196991, 20.50147247, 20.50147247, 20.50147247, 30.58232117, 16.35793304, 25.40196991, 20.50147247, 10.85316372, 20.50147247, 10.85316372, 20.50147247, 20.50147247]"
1625,"[20.50147247, 16.35793304, 16.35793304, 20.50147247, 16.35793304, 12.86226368, 16.35793304, 25.40196991, 20.50147247, 25.40196991, 20.50147247, 16.35793304, 25.40196991, 20.50147247, 20.50147247, 16.35793304, 25.40196991, 16.35793304, 30.58232117, 16.35793304, 30.58232117, 20.50147247, 30.58232117, 44.52186584, 20.50147247]"
1626,"[16.35793304, 16.35793304, 16.35793304, 20.50147247, 16.35793304, 12.86226368, 16.35793304, 20.50147247, 16.35793304, 16.35793304, 16.35793304, 16.35793304, 25.40196991, 20.50147247, 20.50147247, 16.35793304, 25.40196991, 16.35793304, 30.58232117, 16.35793304, 25.40196991, 20.50147247, 30.58232117, 42.99325562, 16.35793304]"
1627,"[16.35793304, 16.35793304, 16.35793304, 20.50147247, 16.35793304, 12.86226368, 16.35793304, 20.50147247, 16.35793304, 12.86226368, 16.35793304, 16.35793304, 25.40196991, 16.35793304, 16.35793304, 16.35793304, 25.40196991, 16.35793304, 30.58232117, 16.35793304, 25.40196991, 16.35793304, 25.40196991, 12.86226368, 20.50147247]"
1628,"[16.35793304, 16.35793304, 16.35793304, 20.50147247, 12.86226368, 16.35793304, 16.35793304, 20.50147247, 20.50147247, 12.86226368, 16.35793304, 12.86226368, 25.40196991, 20.50147247, 11.05874348, 25.40196991, 25.40196991, 16.35793304, 25.40196991, 16.35793304, 25.40196991, 16.35793304, 30.58232117, 16.35793304, 20.50147247]"
1629,"[20.50147247, 16.35793304, 16.35793304, 20.50147247, 12.86226368, 20.50147247, 16.35793304, 20.50147247, 20.50147247, 20.50147247, 16.35793304, 16.35793304, 25.40196991, 20.50147247, 25.40196991, 25.40196991, 25.40196991, 20.50147247, 25.40196991, 16.35793304, 25.40196991, 20.50147247, 25.40196991, 12.86226368, 16.35793304]"
1630,"[20.50147247, 16.35793304, 16.35793304, 20.50147247, 20.50147247, 16.35793304, 16.35793304, 25.40196991, 25.40196991, 20.50147247, 16.35793304, 16.35793304, 25.40196991, 20.50147247, 16.35793304, 30.58232117, 25.40196991, 25.40196991, 25.40196991, 20.50147247, 30.58232117, 20.50147247, 30.58232117, 16.35793304, 20.50147247]"
1631,"[20.50147247, 20.50147247, 16.35793304, 25.40196991, 30.58232117, 20.50147247, 16.35793304, 25.40196991, 20.50147247, 20.50147247, 20.50147247, 16.35793304, 25.40196991, 25.40196991, 25.40196991, 25.40196991, 36.45310974, 30.58232117, 25.40196991, 20.50147247, 30.58232117, 20.50147247, 25.40196991, 20.50147247, 20.50147247]"
1632,"[20.50147247, 16.35793304, 20.50147247, 20.50147247, 30.58232117, 16.35793304, 16.35793304, 25.40196991, 30.58232117, 20.50147247, 20.50147247, 16.35793304, 25.40196991, 25.40196991, 25.40196991, 20.50147247, 36.45310974, 25.40196991, 25.40196991, 16.35793304, 10.85316372, 25.40196991, 10.85316372, 20.50147247, 20.50147247]"
1633,"[25.40196991, 20.50147247, 20.50147247, 20.50147247, 34.56784439, 20.50147247, 16.35793304, 25.40196991, 25.40196991, 20.50147247, 20.50147247, 20.50147247, 25.40196991, 25.40196991, 30.58232117, 25.40196991, 10.85316372, 20.50147247, 25.40196991, 16.35793304, 10.85316372, 25.40196991, 10.85316372, 20.50147247, 25.40196991]"
1634,"[25.40196991, 25.40196991, 25.40196991, 20.50147247, 34.56784439, 20.50147247, 16.35793304, 25.40196991, 25.40196991, 20.50147247, 20.50147247, 20.50147247, 30.58232117, 25.40196991, 25.40196991, 39.74495697, 10.85316372, 25.40196991, 25.40196991, 25.40196991, 10.85316372, 25.40196991, 30.58232117, 20.50147247, 25.40196991]"
1635,"[30.58232117, 30.58232117, 20.50147247, 20.50147247, 10.85316372, 20.50147247, 16.35793304, 25.40196991, 30.58232117, 25.40196991, 25.40196991, 20.50147247, 10.85316372, 30.58232117, 30.58232117, 36.45310974, 34.56784439, 30.58232117, 25.40196991, 20.50147247, 10.85316372, 25.40196991, 30.58232117, 20.50147247, 20.50147247]"
1636,"[25.40196991, 30.58232117, 20.50147247, 25.40196991, 25.40196991, 20.50147247, 16.35793304, 30.58232117, 30.58232117, 30.58232117, 25.40196991, 25.40196991, 10.85316372, 10.85316372, 30.58232117, 10.85316372, 10.85316372, 30.58232117, 25.40196991, 20.50147247, 34.56784439, 25.40196991, 10.85316372, 20.50147247, 20.50147247]"
1637,"[25.40196991, 25.40196991, 25.40196991, 25.40196991, 25.40196991, 20.50147247, 16.35793304, 10.85316372, 30.58232117, 20.50147247, 25.40196991, 25.40196991, 10.85316372, 10.85316372, 25.40196991, 10.85316372, 10.85316372, 39.74495697, 20.50147247, 30.58232117, 10.85316372, 25.40196991, 39.55387878, 20.50147247, 25.40196991]"
1638,"[10.85316372, 10.85316372, 10.85316372, 30.58232117, 30.58232117, 20.50147247, 16.35793304, 25.40196991, 30.58232117, 39.74495697, 25.40196991, 20.50147247, 10.85316372, 30.58232117, 30.58232117, 25.40196991, 36.45310974, 34.56784439, 25.40196991, 30.58232117, 39.74495697, 25.40196991, 36.45310974, 20.50147247, 25.40196991]"
1639,"[25.40196991, 30.58232117, 25.40196991, 30.58232117, 10.85316372, 16.35793304, 16.35793304, 25.40196991, 25.40196991, 34.56784439, 30.58232117, 25.40196991, 10.85316372, 10.85316372, 25.40196991, 25.40196991, 10.85316372, 20.50147247, 25.40196991, 25.40196991, 36.45310974, 25.40196991, 36.45310974, 25.40196991, 20.50147247]"
1640,"[25.40196991, 20.50147247, 25.40196991, 30.58232117, 30.58232117, 20.50147247, 12.86226368, 25.40196991, 20.50147247, 10.85316372, 25.40196991, 20.50147247, 30.58232117, 30.58232117, 20.50147247, 25.40196991, 10.85316372, 20.50147247, 20.50147247, 25.40196991, 30.58232117, 25.40196991, 30.58232117, 25.40196991, 20.50147247]"
1641,"[20.50147247, 20.50147247, 25.40196991, 25.40196991, 30.58232117, 20.50147247, 12.86226368, 25.40196991, 20.50147247, 25.40196991, 20.50147247, 20.50147247, 10.85316372, 30.58232117, 20.50147247, 25.40196991, 30.58232117, 20.50147247, 20.50147247, 20.50147247, 30.58232117, 20.50147247, 10.85316372, 20.50147247, 25.40196991]"
1642,"[25.40196991, 25.40196991, 25.40196991, 30.58232117, 30.58232117, 20.50147247, 16.35793304, 25.40196991, 25.40196991, 25.40196991, 20.50147247, 20.50147247, 10.85316372, 30.58232117, 25.40196991, 20.50147247, 10.85316372, 20.50147247, 20.50147247, 25.40196991, 30.58232117, 25.40196991, 30.58232117, 20.50147247, 20.50147247]"
1643,"[25.40196991, 25.40196991, 30.58232117, 30.58232117, 30.58232117, 20.50147247, 16.35793304, 25.40196991, 25.40196991, 20.50147247, 25.40196991, 25.40196991, 10.85316372, 30.58232117, 25.40196991, 25.40196991, 34.56784439, 25.40196991, 20.50147247, 25.40196991, 30.58232117, 25.40196991, 30.58232117, 16.35793304, 20.50147247]"
1644,"[30.58232117, 30.58232117, 30.58232117, 30.58232117, 30.58232117, 16.35793304, 16.35793304, 30.58232117, 30.58232117, 25.40196991, 25.40196991, 25.40196991, 10.85316372, 30.58232117, 30.58232117, 25.40196991, 34.56784439, 10.85316372, 20.50147247, 30.58232117, 10.85316372, 30.58232117, 34.56784439, 20.50147247, 25.40196991]"
1645,"[30.58232117, 30.58232117, 25.40196991, 30.58232117, 10.85316372, 20.50147247, 16.35793304, 34.56784439, 10.85316372, 10.85316372, 25.40196991, 30.58232117, 34.56784439, 10.85316372, 30.58232117, 25.40196991, 34.56784439, 25.40196991, 30.58232117, 25.40196991, 34.56784439, 25.40196991, 10.85316372, 10.85316372, 30.58232117]"
1646,"[53.88460159, 30.58232117, 25.40196991, 10.85316372, 30.58232117, 20.50147247, 16.35793304, 10.85316372, 10.85316372, 34.56784439, 30.58232117, 25.40196991, 34.56784439, 10.85316372, 30.58232117, 25.40196991, 34.56784439, 25.40196991, 30.58232117, 25.40196991, 34.56784439, 25.40196991, 36.45310974, 30.58232117, 25.40196991]"
1647,"[30.58232117, 30.58232117, 25.40196991, 30.58232117, 25.40196991, 20.50147247, 16.35793304, 30.58232117, 30.58232117, 10.85316372, 30.58232117, 25.40196991, 34.56784439, 30.58232117, 25.40196991, 25.40196991, 34.56784439, 20.50147247, 10.85316372, 25.40196991, 10.85316372, 25.40196991, 10.85316372, 25.40196991, 25.40196991]"
1648,"[30.58232117, 25.40196991, 25.40196991, 30.58232117, 25.40196991, 20.50147247, 16.35793304, 30.58232117, 30.58232117, 25.40196991, 25.40196991, 25.40196991, 10.85316372, 30.58232117, 30.58232117, 25.40196991, 10.85316372, 25.40196991, 10.85316372, 25.40196991, 10.85316372, 25.40196991, 30.58232117, 25.40196991, 30.58232117]"
1649,"[30.58232117, 25.40196991, 25.40196991, 30.58232117, 20.50147247, 20.50147247, 16.35793304, 30.58232117, 30.58232117, 34.56784439, 25.40196991, 25.40196991, 10.85316372, 30.58232117, 30.58232117, 30.58232117, 10.85316372, 25.40196991, 30.58232117, 25.40196991, 10.85316372, 25.40196991, 30.58232117, 20.50147247, 25.40196991]"
1650,"[25.40196991, 20.50147247, 20.50147247, 30.58232117, 20.50147247, 20.50147247, 16.35793304, 25.40196991, 25.40196991, 20.50147247, 25.40196991, 20.50147247, 30.58232117, 25.40196991, 20.50147247, 25.40196991, 30.58232117, 20.50147247, 30.58232117, 20.50147247, 10.85316372, 20.50147247, 25.40196991, 20.50147247, 20.50147247]"
1651,"[25.40196991, 20.50147247, 20.50147247, 25.40196991, 16.35793304, 20.50147247, 16.35793304, 25.40196991, 25.40196991, 30.58232117, 20.50147247, 16.35793304, 30.58232117, 25.40196991, 25.40196991, 25.40196991, 30.58232117, 20.50147247, 20.50147247, 20.50147247, 30.58232117, 20.50147247, 30.58232117, 20.50147247, 20.50147247]"
1652,"[20.50147247, 20.50147247, 20.50147247, 25.40196991, 20.50147247, 20.50147247, 16.35793304, 20.50147247, 20.50147247, 30.58232117, 20.50147247, 16.35793304, 30.58232117, 25.40196991, 20.50147247, 25.40196991, 30.58232117, 20.50147247, 20.50147247, 16.35793304, 30.58232117, 20.50147247, 30.58232117, 20.50147247, 20.50147247]"
1653,"[20.50147247, 20.50147247, 20.50147247, 25.40196991, 16.35793304, 20.50147247, 16.35793304, 20.50147247, 20.50147247, 25.40196991, 20.50147247, 16.35793304, 25.40196991, 20.50147247, 16.35793304, 20.50147247, 30.58232117, 20.50147247, 20.50147247, 16.35793304, 30.58232117, 20.50147247, 25.40196991, 20.50147247, 20.50147247]"
1654,"[20.50147247, 20.50147247, 20.50147247, 20.50147247, 16.35793304, 20.50147247, 16.35793304, 20.50147247, 20.50147247, 25.40196991, 16.35793304, 16.35793304, 25.40196991, 20.50147247, 16.35793304, 20.50147247, 30.58232117, 20.50147247, 20.50147247, 16.35793304, 30.58232117, 20.50147247, 30.58232117, 20.50147247, 20.50147247]"
1655,"[20.50147247, 16.35793304, 20.50147247, 25.40196991, 16.35793304, 20.50147247, 16.35793304, 20.50147247, 20.50147247, 20.50147247, 16.35793304, 16.35793304, 30.58232117, 20.50147247, 25.40196991, 20.50147247, 25.40196991, 20.50147247, 20.50147247, 20.50147247, 30.58232117, 20.50147247, 30.58232117, 16.35793304, 20.50147247]"
1656,"[20.50147247, 20.50147247, 16.35793304, 25.40196991, 16.35793304, 20.50147247, 16.35793304, 20.50147247, 16.35793304, 16.35793304, 16.35793304, 16.35793304, 25.40196991, 20.50147247, 16.35793304, 20.50147247, 25.40196991, 16.35793304, 16.35793304, 16.35793304, 30.58232117, 20.50147247, 30.58232117, 20.50147247, 20.50147247]"
1657,"[20.50147247, 20.50147247, 20.50147247, 25.40196991, 16.35793304, 20.50147247, 16.35793304, 20.50147247, 20.50147247, 20.50147247, 16.35793304, 12.86226368, 25.40196991, 20.50147247, 16.35793304, 20.50147247, 30.58232117, 20.50147247, 16.35793304, 20.50147247, 25.40196991, 20.50147247, 30.58232117, 16.35793304, 20.50147247]"
1658,"[20.50147247, 20.50147247, 25.40196991, 20.50147247, 20.50147247, 20.50147247, 12.86226368, 20.50147247, 20.50147247, 25.40196991, 16.35793304, 16.35793304, 25.40196991, 20.50147247, 16.35793304, 20.50147247, 10.85316372, 20.50147247, 20.50147247, 20.50147247, 30.58232117, 20.50147247, 30.58232117, 20.50147247, 16.35793304]"
1659,"[20.50147247, 20.50147247, 25.40196991, 25.40196991, 20.50147247, 16.35793304, 16.35793304, 20.50147247, 20.50147247, 25.40196991, 20.50147247, 16.35793304, 25.40196991, 20.50147247, 20.50147247, 16.35793304, 25.40196991, 20.50147247, 20.50147247, 20.50147247, 30.58232117, 20.50147247, 10.85316372, 20.50147247, 20.50147247]"
1660,"[16.35793304, 16.35793304, 20.50147247, 20.50147247, 16.35793304, 20.50147247, 16.35793304, 20.50147247, 20.50147247, 16.35793304, 16.35793304, 16.35793304, 25.40196991, 20.50147247, 25.40196991, 20.50147247, 25.40196991, 16.35793304, 16.35793304, 20.50147247, 30.58232117, 20.50147247, 25.40196991, 20.50147247, 20.50147247]"
1661,"[16.35793304, 16.35793304, 16.35793304, 20.50147247, 16.35793304, 20.50147247, 12.86226368, 20.50147247, 20.50147247, 20.50147247, 16.35793304, 16.35793304, 25.40196991, 20.50147247, 16.35793304, 16.35793304, 25.40196991, 16.35793304, 16.35793304, 16.35793304, 25.40196991, 20.50147247, 25.40196991, 16.35793304, 20.50147247]"
1662,"[20.50147247, 16.35793304, 16.35793304, 20.50147247, 16.35793304, 20.50147247, 12.86226368, 20.50147247, 20.50147247, 30.58232117, 16.35793304, 16.35793304, 25.40196991, 20.50147247, 12.86226368, 16.35793304, 25.40196991, 16.35793304, 16.35793304, 16.35793304, 25.40196991, 20.50147247, 25.40196991, 16.35793304, 16.35793304]"
1663,"[16.35793304, 16.35793304, 16.35793304, 20.50147247, 16.35793304, 20.50147247, 12.86226368, 20.50147247, 16.35793304, 16.35793304, 16.35793304, 12.86226368, 25.40196991, 16.35793304, 16.35793304, 16.35793304, 25.40196991, 16.35793304, 16.35793304, 16.35793304, 25.40196991, 20.50147247, 30.58232117, 16.35793304, 16.35793304]"
1664,"[16.35793304, 16.35793304, 16.35793304, 20.50147247, 16.35793304, 20.50147247, 12.86226368, 20.50147247, 20.50147247, 20.50147247, 16.35793304, 12.86226368, 25.40196991, 20.50147247, 25.40196991, 16.35793304, 25.40196991, 16.35793304, 16.35793304, 16.35793304, 25.40196991, 20.50147247, 30.58232117, 16.35793304, 16.35793304]"
1665,"[16.35793304, 12.86226368, 16.35793304, 20.50147247, 16.35793304, 20.50147247, 12.86226368, 20.50147247, 16.35793304, 16.35793304, 16.35793304, 16.35793304, 25.40196991, 20.50147247, 20.50147247, 16.35793304, 25.40196991, 16.35793304, 16.35793304, 16.35793304, 25.40196991, 20.50147247, 30.58232117, 12.86226368, 16.35793304]"
1666,"[20.50147247, 16.35793304, 16.35793304, 20.50147247, 16.35793304, 20.50147247, 12.86226368, 25.40196991, 20.50147247, 20.50147247, 16.35793304, 16.35793304, 30.58232117, 20.50147247, 20.50147247, 16.35793304, 30.58232117, 20.50147247, 16.35793304, 16.35793304, 25.40196991, 20.50147247, 30.58232117, 16.35793304, 16.35793304]"
1667,"[20.50147247, 20.50147247, 20.50147247, 20.50147247, 16.35793304, 20.50147247, 12.86226368, 25.40196991, 20.50147247, 20.50147247, 20.50147247, 16.35793304, 30.58232117, 20.50147247, 20.50147247, 20.50147247, 30.58232117, 20.50147247, 20.50147247, 20.50147247, 30.58232117, 20.50147247, 30.58232117, 16.35793304, 20.50147247]"
1668,"[20.50147247, 20.50147247, 20.50147247, 20.50147247, 16.35793304, 20.50147247, 12.86226368, 25.40196991, 16.35793304, 25.40196991, 20.50147247, 16.35793304, 30.58232117, 20.50147247, 25.40196991, 20.50147247, 30.58232117, 20.50147247, 25.40196991, 20.50147247, 30.58232117, 20.50147247, 30.58232117, 20.50147247, 25.40196991]"
1669,"[25.40196991, 20.50147247, 16.35793304, 25.40196991, 16.35793304, 20.50147247, 16.35793304, 25.40196991, 25.40196991, 20.50147247, 20.50147247, 16.35793304, 30.58232117, 20.50147247, 25.40196991, 20.50147247, 30.58232117, 20.50147247, 25.40196991, 16.35793304, 30.58232117, 20.50147247, 30.58232117, 16.35793304, 20.50147247]"
1670,"[20.50147247, 16.35793304, 16.35793304, 25.40196991, 20.50147247, 20.50147247, 16.35793304, 25.40196991, 20.50147247, 20.50147247, 20.50147247, 16.35793304, 25.40196991, 20.50147247, 20.50147247, 20.50147247, 25.40196991, 16.35793304, 30.58232117, 16.35793304, 30.58232117, 20.50147247, 25.40196991, 16.35793304, 20.50147247]"
1671,"[16.35793304, 16.35793304, 16.35793304, 20.50147247, 16.35793304, 20.50147247, 47.77016068, 20.50147247, 20.50147247, 20.50147247, 16.35793304, 16.35793304, 25.40196991, 16.35793304, 20.50147247, 20.50147247, 30.58232117, 20.50147247, 30.58232117, 20.50147247, 25.40196991, 20.50147247, 25.40196991, 16.35793304, 20.50147247]"
1672,"[20.50147247, 10.85316372, 20.50147247, 20.50147247, 20.50147247, 20.50147247, 25.40196991, 20.50147247, 20.50147247, 20.50147247, 16.35793304, 12.86226368, 25.40196991, 16.35793304, 16.35793304, 25.40196991, 30.58232117, 20.50147247, 30.58232117, 20.50147247, 30.58232117, 20.50147247, 10.85316372, 16.35793304, 20.50147247]"
1673,"[20.50147247, 16.35793304, 20.50147247, 20.50147247, 20.50147247, 20.50147247, 25.40196991, 25.40196991, 20.50147247, 16.35793304, 16.35793304, 16.35793304, 25.40196991, 20.50147247, 20.50147247, 30.58232117, 10.85316372, 20.50147247, 30.58232117, 20.50147247, 30.58232117, 25.40196991, 30.58232117, 16.35793304, 20.50147247]"
1674,"[20.50147247, 20.50147247, 20.50147247, 25.40196991, 20.50147247, 16.35793304, 25.40196991, 25.40196991, 20.50147247, 20.50147247, 16.35793304, 16.35793304, 25.40196991, 20.50147247, 25.40196991, 25.40196991, 10.85316372, 25.40196991, 30.58232117, 20.50147247, 30.58232117, 25.40196991, 10.85316372, 20.50147247, 20.50147247]"
1675,"[20.50147247, 16.35793304, 16.35793304, 20.50147247, 16.35793304, 20.50147247, 25.40196991, 20.50147247, 20.50147247, 25.40196991, 16.35793304, 16.35793304, 25.40196991, 20.50147247, 20.50147247, 30.58232117, 30.58232117, 20.50147247, 25.40196991, 20.50147247, 30.58232117, 25.40196991, 30.58232117, 20.50147247, 20.50147247]"
1676,"[16.35793304, 16.35793304, 16.35793304, 20.50147247, 16.35793304, 20.50147247, 20.50147247, 20.50147247, 20.50147247, 20.50147247, 16.35793304, 16.35793304, 25.40196991, 20.50147247, 20.50147247, 10.85316372, 30.58232117, 16.35793304, 25.40196991, 20.50147247, 30.58232117, 20.50147247, 25.40196991, 20.50147247, 20.50147247]"
1677,"[16.35793304, 16.35793304, 20.50147247, 20.50147247, 20.50147247, 20.50147247, 25.40196991, 25.40196991, 16.35793304, 20.50147247, 16.35793304, 16.35793304, 25.40196991, 20.50147247, 25.40196991, 25.40196991, 25.40196991, 20.50147247, 20.50147247, 20.50147247, 30.58232117, 20.50147247, 30.58232117, 20.50147247, 25.40196991]"
1678,"[20.50147247, 16.35793304, 20.50147247, 20.50147247, 20.50147247, 16.35793304, 20.50147247, 25.40196991, 25.40196991, 16.35793304, 16.35793304, 16.35793304, 25.40196991, 20.50147247, 20.50147247, 25.40196991, 25.40196991, 20.50147247, 20.50147247, 20.50147247, 30.58232117, 20.50147247, 30.58232117, 20.50147247, 25.40196991]"
1679,"[16.35793304, 16.35793304, 16.35793304, 20.50147247, 16.35793304, 20.50147247, 20.50147247, 20.50147247, 20.50147247, 30.58232117, 16.35793304, 16.35793304, 25.40196991, 20.50147247, 20.50147247, 34.56784439, 25.40196991, 20.50147247, 20.50147247, 16.35793304, 30.58232117, 20.50147247, 25.40196991, 20.50147247, 20.50147247]"
1680,"[20.50147247, 16.35793304, 16.35793304, 20.50147247, 16.35793304, 20.50147247, 16.35793304, 20.50147247, 16.35793304, 25.40196991, 16.35793304, 12.86226368, 25.40196991, 20.50147247, 20.50147247, 30.58232117, 25.40196991, 16.35793304, 20.50147247, 16.35793304, 25.40196991, 20.50147247, 30.58232117, 16.35793304, 20.50147247]"
1681,"[16.35793304, 16.35793304, 16.35793304, 20.50147247, 16.35793304, 16.35793304, 16.35793304, 20.50147247, 16.35793304, 20.50147247, 16.35793304, 16.35793304, 25.40196991, 20.50147247, 16.35793304, 30.58232117, 25.40196991, 16.35793304, 20.50147247, 16.35793304, 25.40196991, 20.50147247, 30.58232117, 16.35793304, 16.35793304]"
1682,"[20.50147247, 16.35793304, 16.35793304, 20.50147247, 16.35793304, 20.50147247, 16.35793304, 20.50147247, 16.35793304, 12.86226368, 16.35793304, 16.35793304, 25.40196991, 20.50147247, 20.50147247, 16.35793304, 25.40196991, 16.35793304, 20.50147247, 16.35793304, 25.40196991, 20.50147247, 25.40196991, 16.35793304, 20.50147247]"
1683,"[20.50147247, 16.35793304, 16.35793304, 20.50147247, 16.35793304, 20.50147247, 16.35793304, 20.50147247, 16.35793304, 25.40196991, 16.35793304, 16.35793304, 25.40196991, 20.50147247, 16.35793304, 16.35793304, 25.40196991, 16.35793304, 20.50147247, 16.35793304, 25.40196991, 20.50147247, 25.40196991, 16.35793304, 20.50147247]"
1684,"[20.50147247, 16.35793304, 16.35793304, 20.50147247, 16.35793304, 16.35793304, 16.35793304, 20.50147247, 16.35793304, 16.35793304, 16.35793304, 16.35793304, 25.40196991, 20.50147247, 16.35793304, 16.35793304, 25.40196991, 16.35793304, 20.50147247, 16.35793304, 25.40196991, 20.50147247, 25.40196991, 16.35793304, 16.35793304]"
1685,"[16.35793304, 16.35793304, 16.35793304, 20.50147247, 20.50147247, 16.35793304, 16.35793304, 20.50147247, 16.35793304, 25.40196991, 16.35793304, 16.35793304, 25.40196991, 20.50147247, 16.35793304, 16.35793304, 25.40196991, 16.35793304, 20.50147247, 16.35793304, 25.40196991, 20.50147247, 30.58232117, 16.35793304, 16.35793304]"
1686,"[20.50147247, 16.35793304, 16.35793304, 20.50147247, 16.35793304, 20.50147247, 16.35793304, 20.50147247, 16.35793304, 25.40196991, 16.35793304, 16.35793304, 25.40196991, 20.50147247, 20.50147247, 20.50147247, 25.40196991, 16.35793304, 20.50147247, 16.35793304, 25.40196991, 20.50147247, 10.85316372, 16.35793304, 20.50147247]"
1687,"[20.50147247, 16.35793304, 16.35793304, 20.50147247, 16.35793304, 20.50147247, 16.35793304, 20.50147247, 16.35793304, 16.35793304, 16.35793304, 16.35793304, 25.40196991, 20.50147247, 16.35793304, 16.35793304, 25.40196991, 16.35793304, 20.50147247, 16.35793304, 25.40196991, 20.50147247, 30.58232117, 16.35793304, 20.50147247]"
1688,"[20.50147247, 16.35793304, 16.35793304, 20.50147247, 16.35793304, 20.50147247, 20.50147247, 20.50147247, 20.50147247, 25.40196991, 16.35793304, 16.35793304, 25.40196991, 20.50147247, 16.35793304, 20.50147247, 25.40196991, 16.35793304, 25.40196991, 16.35793304, 25.40196991, 20.50147247, 25.40196991, 16.35793304, 20.50147247]"
1689,"[20.50147247, 16.35793304, 16.35793304, 20.50147247, 16.35793304, 20.50147247, 20.50147247, 20.50147247, 16.35793304, 10.85316372, 16.35793304, 16.35793304, 25.40196991, 20.50147247, 20.50147247, 16.35793304, 25.40196991, 20.50147247, 25.40196991, 16.35793304, 25.40196991, 20.50147247, 25.40196991, 16.35793304, 20.50147247]"
1690,"[16.35793304, 16.35793304, 16.35793304, 20.50147247, 16.35793304, 20.50147247, 20.50147247, 20.50147247, 16.35793304, 20.50147247, 16.35793304, 16.35793304, 25.40196991, 20.50147247, 20.50147247, 16.35793304, 25.40196991, 20.50147247, 25.40196991, 16.35793304, 25.40196991, 20.50147247, 30.58232117, 16.35793304, 16.35793304]"
1691,"[16.35793304, 16.35793304, 16.35793304, 20.50147247, 16.35793304, 20.50147247, 20.50147247, 20.50147247, 20.50147247, 20.50147247, 16.35793304, 16.35793304, 25.40196991, 20.50147247, 20.50147247, 20.50147247, 30.58232117, 20.50147247, 25.40196991, 20.50147247, 25.40196991, 20.50147247, 30.58232117, 16.35793304, 16.35793304]"
1692,"[20.50147247, 20.50147247, 20.50147247, 20.50147247, 16.35793304, 20.50147247, 25.40196991, 25.40196991, 20.50147247, 25.40196991, 20.50147247, 16.35793304, 25.40196991, 20.50147247, 30.58232117, 25.40196991, 10.85316372, 20.50147247, 30.58232117, 20.50147247, 30.58232117, 25.40196991, 30.58232117, 20.50147247, 20.50147247]"
1693,"[20.50147247, 20.50147247, 20.50147247, 20.50147247, 16.35793304, 20.50147247, 25.40196991, 25.40196991, 25.40196991, 25.40196991, 16.35793304, 16.35793304, 25.40196991, 20.50147247, 20.50147247, 30.58232117, 30.58232117, 16.35793304, 10.85316372, 16.35793304, 30.58232117, 20.50147247, 10.85316372, 20.50147247, 25.40196991]"
1694,"[20.50147247, 20.50147247, 20.50147247, 20.50147247, 20.50147247, 20.50147247, 25.40196991, 25.40196991, 16.35793304, 25.40196991, 16.35793304, 16.35793304, 25.40196991, 20.50147247, 20.50147247, 34.56784439, 10.85316372, 20.50147247, 30.58232117, 16.35793304, 30.58232117, 25.40196991, 30.58232117, 20.50147247, 20.50147247]"
1695,"[16.35793304, 16.35793304, 16.35793304, 20.50147247, 16.35793304, 16.35793304, 20.50147247, 20.50147247, 20.50147247, 25.40196991, 16.35793304, 16.35793304, 25.40196991, 20.50147247, 16.35793304, 25.40196991, 30.58232117, 20.50147247, 25.40196991, 16.35793304, 30.58232117, 20.50147247, 30.58232117, 20.50147247, 25.40196991]"
1696,"[16.35793304, 16.35793304, 16.35793304, 20.50147247, 16.35793304, 20.50147247, 20.50147247, 20.50147247, 20.50147247, 16.35793304, 16.35793304, 16.35793304, 25.40196991, 20.50147247, 16.35793304, 25.40196991, 25.40196991, 25.40196991, 20.50147247, 20.50147247, 30.58232117, 20.50147247, 25.40196991, 20.50147247, 20.50147247]"
1697,"[20.50147247, 16.35793304, 16.35793304, 20.50147247, 16.35793304, 20.50147247, 20.50147247, 20.50147247, 20.50147247, 20.50147247, 16.35793304, 16.35793304, 25.40196991, 20.50147247, 16.35793304, 30.58232117, 25.40196991, 20.50147247, 20.50147247, 20.50147247, 25.40196991, 20.50147247, 25.40196991, 20.50147247, 25.40196991]"
1698,"[20.50147247, 16.35793304, 16.35793304, 20.50147247, 16.35793304, 20.50147247, 20.50147247, 20.50147247, 20.50147247, 20.50147247, 16.35793304, 16.35793304, 25.40196991, 20.50147247, 20.50147247, 30.58232117, 25.40196991, 25.40196991, 20.50147247, 16.35793304, 25.40196991, 20.50147247, 30.58232117, 16.35793304, 20.50147247]"
1699,"[16.35793304, 16.35793304, 16.35793304, 20.50147247, 16.35793304, 16.35793304, 20.50147247, 20.50147247, 16.35793304, 20.50147247, 16.35793304, 16.35793304, 25.40196991, 20.50147247, 16.35793304, 25.40196991, 25.40196991, 20.50147247, 20.50147247, 16.35793304, 25.40196991, 20.50147247, 30.58232117, 16.35793304, 20.50147247]"
1700,"[16.35793304, 16.35793304, 12.86226368, 20.50147247, 16.35793304, 20.50147247, 16.35793304, 20.50147247, 20.50147247, 20.50147247, 16.35793304, 12.86226368, 20.50147247, 20.50147247, 20.50147247, 25.40196991, 25.40196991, 16.35793304, 20.50147247, 16.35793304, 25.40196991, 20.50147247, 25.40196991, 16.35793304, 20.50147247]"
1701,"[16.35793304, 12.86226368, 12.86226368, 20.50147247, 12.86226368, 20.50147247, 16.35793304, 16.35793304, 16.35793304, 20.50147247, 16.35793304, 12.86226368, 20.50147247, 16.35793304, 12.86226368, 25.40196991, 20.50147247, 12.86226368, 16.35793304, 12.86226368, 25.40196991, 16.35793304, 25.40196991, 16.35793304, 16.35793304]"
1702,"[16.35793304, 12.86226368, 12.86226368, 16.35793304, 12.86226368, 16.35793304, 16.35793304, 16.35793304, 16.35793304, 12.86226368, 12.86226368, 12.86226368, 20.50147247, 16.35793304, 16.35793304, 16.35793304, 20.50147247, 12.86226368, 16.35793304, 12.86226368, 25.40196991, 16.35793304, 16.35793304, 12.86226368, 20.50147247]"
1703,"[16.35793304, 12.86226368, 12.86226368, 16.35793304, 12.86226368, 20.50147247, 16.35793304, 16.35793304, 16.35793304, 12.86226368, 12.86226368, 12.86226368, 20.50147247, 16.35793304, 16.35793304, 16.35793304, 20.50147247, 12.86226368, 16.35793304, 12.86226368, 20.50147247, 16.35793304, 30.58232117, 12.86226368, 16.35793304]"
1704,"[16.35793304, 12.86226368, 12.86226368, 16.35793304, 12.86226368, 20.50147247, 16.35793304, 16.35793304, 12.86226368, 20.50147247, 12.86226368, 12.86226368, 20.50147247, 16.35793304, 16.35793304, 16.35793304, 20.50147247, 16.35793304, 16.35793304, 12.86226368, 25.40196991, 16.35793304, 20.50147247, 12.86226368, 16.35793304]"
1705,"[16.35793304, 12.86226368, 12.86226368, 16.35793304, 12.86226368, 16.35793304, 12.86226368, 20.50147247, 12.86226368, 12.86226368, 12.86226368, 12.86226368, 20.50147247, 16.35793304, 12.86226368, 12.86226368, 20.50147247, 16.35793304, 16.35793304, 12.86226368, 25.40196991, 16.35793304, 25.40196991, 12.86226368, 12.86226368]"
1706,"[16.35793304, 12.86226368, 12.86226368, 16.35793304, 12.86226368, 20.50147247, 16.35793304, 16.35793304, 12.86226368, 16.35793304, 12.86226368, 12.86226368, 20.50147247, 16.35793304, 12.86226368, 12.86226368, 20.50147247, 12.86226368, 16.35793304, 12.86226368, 20.50147247, 16.35793304, 25.40196991, 12.86226368, 16.35793304]"
1707,"[16.35793304, 12.86226368, 12.86226368, 16.35793304, 12.86226368, 16.35793304, 12.86226368, 20.50147247, 16.35793304, 25.40196991, 12.86226368, 12.86226368, 20.50147247, 16.35793304, 16.35793304, 12.86226368, 20.50147247, 16.35793304, 16.35793304, 12.86226368, 25.40196991, 16.35793304, 25.40196991, 16.35793304, 20.50147247]"
1708,"[12.86226368, 12.86226368, 12.86226368, 16.35793304, 16.35793304, 20.50147247, 12.86226368, 20.50147247, 16.35793304, 20.50147247, 12.86226368, 12.86226368, 20.50147247, 16.35793304, 16.35793304, 16.35793304, 20.50147247, 12.86226368, 16.35793304, 16.35793304, 25.40196991, 16.35793304, 30.58232117, 12.86226368, 16.35793304]"
1709,"[16.35793304, 12.86226368, 12.86226368, 16.35793304, 16.35793304, 20.50147247, 16.35793304, 20.50147247, 16.35793304, 25.40196991, 12.86226368, 12.86226368, 20.50147247, 16.35793304, 16.35793304, 16.35793304, 20.50147247, 16.35793304, 16.35793304, 12.86226368, 25.40196991, 16.35793304, 20.50147247, 12.86226368, 16.35793304]"
1710,"[16.35793304, 12.86226368, 12.86226368, 20.50147247, 12.86226368, 20.50147247, 12.86226368, 20.50147247, 16.35793304, 16.35793304, 16.35793304, 12.86226368, 20.50147247, 16.35793304, 16.35793304, 16.35793304, 25.40196991, 16.35793304, 16.35793304, 12.86226368, 25.40196991, 16.35793304, 25.40196991, 16.35793304, 16.35793304]"
1711,"[16.35793304, 16.35793304, 16.35793304, 16.35793304, 16.35793304, 20.50147247, 12.86226368, 20.50147247, 16.35793304, 25.40196991, 12.86226368, 12.86226368, 25.40196991, 16.35793304, 16.35793304, 16.35793304, 25.40196991, 16.35793304, 16.35793304, 16.35793304, 25.40196991, 20.50147247, 25.40196991, 16.35793304, 16.35793304]"
1712,"[16.35793304, 16.35793304, 16.35793304, 20.50147247, 16.35793304, 20.50147247, 16.35793304, 20.50147247, 16.35793304, 20.50147247, 16.35793304, 12.86226368, 25.40196991, 16.35793304, 20.50147247, 16.35793304, 25.40196991, 20.50147247, 16.35793304, 16.35793304, 25.40196991, 20.50147247, 25.40196991, 16.35793304, 16.35793304]"
1713,"[16.35793304, 16.35793304, 16.35793304, 20.50147247, 16.35793304, 20.50147247, 16.35793304, 20.50147247, 16.35793304, 16.35793304, 16.35793304, 12.86226368, 25.40196991, 20.50147247, 12.86226368, 20.50147247, 25.40196991, 16.35793304, 16.35793304, 16.35793304, 25.40196991, 20.50147247, 25.40196991, 16.35793304, 16.35793304]"
1714,"[20.50147247, 16.35793304, 16.35793304, 20.50147247, 20.50147247, 20.50147247, 16.35793304, 20.50147247, 16.35793304, 12.86226368, 16.35793304, 16.35793304, 25.40196991, 16.35793304, 16.35793304, 16.35793304, 25.40196991, 16.35793304, 16.35793304, 16.35793304, 25.40196991, 20.50147247, 25.40196991, 16.35793304, 16.35793304]"
1715,"[20.50147247, 16.35793304, 16.35793304, 20.50147247, 20.50147247, 20.50147247, 16.35793304, 20.50147247, 16.35793304, 12.86226368, 16.35793304, 16.35793304, 25.40196991, 20.50147247, 16.35793304, 20.50147247, 25.40196991, 16.35793304, 20.50147247, 16.35793304, 25.40196991, 20.50147247, 30.58232117, 16.35793304, 20.50147247]"
1716,"[16.35793304, 16.35793304, 16.35793304, 20.50147247, 16.35793304, 20.50147247, 16.35793304, 20.50147247, 16.35793304, 20.50147247, 16.35793304, 12.86226368, 25.40196991, 16.35793304, 12.86226368, 20.50147247, 25.40196991, 16.35793304, 20.50147247, 12.86226368, 25.40196991, 16.35793304, 25.40196991, 16.35793304, 16.35793304]"
1717,"[16.35793304, 12.86226368, 12.86226368, 20.50147247, 12.86226368, 20.50147247, 16.35793304, 20.50147247, 16.35793304, 25.40196991, 16.35793304, 12.86226368, 20.50147247, 16.35793304, 16.35793304, 20.50147247, 25.40196991, 12.86226368, 20.50147247, 12.86226368, 25.40196991, 16.35793304, 25.40196991, 16.35793304, 16.35793304]"
1718,"[16.35793304, 12.86226368, 12.86226368, 16.35793304, 12.86226368, 20.50147247, 12.86226368, 20.50147247, 16.35793304, 16.35793304, 12.86226368, 12.86226368, 20.50147247, 16.35793304, 20.50147247, 20.50147247, 20.50147247, 12.86226368, 20.50147247, 12.86226368, 25.40196991, 16.35793304, 20.50147247, 12.86226368, 16.35793304]"
1719,"[16.35793304, 12.86226368, 12.86226368, 16.35793304, 12.86226368, 20.50147247, 12.86226368, 20.50147247, 16.35793304, 16.35793304, 12.86226368, 12.86226368, 20.50147247, 16.35793304, 20.50147247, 20.50147247, 20.50147247, 12.86226368, 20.50147247, 12.86226368, 25.40196991, 16.35793304, 25.40196991, 12.86226368, 16.35793304]"
1720,"[16.35793304, 12.86226368, 12.86226368, 16.35793304, 12.86226368, 20.50147247, 12.86226368, 20.50147247, 12.86226368, 12.86226368, 16.35793304, 12.86226368, 20.50147247, 16.35793304, 16.35793304, 20.50147247, 20.50147247, 12.86226368, 20.50147247, 16.35793304, 25.40196991, 16.35793304, 25.40196991, 12.86226368, 16.35793304]"
1721,"[12.86226368, 12.86226368, 12.86226368, 16.35793304, 12.86226368, 20.50147247, 12.86226368, 16.35793304, 12.86226368, 16.35793304, 16.35793304, 12.86226368, 20.50147247, 16.35793304, 16.35793304, 20.50147247, 25.40196991, 16.35793304, 20.50147247, 12.86226368, 25.40196991, 16.35793304, 20.50147247, 12.86226368, 16.35793304]"
1722,"[16.35793304, 12.86226368, 12.86226368, 16.35793304, 12.86226368, 20.50147247, 12.86226368, 20.50147247, 12.86226368, 16.35793304, 16.35793304, 12.86226368, 20.50147247, 16.35793304, 12.86226368, 20.50147247, 20.50147247, 16.35793304, 16.35793304, 16.35793304, 25.40196991, 16.35793304, 25.40196991, 12.86226368, 16.35793304]"
1723,"[16.35793304, 12.86226368, 12.86226368, 16.35793304, 12.86226368, 20.50147247, 12.86226368, 20.50147247, 16.35793304, 16.35793304, 16.35793304, 12.86226368, 20.50147247, 16.35793304, 16.35793304, 20.50147247, 20.50147247, 12.86226368, 16.35793304, 12.86226368, 25.40196991, 16.35793304, 25.40196991, 12.86226368, 20.50147247]"
1724,"[16.35793304, 12.86226368, 12.86226368, 16.35793304, 12.86226368, 20.50147247, 12.86226368, 20.50147247, 12.86226368, 16.35793304, 16.35793304, 12.86226368, 20.50147247, 16.35793304, 20.50147247, 20.50147247, 20.50147247, 16.35793304, 16.35793304, 12.86226368, 25.40196991, 16.35793304, 20.50147247, 12.86226368, 16.35793304]"
1725,"[16.35793304, 12.86226368, 12.86226368, 20.50147247, 12.86226368, 20.50147247, 12.86226368, 20.50147247, 16.35793304, 16.35793304, 16.35793304, 12.86226368, 20.50147247, 16.35793304, 16.35793304, 25.40196991, 20.50147247, 16.35793304, 16.35793304, 12.86226368, 25.40196991, 16.35793304, 25.40196991, 12.86226368, 16.35793304]"
1726,"[16.35793304, 16.35793304, 12.86226368, 20.50147247, 12.86226368, 20.50147247, 12.86226368, 20.50147247, 12.86226368, 25.40196991, 16.35793304, 12.86226368, 20.50147247, 16.35793304, 16.35793304, 20.50147247, 20.50147247, 12.86226368, 16.35793304, 12.86226368, 25.40196991, 16.35793304, 30.58232117, 12.86226368, 16.35793304]"
1727,"[16.35793304, 12.86226368, 12.86226368, 20.50147247, 12.86226368, 20.50147247, 12.86226368, 20.50147247, 16.35793304, 12.86226368, 16.35793304, 12.86226368, 20.50147247, 16.35793304, 16.35793304, 20.50147247, 20.50147247, 12.86226368, 16.35793304, 16.35793304, 25.40196991, 16.35793304, 20.50147247, 12.86226368, 16.35793304]"
1728,"[12.86226368, 12.86226368, 12.86226368, 20.50147247, 12.86226368, 20.50147247, 12.86226368, 20.50147247, 16.35793304, 20.50147247, 16.35793304, 12.86226368, 20.50147247, 16.35793304, 12.86226368, 16.35793304, 20.50147247, 12.86226368, 16.35793304, 12.86226368, 25.40196991, 16.35793304, 25.40196991, 12.86226368, 16.35793304]"
1729,"[12.86226368, 12.86226368, 12.86226368, 20.50147247, 12.86226368, 20.50147247, 12.86226368, 16.35793304, 16.35793304, 12.86226368, 16.35793304, 12.86226368, 20.50147247, 16.35793304, 12.86226368, 16.35793304, 20.50147247, 12.86226368, 16.35793304, 12.86226368, 25.40196991, 16.35793304, 25.40196991, 12.86226368, 20.50147247]"
1730,"[12.86226368, 12.86226368, 12.86226368, 20.50147247, 12.86226368, 20.50147247, 12.86226368, 20.50147247, 16.35793304, 20.50147247, 16.35793304, 12.86226368, 20.50147247, 16.35793304, 16.35793304, 16.35793304, 20.50147247, 16.35793304, 16.35793304, 12.86226368, 25.40196991, 16.35793304, 25.40196991, 12.86226368, 16.35793304]"
1731,"[16.35793304, 16.35793304, 12.86226368, 20.50147247, 12.86226368, 20.50147247, 12.86226368, 20.50147247, 16.35793304, 16.35793304, 16.35793304, 12.86226368, 20.50147247, 16.35793304, 12.86226368, 16.35793304, 20.50147247, 12.86226368, 20.50147247, 12.86226368, 25.40196991, 16.35793304, 25.40196991, 12.86226368, 16.35793304]"
1732,"[12.86226368, 12.86226368, 12.86226368, 16.35793304, 12.86226368, 20.50147247, 12.86226368, 20.50147247, 12.86226368, 16.35793304, 16.35793304, 12.86226368, 20.50147247, 16.35793304, 12.86226368, 16.35793304, 20.50147247, 12.86226368, 20.50147247, 12.86226368, 25.40196991, 16.35793304, 30.58232117, 12.86226368, 16.35793304]"
1733,"[12.86226368, 12.86226368, 12.86226368, 20.50147247, 12.86226368, 20.50147247, 12.86226368, 20.50147247, 12.86226368, 25.40196991, 16.35793304, 12.86226368, 20.50147247, 16.35793304, 20.50147247, 16.35793304, 25.40196991, 16.35793304, 20.50147247, 12.86226368, 25.40196991, 16.35793304, 25.40196991, 12.86226368, 20.50147247]"
1734,"[16.35793304, 12.86226368, 12.86226368, 16.35793304, 12.86226368, 20.50147247, 12.86226368, 20.50147247, 12.86226368, 20.50147247, 16.35793304, 12.86226368, 20.50147247, 16.35793304, 16.35793304, 16.35793304, 20.50147247, 16.35793304, 20.50147247, 12.86226368, 25.40196991, 16.35793304, 30.58232117, 12.86226368, 16.35793304]"
1735,"[16.35793304, 12.86226368, 12.86226368, 16.35793304, 12.86226368, 20.50147247, 12.86226368, 20.50147247, 12.86226368, 11.05874348, 16.35793304, 12.86226368, 20.50147247, 16.35793304, 20.50147247, 16.35793304, 25.40196991, 16.35793304, 20.50147247, 12.86226368, 25.40196991, 16.35793304, 20.50147247, 12.86226368, 16.35793304]"
1736,"[16.35793304, 12.86226368, 12.86226368, 16.35793304, 12.86226368, 20.50147247, 12.86226368, 20.50147247, 12.86226368, 12.86226368, 16.35793304, 12.86226368, 20.50147247, 16.35793304, 20.50147247, 16.35793304, 20.50147247, 12.86226368, 20.50147247, 12.86226368, 25.40196991, 16.35793304, 25.40196991, 12.86226368, 16.35793304]"
1737,"[16.35793304, 12.86226368, 12.86226368, 16.35793304, 12.86226368, 20.50147247, 12.86226368, 20.50147247, 16.35793304, 30.58232117, 16.35793304, 12.86226368, 20.50147247, 16.35793304, 16.35793304, 16.35793304, 25.40196991, 16.35793304, 20.50147247, 12.86226368, 25.40196991, 16.35793304, 20.50147247, 16.35793304, 16.35793304]"
1738,"[16.35793304, 12.86226368, 12.86226368, 20.50147247, 12.86226368, 20.50147247, 12.86226368, 20.50147247, 12.86226368, 20.50147247, 16.35793304, 12.86226368, 25.40196991, 16.35793304, 16.35793304, 16.35793304, 25.40196991, 16.35793304, 20.50147247, 12.86226368, 25.40196991, 16.35793304, 20.50147247, 12.86226368, 16.35793304]"
1739,"[16.35793304, 12.86226368, 12.86226368, 20.50147247, 12.86226368, 20.50147247, 12.86226368, 20.50147247, 16.35793304, 20.50147247, 16.35793304, 12.86226368, 20.50147247, 16.35793304, 16.35793304, 20.50147247, 25.40196991, 16.35793304, 20.50147247, 12.86226368, 25.40196991, 16.35793304, 25.40196991, 12.86226368, 16.35793304]"
1740,"[16.35793304, 12.86226368, 12.86226368, 20.50147247, 12.86226368, 20.50147247, 12.86226368, 20.50147247, 16.35793304, 11.05874348, 16.35793304, 12.86226368, 20.50147247, 16.35793304, 16.35793304, 25.40196991, 25.40196991, 16.35793304, 20.50147247, 12.86226368, 25.40196991, 16.35793304, 25.40196991, 12.86226368, 16.35793304]"
1741,"[16.35793304, 12.86226368, 12.86226368, 20.50147247, 12.86226368, 16.35793304, 12.86226368, 20.50147247, 16.35793304, 16.35793304, 16.35793304, 12.86226368, 20.50147247, 16.35793304, 20.50147247, 20.50147247, 25.40196991, 12.86226368, 20.50147247, 12.86226368, 25.40196991, 16.35793304, 25.40196991, 16.35793304, 16.35793304]"
1742,"[16.35793304, 12.86226368, 12.86226368, 20.50147247, 12.86226368, 20.50147247, 12.86226368, 20.50147247, 12.86226368, 16.35793304, 16.35793304, 12.86226368, 20.50147247, 16.35793304, 16.35793304, 16.35793304, 25.40196991, 16.35793304, 20.50147247, 16.35793304, 25.40196991, 16.35793304, 30.58232117, 12.86226368, 16.35793304]"
1743,"[16.35793304, 12.86226368, 12.86226368, 20.50147247, 16.35793304, 20.50147247, 12.86226368, 20.50147247, 16.35793304, 16.35793304, 16.35793304, 12.86226368, 20.50147247, 16.35793304, 16.35793304, 25.40196991, 25.40196991, 20.50147247, 20.50147247, 16.35793304, 25.40196991, 16.35793304, 25.40196991, 12.86226368, 20.50147247]"
1744,"[16.35793304, 12.86226368, 16.35793304, 20.50147247, 16.35793304, 20.50147247, 12.86226368, 20.50147247, 16.35793304, 25.40196991, 16.35793304, 12.86226368, 20.50147247, 16.35793304, 20.50147247, 25.40196991, 25.40196991, 20.50147247, 20.50147247, 12.86226368, 25.40196991, 16.35793304, 30.58232117, 12.86226368, 16.35793304]"
1745,"[12.86226368, 16.35793304, 12.86226368, 20.50147247, 20.50147247, 20.50147247, 12.86226368, 20.50147247, 16.35793304, 25.40196991, 16.35793304, 16.35793304, 20.50147247, 20.50147247, 20.50147247, 30.58232117, 25.40196991, 20.50147247, 20.50147247, 12.86226368, 25.40196991, 20.50147247, 30.58232117, 12.86226368, 20.50147247]"
1746,"[16.35793304, 12.86226368, 16.35793304, 20.50147247, 25.40196991, 20.50147247, 12.86226368, 20.50147247, 16.35793304, 25.40196991, 16.35793304, 12.86226368, 20.50147247, 20.50147247, 20.50147247, 10.85316372, 25.40196991, 16.35793304, 20.50147247, 16.35793304, 25.40196991, 20.50147247, 25.40196991, 12.86226368, 20.50147247]"
1747,"[16.35793304, 12.86226368, 12.86226368, 20.50147247, 30.58232117, 20.50147247, 12.86226368, 20.50147247, 16.35793304, 20.50147247, 16.35793304, 12.86226368, 20.50147247, 16.35793304, 20.50147247, 30.58232117, 25.40196991, 16.35793304, 20.50147247, 12.86226368, 25.40196991, 16.35793304, 25.40196991, 16.35793304, 16.35793304]"
1748,"[16.35793304, 16.35793304, 12.86226368, 16.35793304, 30.58232117, 16.35793304, 12.86226368, 20.50147247, 12.86226368, 25.40196991, 16.35793304, 12.86226368, 20.50147247, 16.35793304, 20.50147247, 20.50147247, 25.40196991, 12.86226368, 16.35793304, 12.86226368, 25.40196991, 16.35793304, 25.40196991, 16.35793304, 16.35793304]"
1749,"[12.86226368, 12.86226368, 12.86226368, 16.35793304, 25.40196991, 20.50147247, 12.86226368, 20.50147247, 16.35793304, 20.50147247, 16.35793304, 12.86226368, 20.50147247, 20.50147247, 16.35793304, 20.50147247, 25.40196991, 16.35793304, 16.35793304, 12.86226368, 25.40196991, 16.35793304, 25.40196991, 12.86226368, 16.35793304]"
1750,"[16.35793304, 12.86226368, 12.86226368, 16.35793304, 30.58232117, 20.50147247, 12.86226368, 20.50147247, 16.35793304, 20.50147247, 16.35793304, 12.86226368, 20.50147247, 20.50147247, 12.86226368, 16.35793304, 25.40196991, 12.86226368, 16.35793304, 12.86226368, 25.40196991, 16.35793304, 25.40196991, 12.86226368, 16.35793304]"
1751,"[16.35793304, 12.86226368, 12.86226368, 16.35793304, 30.58232117, 20.50147247, 12.86226368, 20.50147247, 16.35793304, 20.50147247, 16.35793304, 12.86226368, 20.50147247, 20.50147247, 20.50147247, 16.35793304, 25.40196991, 16.35793304, 16.35793304, 12.86226368, 25.40196991, 16.35793304, 25.40196991, 12.86226368, 16.35793304]"
1752,"[16.35793304, 12.86226368, 16.35793304, 20.50147247, 20.50147247, 20.50147247, 12.86226368, 20.50147247, 16.35793304, 25.40196991, 20.50147247, 12.86226368, 25.40196991, 20.50147247, 16.35793304, 20.50147247, 25.40196991, 16.35793304, 16.35793304, 16.35793304, 25.40196991, 16.35793304, 20.50147247, 16.35793304, 20.50147247]"
1753,"[16.35793304, 16.35793304, 16.35793304, 20.50147247, 20.50147247, 20.50147247, 12.86226368, 20.50147247, 16.35793304, 16.35793304, 20.50147247, 16.35793304, 25.40196991, 20.50147247, 25.40196991, 20.50147247, 25.40196991, 16.35793304, 16.35793304, 16.35793304, 25.40196991, 16.35793304, 25.40196991, 16.35793304, 20.50147247]"
1754,"[20.50147247, 16.35793304, 16.35793304, 20.50147247, 20.50147247, 20.50147247, 16.35793304, 20.50147247, 16.35793304, 16.35793304, 20.50147247, 16.35793304, 25.40196991, 16.35793304, 16.35793304, 20.50147247, 25.40196991, 16.35793304, 16.35793304, 16.35793304, 25.40196991, 20.50147247, 30.58232117, 16.35793304, 20.50147247]"
1755,"[16.35793304, 16.35793304, 16.35793304, 20.50147247, 16.35793304, 20.50147247, 12.86226368, 20.50147247, 12.86226368, 20.50147247, 20.50147247, 12.86226368, 20.50147247, 16.35793304, 12.86226368, 16.35793304, 25.40196991, 16.35793304, 20.50147247, 12.86226368, 25.40196991, 16.35793304, 30.58232117, 16.35793304, 16.35793304]"
1756,"[16.35793304, 12.86226368, 12.86226368, 20.50147247, 16.35793304, 20.50147247, 12.86226368, 20.50147247, 12.86226368, 12.86226368, 16.35793304, 12.86226368, 20.50147247, 16.35793304, 16.35793304, 16.35793304, 25.40196991, 12.86226368, 20.50147247, 16.35793304, 25.40196991, 16.35793304, 25.40196991, 12.86226368, 16.35793304]"
1757,"[16.35793304, 16.35793304, 12.86226368, 20.50147247, 12.86226368, 20.50147247, 12.86226368, 20.50147247, 12.86226368, 16.35793304, 16.35793304, 12.86226368, 20.50147247, 16.35793304, 20.50147247, 16.35793304, 25.40196991, 12.86226368, 20.50147247, 12.86226368, 25.40196991, 16.35793304, 25.40196991, 16.35793304, 16.35793304]"
1758,"[16.35793304, 12.86226368, 12.86226368, 20.50147247, 16.35793304, 20.50147247, 16.35793304, 20.50147247, 16.35793304, 20.50147247, 16.35793304, 12.86226368, 20.50147247, 16.35793304, 16.35793304, 12.86226368, 25.40196991, 16.35793304, 20.50147247, 12.86226368, 25.40196991, 16.35793304, 25.40196991, 12.86226368, 16.35793304]"
1759,"[16.35793304, 12.86226368, 16.35793304, 20.50147247, 16.35793304, 20.50147247, 16.35793304, 20.50147247, 16.35793304, 25.40196991, 16.35793304, 12.86226368, 20.50147247, 16.35793304, 20.50147247, 16.35793304, 25.40196991, 16.35793304, 20.50147247, 16.35793304, 25.40196991, 16.35793304, 11.05874348, 16.35793304, 20.50147247]"
1760,"[16.35793304, 16.35793304, 16.35793304, 20.50147247, 16.35793304, 16.35793304, 16.35793304, 20.50147247, 16.35793304, 16.35793304, 16.35793304, 12.86226368, 20.50147247, 20.50147247, 20.50147247, 20.50147247, 25.40196991, 16.35793304, 20.50147247, 16.35793304, 25.40196991, 20.50147247, 10.85316372, 16.35793304, 16.35793304]"
1761,"[16.35793304, 16.35793304, 16.35793304, 20.50147247, 16.35793304, 20.50147247, 16.35793304, 20.50147247, 16.35793304, 20.50147247, 16.35793304, 12.86226368, 20.50147247, 16.35793304, 16.35793304, 25.40196991, 25.40196991, 16.35793304, 25.40196991, 16.35793304, 25.40196991, 20.50147247, 10.85316372, 16.35793304, 20.50147247]"
1762,"[16.35793304, 16.35793304, 16.35793304, 20.50147247, 20.50147247, 20.50147247, 16.35793304, 20.50147247, 16.35793304, 20.50147247, 16.35793304, 12.86226368, 20.50147247, 20.50147247, 16.35793304, 25.40196991, 25.40196991, 16.35793304, 25.40196991, 16.35793304, 25.40196991, 20.50147247, 10.85316372, 16.35793304, 16.35793304]"
1763,"[16.35793304, 16.35793304, 16.35793304, 20.50147247, 20.50147247, 20.50147247, 16.35793304, 20.50147247, 16.35793304, 16.35793304, 16.35793304, 12.86226368, 25.40196991, 20.50147247, 20.50147247, 20.50147247, 25.40196991, 16.35793304, 20.50147247, 16.35793304, 25.40196991, 20.50147247, 25.40196991, 16.35793304, 16.35793304]"
1764,"[16.35793304, 16.35793304, 16.35793304, 20.50147247, 20.50147247, 20.50147247, 20.50147247, 20.50147247, 16.35793304, 25.40196991, 16.35793304, 16.35793304, 25.40196991, 20.50147247, 20.50147247, 25.40196991, 25.40196991, 20.50147247, 20.50147247, 16.35793304, 25.40196991, 20.50147247, 30.58232117, 16.35793304, 20.50147247]"
1765,"[16.35793304, 16.35793304, 20.50147247, 20.50147247, 20.50147247, 20.50147247, 16.35793304, 20.50147247, 16.35793304, 25.40196991, 16.35793304, 16.35793304, 25.40196991, 20.50147247, 20.50147247, 25.40196991, 25.40196991, 20.50147247, 20.50147247, 16.35793304, 30.58232117, 25.40196991, 30.58232117, 20.50147247, 20.50147247]"
1766,"[20.50147247, 16.35793304, 16.35793304, 20.50147247, 16.35793304, 20.50147247, 16.35793304, 20.50147247, 16.35793304, 10.85316372, 16.35793304, 16.35793304, 25.40196991, 20.50147247, 20.50147247, 10.85316372, 30.58232117, 20.50147247, 20.50147247, 16.35793304, 10.85316372, 25.40196991, 25.40196991, 16.35793304, 20.50147247]"
1767,"[16.35793304, 16.35793304, 16.35793304, 20.50147247, 16.35793304, 20.50147247, 16.35793304, 20.50147247, 16.35793304, 25.40196991, 16.35793304, 12.86226368, 20.50147247, 20.50147247, 12.86226368, 30.58232117, 25.40196991, 20.50147247, 20.50147247, 16.35793304, 10.85316372, 20.50147247, 20.50147247, 16.35793304, 16.35793304]"
1768,"[16.35793304, 12.86226368, 16.35793304, 20.50147247, 25.40196991, 16.35793304, 16.35793304, 20.50147247, 16.35793304, 16.35793304, 16.35793304, 12.86226368, 20.50147247, 20.50147247, 16.35793304, 30.58232117, 25.40196991, 16.35793304, 16.35793304, 16.35793304, 30.58232117, 20.50147247, 30.58232117, 16.35793304, 16.35793304]"
1769,"[16.35793304, 16.35793304, 16.35793304, 16.35793304, 30.58232117, 20.50147247, 16.35793304, 20.50147247, 12.86226368, 25.40196991, 16.35793304, 12.86226368, 20.50147247, 20.50147247, 20.50147247, 25.40196991, 25.40196991, 16.35793304, 20.50147247, 16.35793304, 25.40196991, 20.50147247, 25.40196991, 16.35793304, 16.35793304]"
1770,"[16.35793304, 12.86226368, 12.86226368, 16.35793304, 10.85316372, 16.35793304, 12.86226368, 20.50147247, 16.35793304, 25.40196991, 16.35793304, 12.86226368, 20.50147247, 25.40196991, 16.35793304, 20.50147247, 25.40196991, 16.35793304, 20.50147247, 16.35793304, 25.40196991, 20.50147247, 30.58232117, 16.35793304, 16.35793304]"
1771,"[12.86226368, 16.35793304, 12.86226368, 16.35793304, 10.85316372, 20.50147247, 12.86226368, 20.50147247, 16.35793304, 20.50147247, 16.35793304, 12.86226368, 20.50147247, 20.50147247, 16.35793304, 25.40196991, 25.40196991, 16.35793304, 20.50147247, 16.35793304, 25.40196991, 20.50147247, 25.40196991, 16.35793304, 16.35793304]"
1772,"[16.35793304, 16.35793304, 12.86226368, 20.50147247, 10.85316372, 20.50147247, 12.86226368, 16.35793304, 16.35793304, 16.35793304, 16.35793304, 12.86226368, 20.50147247, 20.50147247, 20.50147247, 25.40196991, 25.40196991, 16.35793304, 20.50147247, 16.35793304, 25.40196991, 20.50147247, 25.40196991, 16.35793304, 16.35793304]"
1773,"[16.35793304, 16.35793304, 12.86226368, 16.35793304, 10.85316372, 16.35793304, 16.35793304, 16.35793304, 16.35793304, 20.50147247, 16.35793304, 12.86226368, 20.50147247, 25.40196991, 20.50147247, 20.50147247, 34.56784439, 16.35793304, 20.50147247, 16.35793304, 25.40196991, 20.50147247, 25.40196991, 16.35793304, 16.35793304]"
1774,"[16.35793304, 16.35793304, 12.86226368, 20.50147247, 30.58232117, 20.50147247, 16.35793304, 20.50147247, 16.35793304, 25.40196991, 16.35793304, 12.86226368, 20.50147247, 25.40196991, 16.35793304, 20.50147247, 36.45310974, 16.35793304, 20.50147247, 12.86226368, 25.40196991, 20.50147247, 25.40196991, 16.35793304, 20.50147247]"
1775,"[16.35793304, 16.35793304, 12.86226368, 20.50147247, 10.85316372, 20.50147247, 16.35793304, 20.50147247, 16.35793304, 16.35793304, 16.35793304, 12.86226368, 20.50147247, 20.50147247, 16.35793304, 16.35793304, 30.58232117, 20.50147247, 16.35793304, 12.86226368, 25.40196991, 20.50147247, 30.58232117, 16.35793304, 20.50147247]"
1776,"[20.50147247, 16.35793304, 16.35793304, 20.50147247, 30.58232117, 20.50147247, 16.35793304, 20.50147247, 16.35793304, 16.35793304, 20.50147247, 12.86226368, 25.40196991, 20.50147247, 20.50147247, 16.35793304, 10.85316372, 20.50147247, 16.35793304, 16.35793304, 25.40196991, 20.50147247, 10.85316372, 16.35793304, 20.50147247]"
1777,"[20.50147247, 16.35793304, 16.35793304, 20.50147247, 30.58232117, 20.50147247, 16.35793304, 25.40196991, 16.35793304, 20.50147247, 20.50147247, 16.35793304, 25.40196991, 20.50147247, 20.50147247, 20.50147247, 10.85316372, 20.50147247, 16.35793304, 16.35793304, 25.40196991, 25.40196991, 25.40196991, 16.35793304, 20.50147247]"
1778,"[20.50147247, 16.35793304, 16.35793304, 20.50147247, 20.50147247, 20.50147247, 16.35793304, 25.40196991, 20.50147247, 10.85316372, 20.50147247, 16.35793304, 25.40196991, 20.50147247, 20.50147247, 25.40196991, 30.58232117, 25.40196991, 20.50147247, 16.35793304, 30.58232117, 25.40196991, 30.58232117, 20.50147247, 25.40196991]"
1779,"[20.50147247, 16.35793304, 16.35793304, 20.50147247, 20.50147247, 20.50147247, 16.35793304, 20.50147247, 20.50147247, 10.85316372, 20.50147247, 16.35793304, 25.40196991, 20.50147247, 20.50147247, 20.50147247, 30.58232117, 20.50147247, 25.40196991, 16.35793304, 30.58232117, 25.40196991, 30.58232117, 20.50147247, 20.50147247]"
1780,"[20.50147247, 20.50147247, 16.35793304, 20.50147247, 20.50147247, 20.50147247, 16.35793304, 25.40196991, 20.50147247, 25.40196991, 20.50147247, 16.35793304, 25.40196991, 20.50147247, 25.40196991, 20.50147247, 30.58232117, 20.50147247, 25.40196991, 16.35793304, 30.58232117, 25.40196991, 25.40196991, 16.35793304, 20.50147247]"
1781,"[20.50147247, 16.35793304, 16.35793304, 20.50147247, 20.50147247, 20.50147247, 16.35793304, 20.50147247, 16.35793304, 20.50147247, 20.50147247, 16.35793304, 25.40196991, 20.50147247, 16.35793304, 20.50147247, 25.40196991, 16.35793304, 25.40196991, 16.35793304, 30.58232117, 25.40196991, 25.40196991, 20.50147247, 20.50147247]"
1782,"[20.50147247, 16.35793304, 16.35793304, 20.50147247, 16.35793304, 20.50147247, 16.35793304, 20.50147247, 16.35793304, 25.40196991, 20.50147247, 16.35793304, 25.40196991, 20.50147247, 20.50147247, 16.35793304, 25.40196991, 16.35793304, 20.50147247, 16.35793304, 25.40196991, 20.50147247, 20.50147247, 16.35793304, 20.50147247]"
1783,"[16.35793304, 16.35793304, 16.35793304, 20.50147247, 16.35793304, 20.50147247, 16.35793304, 20.50147247, 16.35793304, 20.50147247, 16.35793304, 16.35793304, 25.40196991, 20.50147247, 20.50147247, 16.35793304, 25.40196991, 16.35793304, 20.50147247, 16.35793304, 25.40196991, 20.50147247, 30.58232117, 16.35793304, 20.50147247]"
1784,"[16.35793304, 16.35793304, 16.35793304, 20.50147247, 16.35793304, 16.35793304, 16.35793304, 20.50147247, 16.35793304, 25.40196991, 16.35793304, 12.86226368, 20.50147247, 16.35793304, 16.35793304, 16.35793304, 20.50147247, 16.35793304, 20.50147247, 16.35793304, 25.40196991, 20.50147247, 30.58232117, 16.35793304, 20.50147247]"
1785,"[16.35793304, 16.35793304, 16.35793304, 20.50147247, 20.50147247, 20.50147247, 16.35793304, 20.50147247, 16.35793304, 20.50147247, 16.35793304, 16.35793304, 25.40196991, 20.50147247, 16.35793304, 20.50147247, 20.50147247, 16.35793304, 25.40196991, 16.35793304, 20.50147247, 20.50147247, 30.58232117, 16.35793304, 16.35793304]"
1786,"[16.35793304, 16.35793304, 16.35793304, 20.50147247, 16.35793304, 20.50147247, 16.35793304, 20.50147247, 16.35793304, 25.40196991, 16.35793304, 12.86226368, 25.40196991, 20.50147247, 20.50147247, 25.40196991, 20.50147247, 16.35793304, 25.40196991, 16.35793304, 20.50147247, 25.40196991, 30.58232117, 16.35793304, 20.50147247]"
1787,"[20.50147247, 16.35793304, 16.35793304, 20.50147247, 16.35793304, 20.50147247, 16.35793304, 20.50147247, 16.35793304, 16.35793304, 16.35793304, 12.86226368, 20.50147247, 16.35793304, 16.35793304, 30.58232117, 20.50147247, 16.35793304, 25.40196991, 16.35793304, 20.50147247, 25.40196991, 30.58232117, 16.35793304, 20.50147247]"
1788,"[16.35793304, 16.35793304, 16.35793304, 20.50147247, 16.35793304, 20.50147247, 16.35793304, 20.50147247, 16.35793304, 16.35793304, 16.35793304, 12.86226368, 20.50147247, 20.50147247, 16.35793304, 20.50147247, 20.50147247, 16.35793304, 25.40196991, 16.35793304, 20.50147247, 20.50147247, 10.85316372, 16.35793304, 25.40196991]"
1789,"[16.35793304, 16.35793304, 16.35793304, 20.50147247, 16.35793304, 20.50147247, 16.35793304, 20.50147247, 16.35793304, 20.50147247, 16.35793304, 16.35793304, 25.40196991, 20.50147247, 20.50147247, 20.50147247, 20.50147247, 16.35793304, 20.50147247, 16.35793304, 20.50147247, 25.40196991, 25.40196991, 16.35793304, 16.35793304]"
1790,"[16.35793304, 16.35793304, 16.35793304, 20.50147247, 20.50147247, 16.35793304, 16.35793304, 20.50147247, 16.35793304, 16.35793304, 16.35793304, 12.86226368, 25.40196991, 20.50147247, 16.35793304, 25.40196991, 20.50147247, 16.35793304, 20.50147247, 16.35793304, 20.50147247, 20.50147247, 25.40196991, 16.35793304, 20.50147247]"
1791,"[16.35793304, 16.35793304, 16.35793304, 20.50147247, 20.50147247, 20.50147247, 16.35793304, 20.50147247, 16.35793304, 20.50147247, 16.35793304, 16.35793304, 25.40196991, 20.50147247, 20.50147247, 25.40196991, 20.50147247, 16.35793304, 20.50147247, 16.35793304, 20.50147247, 20.50147247, 30.58232117, 16.35793304, 20.50147247]"
1792,"[16.35793304, 16.35793304, 16.35793304, 20.50147247, 25.40196991, 16.35793304, 16.35793304, 20.50147247, 16.35793304, 25.40196991, 16.35793304, 16.35793304, 25.40196991, 20.50147247, 16.35793304, 25.40196991, 20.50147247, 16.35793304, 20.50147247, 16.35793304, 20.50147247, 20.50147247, 30.58232117, 16.35793304, 16.35793304]"
1793,"[16.35793304, 12.86226368, 16.35793304, 20.50147247, 30.58232117, 20.50147247, 16.35793304, 20.50147247, 16.35793304, 20.50147247, 16.35793304, 12.86226368, 25.40196991, 25.40196991, 20.50147247, 20.50147247, 20.50147247, 20.50147247, 16.35793304, 16.35793304, 20.50147247, 20.50147247, 20.50147247, 16.35793304, 16.35793304]"
1794,"[16.35793304, 16.35793304, 12.86226368, 20.50147247, 30.58232117, 16.35793304, 12.86226368, 20.50147247, 16.35793304, 25.40196991, 16.35793304, 12.86226368, 20.50147247, 25.40196991, 16.35793304, 20.50147247, 20.50147247, 12.86226368, 16.35793304, 16.35793304, 20.50147247, 20.50147247, 25.40196991, 20.50147247, 16.35793304]"
1795,"[16.35793304, 16.35793304, 12.86226368, 16.35793304, 25.40196991, 20.50147247, 12.86226368, 20.50147247, 16.35793304, 16.35793304, 16.35793304, 12.86226368, 20.50147247, 16.35793304, 16.35793304, 20.50147247, 20.50147247, 16.35793304, 16.35793304, 16.35793304, 20.50147247, 20.50147247, 25.40196991, 16.35793304, 12.86226368]"
1796,"[16.35793304, 16.35793304, 12.86226368, 16.35793304, 25.40196991, 20.50147247, 16.35793304, 20.50147247, 16.35793304, 25.40196991, 16.35793304, 12.86226368, 20.50147247, 25.40196991, 20.50147247, 16.35793304, 25.40196991, 16.35793304, 16.35793304, 16.35793304, 20.50147247, 20.50147247, 25.40196991, 16.35793304, 20.50147247]"
1797,"[20.50147247, 16.35793304, 16.35793304, 16.35793304, 30.58232117, 20.50147247, 12.86226368, 20.50147247, 16.35793304, 25.40196991, 16.35793304, 12.86226368, 20.50147247, 20.50147247, 20.50147247, 16.35793304, 25.40196991, 12.86226368, 16.35793304, 16.35793304, 20.50147247, 20.50147247, 25.40196991, 16.35793304, 20.50147247]"
1798,"[16.35793304, 16.35793304, 16.35793304, 20.50147247, 30.58232117, 20.50147247, 16.35793304, 20.50147247, 20.50147247, 20.50147247, 20.50147247, 12.86226368, 25.40196991, 25.40196991, 25.40196991, 16.35793304, 25.40196991, 20.50147247, 16.35793304, 16.35793304, 25.40196991, 20.50147247, 25.40196991, 16.35793304, 20.50147247]"
1799,"[20.50147247, 16.35793304, 16.35793304, 20.50147247, 30.58232117, 20.50147247, 16.35793304, 20.50147247, 20.50147247, 20.50147247, 20.50147247, 16.35793304, 25.40196991, 25.40196991, 25.40196991, 20.50147247, 25.40196991, 16.35793304, 16.35793304, 16.35793304, 25.40196991, 25.40196991, 25.40196991, 16.35793304, 20.50147247]"
1800,"[20.50147247, 16.35793304, 16.35793304, 20.50147247, 25.40196991, 20.50147247, 16.35793304, 25.40196991, 20.50147247, 30.58232117, 20.50147247, 16.35793304, 25.40196991, 20.50147247, 25.40196991, 20.50147247, 20.50147247, 20.50147247, 16.35793304, 20.50147247, 25.40196991, 25.40196991, 30.58232117, 20.50147247, 20.50147247]"
1801,"[20.50147247, 20.50147247, 20.50147247, 20.50147247, 20.50147247, 20.50147247, 16.35793304, 25.40196991, 20.50147247, 25.40196991, 20.50147247, 16.35793304, 25.40196991, 20.50147247, 20.50147247, 20.50147247, 20.50147247, 20.50147247, 20.50147247, 20.50147247, 20.50147247, 25.40196991, 30.58232117, 20.50147247, 25.40196991]"
1802,"[25.40196991, 25.40196991, 20.50147247, 25.40196991, 25.40196991, 20.50147247, 25.40196991, 25.40196991, 30.58232117, 25.40196991, 25.40196991, 20.50147247, 30.58232117, 20.50147247, 25.40196991, 25.40196991, 20.50147247, 20.50147247, 25.40196991, 20.50147247, 20.50147247, 25.40196991, 30.58232117, 20.50147247, 20.50147247]"
1803,"[25.40196991, 20.50147247, 20.50147247, 25.40196991, 25.40196991, 20.50147247, 25.40196991, 25.40196991, 20.50147247, 25.40196991, 25.40196991, 16.35793304, 25.40196991, 20.50147247, 25.40196991, 25.40196991, 20.50147247, 20.50147247, 25.40196991, 10.85316372, 20.50147247, 25.40196991, 30.58232117, 20.50147247, 25.40196991]"
1804,"[16.35793304, 16.35793304, 16.35793304, 20.50147247, 20.50147247, 20.50147247, 20.50147247, 20.50147247, 20.50147247, 25.40196991, 20.50147247, 16.35793304, 25.40196991, 20.50147247, 25.40196991, 20.50147247, 20.50147247, 20.50147247, 20.50147247, 20.50147247, 20.50147247, 25.40196991, 25.40196991, 20.50147247, 20.50147247]"
1805,"[20.50147247, 20.50147247, 20.50147247, 20.50147247, 20.50147247, 20.50147247, 20.50147247, 20.50147247, 20.50147247, 16.35793304, 16.35793304, 16.35793304, 25.40196991, 20.50147247, 20.50147247, 30.58232117, 20.50147247, 16.35793304, 25.40196991, 16.35793304, 20.50147247, 16.35793304, 10.85316372, 16.35793304, 20.50147247]"
1806,"[20.50147247, 20.50147247, 16.35793304, 20.50147247, 16.35793304, 20.50147247, 20.50147247, 20.50147247, 20.50147247, 20.50147247, 16.35793304, 16.35793304, 25.40196991, 20.50147247, 25.40196991, 30.58232117, 20.50147247, 16.35793304, 20.50147247, 16.35793304, 20.50147247, 16.35793304, 25.40196991, 20.50147247, 20.50147247]"
1807,"[16.35793304, 16.35793304, 20.50147247, 20.50147247, 16.35793304, 20.50147247, 16.35793304, 20.50147247, 16.35793304, 16.35793304, 16.35793304, 16.35793304, 25.40196991, 20.50147247, 25.40196991, 30.58232117, 20.50147247, 16.35793304, 20.50147247, 16.35793304, 20.50147247, 16.35793304, 30.58232117, 16.35793304, 16.35793304]"
1808,"[20.50147247, 16.35793304, 16.35793304, 20.50147247, 16.35793304, 20.50147247, 20.50147247, 20.50147247, 16.35793304, 20.50147247, 16.35793304, 16.35793304, 25.40196991, 16.35793304, 16.35793304, 25.40196991, 20.50147247, 16.35793304, 20.50147247, 16.35793304, 20.50147247, 16.35793304, 30.58232117, 16.35793304, 20.50147247]"
1809,"[16.35793304, 16.35793304, 16.35793304, 20.50147247, 16.35793304, 20.50147247, 16.35793304, 20.50147247, 16.35793304, 20.50147247, 16.35793304, 12.86226368, 20.50147247, 20.50147247, 20.50147247, 20.50147247, 20.50147247, 16.35793304, 16.35793304, 16.35793304, 20.50147247, 16.35793304, 25.40196991, 16.35793304, 20.50147247]"
1810,"[16.35793304, 16.35793304, 16.35793304, 20.50147247, 25.40196991, 20.50147247, 16.35793304, 20.50147247, 16.35793304, 16.35793304, 16.35793304, 12.86226368, 20.50147247, 20.50147247, 20.50147247, 34.56784439, 20.50147247, 16.35793304, 12.86226368, 12.86226368, 20.50147247, 16.35793304, 25.40196991, 20.50147247, 20.50147247]"
1811,"[16.35793304, 16.35793304, 16.35793304, 20.50147247, 25.40196991, 20.50147247, 16.35793304, 20.50147247, 16.35793304, 20.50147247, 16.35793304, 12.86226368, 20.50147247, 25.40196991, 16.35793304, 30.58232117, 20.50147247, 20.50147247, 16.35793304, 16.35793304, 20.50147247, 16.35793304, 30.58232117, 20.50147247, 16.35793304]"
1812,"[20.50147247, 16.35793304, 12.86226368, 20.50147247, 30.58232117, 20.50147247, 16.35793304, 20.50147247, 16.35793304, 25.40196991, 16.35793304, 12.86226368, 20.50147247, 25.40196991, 20.50147247, 30.58232117, 20.50147247, 20.50147247, 12.86226368, 16.35793304, 20.50147247, 16.35793304, 25.40196991, 16.35793304, 20.50147247]"
1813,"[16.35793304, 16.35793304, 16.35793304, 20.50147247, 30.58232117, 16.35793304, 16.35793304, 20.50147247, 16.35793304, 25.40196991, 16.35793304, 12.86226368, 20.50147247, 25.40196991, 20.50147247, 20.50147247, 20.50147247, 20.50147247, 12.86226368, 16.35793304, 20.50147247, 16.35793304, 25.40196991, 20.50147247, 16.35793304]"
1814,"[20.50147247, 16.35793304, 12.86226368, 20.50147247, 25.40196991, 16.35793304, 16.35793304, 20.50147247, 16.35793304, 20.50147247, 16.35793304, 12.86226368, 20.50147247, 20.50147247, 16.35793304, 16.35793304, 20.50147247, 16.35793304, 12.86226368, 16.35793304, 20.50147247, 16.35793304, 30.58232117, 16.35793304, 16.35793304]"
1815,"[16.35793304, 16.35793304, 12.86226368, 20.50147247, 20.50147247, 16.35793304, 16.35793304, 20.50147247, 16.35793304, 20.50147247, 16.35793304, 12.86226368, 20.50147247, 25.40196991, 20.50147247, 20.50147247, 20.50147247, 16.35793304, 16.35793304, 16.35793304, 20.50147247, 16.35793304, 30.58232117, 16.35793304, 20.50147247]"
1816,"[16.35793304, 16.35793304, 12.86226368, 16.35793304, 20.50147247, 16.35793304, 16.35793304, 20.50147247, 12.86226368, 20.50147247, 16.35793304, 12.86226368, 20.50147247, 20.50147247, 25.40196991, 20.50147247, 20.50147247, 16.35793304, 16.35793304, 16.35793304, 20.50147247, 16.35793304, 30.58232117, 16.35793304, 16.35793304]"
1817,"[16.35793304, 16.35793304, 12.86226368, 20.50147247, 20.50147247, 20.50147247, 16.35793304, 20.50147247, 16.35793304, 25.40196991, 16.35793304, 12.86226368, 20.50147247, 25.40196991, 16.35793304, 20.50147247, 20.50147247, 16.35793304, 12.86226368, 16.35793304, 20.50147247, 16.35793304, 25.40196991, 16.35793304, 20.50147247]"
1818,"[16.35793304, 16.35793304, 16.35793304, 20.50147247, 20.50147247, 20.50147247, 16.35793304, 20.50147247, 20.50147247, 16.35793304, 20.50147247, 12.86226368, 25.40196991, 25.40196991, 30.58232117, 20.50147247, 20.50147247, 20.50147247, 12.86226368, 20.50147247, 20.50147247, 16.35793304, 25.40196991, 16.35793304, 20.50147247]"
1819,"[20.50147247, 20.50147247, 25.40196991, 20.50147247, 30.58232117, 20.50147247, 20.50147247, 20.50147247, 20.50147247, 20.50147247, 20.50147247, 16.35793304, 25.40196991, 25.40196991, 30.58232117, 25.40196991, 20.50147247, 25.40196991, 12.86226368, 25.40196991, 20.50147247, 16.35793304, 30.58232117, 20.50147247, 20.50147247]"
1820,"[25.40196991, 25.40196991, 25.40196991, 25.40196991, 30.58232117, 20.50147247, 25.40196991, 25.40196991, 25.40196991, 25.40196991, 20.50147247, 20.50147247, 30.58232117, 25.40196991, 10.85316372, 30.58232117, 20.50147247, 30.58232117, 16.35793304, 25.40196991, 20.50147247, 16.35793304, 34.56784439, 20.50147247, 20.50147247]"
1821,"[25.40196991, 30.58232117, 30.58232117, 30.58232117, 10.85316372, 20.50147247, 25.40196991, 30.58232117, 30.58232117, 20.50147247, 25.40196991, 20.50147247, 10.85316372, 30.58232117, 10.85316372, 30.58232117, 20.50147247, 10.85316372, 16.35793304, 30.58232117, 20.50147247, 16.35793304, 34.56784439, 25.40196991, 25.40196991]"
1822,"[25.40196991, 25.40196991, 25.40196991, 10.85316372, 30.58232117, 20.50147247, 25.40196991, 30.58232117, 25.40196991, 10.85316372, 30.58232117, 20.50147247, 10.85316372, 30.58232117, 30.58232117, 25.40196991, 20.50147247, 25.40196991, 25.40196991, 25.40196991, 20.50147247, 16.35793304, 10.85316372, 25.40196991, 30.58232117]"
1823,"[20.50147247, 20.50147247, 20.50147247, 25.40196991, 20.50147247, 20.50147247, 20.50147247, 25.40196991, 20.50147247, 10.85316372, 25.40196991, 20.50147247, 30.58232117, 25.40196991, 20.50147247, 20.50147247, 20.50147247, 20.50147247, 30.58232117, 20.50147247, 20.50147247, 16.35793304, 25.40196991, 25.40196991, 25.40196991]"
1824,"[20.50147247, 20.50147247, 16.35793304, 25.40196991, 20.50147247, 20.50147247, 42.99325562, 25.40196991, 20.50147247, 10.85316372, 20.50147247, 16.35793304, 30.58232117, 25.40196991, 20.50147247, 20.50147247, 20.50147247, 20.50147247, 30.58232117, 16.35793304, 20.50147247, 16.35793304, 25.40196991, 20.50147247, 20.50147247]"
1825,"[20.50147247, 20.50147247, 16.35793304, 25.40196991, 20.50147247, 20.50147247, 51.97383881, 25.40196991, 20.50147247, 30.58232117, 20.50147247, 16.35793304, 25.40196991, 20.50147247, 16.35793304, 20.50147247, 20.50147247, 16.35793304, 30.58232117, 16.35793304, 20.50147247, 16.35793304, 25.40196991, 20.50147247, 20.50147247]"
1826,"[20.50147247, 20.50147247, 20.50147247, 25.40196991, 20.50147247, 20.50147247, 20.50147247, 25.40196991, 20.50147247, 30.58232117, 20.50147247, 16.35793304, 25.40196991, 20.50147247, 16.35793304, 20.50147247, 20.50147247, 20.50147247, 25.40196991, 20.50147247, 20.50147247, 16.35793304, 30.58232117, 16.35793304, 20.50147247]"
1827,"[20.50147247, 16.35793304, 20.50147247, 20.50147247, 20.50147247, 20.50147247, 20.50147247, 25.40196991, 16.35793304, 20.50147247, 20.50147247, 16.35793304, 25.40196991, 20.50147247, 16.35793304, 20.50147247, 20.50147247, 20.50147247, 25.40196991, 20.50147247, 20.50147247, 16.35793304, 30.58232117, 20.50147247, 25.40196991]"
1828,"[25.40196991, 25.40196991, 25.40196991, 25.40196991, 25.40196991, 20.50147247, 25.40196991, 25.40196991, 25.40196991, 25.40196991, 20.50147247, 16.35793304, 25.40196991, 25.40196991, 25.40196991, 20.50147247, 20.50147247, 25.40196991, 20.50147247, 25.40196991, 20.50147247, 16.35793304, 30.58232117, 20.50147247, 25.40196991]"
1829,"[25.40196991, 25.40196991, 20.50147247, 25.40196991, 25.40196991, 20.50147247, 20.50147247, 20.50147247, 25.40196991, 25.40196991, 25.40196991, 20.50147247, 30.58232117, 25.40196991, 10.85316372, 20.50147247, 20.50147247, 16.35793304, 25.40196991, 16.35793304, 20.50147247, 16.35793304, 30.58232117, 25.40196991, 16.35793304]"
1830,"[20.50147247, 20.50147247, 16.35793304, 10.85316372, 20.50147247, 20.50147247, 16.35793304, 25.40196991, 20.50147247, 25.40196991, 25.40196991, 16.35793304, 30.58232117, 25.40196991, 25.40196991, 25.40196991, 20.50147247, 20.50147247, 20.50147247, 20.50147247, 20.50147247, 16.35793304, 10.85316372, 25.40196991, 25.40196991]"
1831,"[25.40196991, 20.50147247, 20.50147247, 25.40196991, 25.40196991, 20.50147247, 10.85316372, 30.58232117, 20.50147247, 25.40196991, 20.50147247, 16.35793304, 25.40196991, 25.40196991, 16.35793304, 25.40196991, 20.50147247, 10.85316372, 16.35793304, 30.58232117, 20.50147247, 16.35793304, 34.56784439, 30.58232117, 25.40196991]"
1832,"[25.40196991, 30.58232117, 25.40196991, 25.40196991, 25.40196991, 20.50147247, 25.40196991, 25.40196991, 25.40196991, 30.58232117, 20.50147247, 16.35793304, 30.58232117, 25.40196991, 25.40196991, 20.50147247, 20.50147247, 25.40196991, 16.35793304, 25.40196991, 20.50147247, 16.35793304, 34.56784439, 30.58232117, 25.40196991]"
1833,"[20.50147247, 25.40196991, 25.40196991, 25.40196991, 25.40196991, 20.50147247, 25.40196991, 25.40196991, 20.50147247, 10.85316372, 25.40196991, 20.50147247, 30.58232117, 30.58232117, 20.50147247, 20.50147247, 20.50147247, 25.40196991, 16.35793304, 20.50147247, 20.50147247, 16.35793304, 10.85316372, 25.40196991, 20.50147247]"
1834,"[20.50147247, 20.50147247, 20.50147247, 25.40196991, 25.40196991, 16.35793304, 25.40196991, 25.40196991, 20.50147247, 30.58232117, 20.50147247, 20.50147247, 30.58232117, 25.40196991, 25.40196991, 25.40196991, 20.50147247, 20.50147247, 16.35793304, 20.50147247, 20.50147247, 16.35793304, 30.58232117, 30.58232117, 20.50147247]"
1835,"[16.35793304, 16.35793304, 20.50147247, 25.40196991, 20.50147247, 20.50147247, 25.40196991, 25.40196991, 20.50147247, 25.40196991, 20.50147247, 16.35793304, 30.58232117, 25.40196991, 20.50147247, 20.50147247, 20.50147247, 20.50147247, 16.35793304, 20.50147247, 20.50147247, 16.35793304, 25.40196991, 16.35793304, 20.50147247]"
1836,"[20.50147247, 25.40196991, 20.50147247, 20.50147247, 25.40196991, 20.50147247, 25.40196991, 25.40196991, 20.50147247, 20.50147247, 20.50147247, 16.35793304, 30.58232117, 30.58232117, 25.40196991, 20.50147247, 20.50147247, 20.50147247, 12.86226368, 20.50147247, 20.50147247, 16.35793304, 30.58232117, 16.35793304, 20.50147247]"
1837,"[20.50147247, 16.35793304, 16.35793304, 25.40196991, 20.50147247, 16.35793304, 16.35793304, 20.50147247, 20.50147247, 20.50147247, 20.50147247, 12.86226368, 25.40196991, 20.50147247, 16.35793304, 20.50147247, 20.50147247, 16.35793304, 12.86226368, 16.35793304, 20.50147247, 16.35793304, 25.40196991, 25.40196991, 16.35793304]"
1838,"[16.35793304, 16.35793304, 16.35793304, 20.50147247, 20.50147247, 20.50147247, 16.35793304, 20.50147247, 16.35793304, 30.58232117, 16.35793304, 16.35793304, 25.40196991, 20.50147247, 20.50147247, 20.50147247, 20.50147247, 16.35793304, 12.86226368, 16.35793304, 20.50147247, 16.35793304, 30.58232117, 16.35793304, 20.50147247]"
1839,"[20.50147247, 16.35793304, 16.35793304, 20.50147247, 20.50147247, 20.50147247, 16.35793304, 25.40196991, 20.50147247, 20.50147247, 16.35793304, 16.35793304, 25.40196991, 20.50147247, 20.50147247, 20.50147247, 20.50147247, 20.50147247, 12.86226368, 16.35793304, 20.50147247, 16.35793304, 30.58232117, 20.50147247, 16.35793304]"
1840,"[16.35793304, 16.35793304, 16.35793304, 20.50147247, 16.35793304, 20.50147247, 16.35793304, 25.40196991, 16.35793304, 16.35793304, 20.50147247, 16.35793304, 25.40196991, 20.50147247, 20.50147247, 20.50147247, 20.50147247, 25.40196991, 25.40196991, 20.50147247, 20.50147247, 16.35793304, 34.56784439, 16.35793304, 20.50147247]"
1841,"[16.35793304, 16.35793304, 16.35793304, 20.50147247, 16.35793304, 20.50147247, 16.35793304, 25.40196991, 20.50147247, 20.50147247, 20.50147247, 12.86226368, 25.40196991, 16.35793304, 16.35793304, 16.35793304, 20.50147247, 20.50147247, 25.40196991, 16.35793304, 20.50147247, 16.35793304, 30.58232117, 16.35793304, 20.50147247]"
1842,"[20.50147247, 16.35793304, 16.35793304, 20.50147247, 16.35793304, 20.50147247, 20.50147247, 20.50147247, 20.50147247, 16.35793304, 16.35793304, 12.86226368, 20.50147247, 16.35793304, 16.35793304, 16.35793304, 20.50147247, 16.35793304, 25.40196991, 16.35793304, 20.50147247, 16.35793304, 25.40196991, 16.35793304, 20.50147247]"
1843,"[16.35793304, 16.35793304, 16.35793304, 20.50147247, 16.35793304, 20.50147247, 20.50147247, 20.50147247, 20.50147247, 20.50147247, 16.35793304, 12.86226368, 20.50147247, 16.35793304, 20.50147247, 16.35793304, 20.50147247, 16.35793304, 25.40196991, 16.35793304, 20.50147247, 16.35793304, 25.40196991, 16.35793304, 16.35793304]"
1844,"[16.35793304, 12.86226368, 12.86226368, 20.50147247, 16.35793304, 20.50147247, 20.50147247, 20.50147247, 16.35793304, 10.85316372, 16.35793304, 12.86226368, 25.40196991, 20.50147247, 16.35793304, 16.35793304, 20.50147247, 16.35793304, 20.50147247, 16.35793304, 20.50147247, 16.35793304, 10.85316372, 16.35793304, 20.50147247]"
1845,"[16.35793304, 12.86226368, 12.86226368, 20.50147247, 16.35793304, 20.50147247, 20.50147247, 20.50147247, 16.35793304, 25.40196991, 16.35793304, 12.86226368, 20.50147247, 16.35793304, 10.85316372, 16.35793304, 20.50147247, 16.35793304, 25.40196991, 16.35793304, 20.50147247, 16.35793304, 30.58232117, 16.35793304, 20.50147247]"
1846,"[16.35793304, 12.86226368, 12.86226368, 20.50147247, 16.35793304, 20.50147247, 16.35793304, 20.50147247, 16.35793304, 20.50147247, 16.35793304, 12.86226368, 20.50147247, 16.35793304, 16.35793304, 20.50147247, 20.50147247, 16.35793304, 25.40196991, 16.35793304, 20.50147247, 16.35793304, 25.40196991, 16.35793304, 16.35793304]"
1847,"[16.35793304, 16.35793304, 16.35793304, 20.50147247, 16.35793304, 20.50147247, 16.35793304, 20.50147247, 20.50147247, 30.58232117, 16.35793304, 12.86226368, 20.50147247, 20.50147247, 16.35793304, 20.50147247, 20.50147247, 16.35793304, 16.35793304, 16.35793304, 20.50147247, 16.35793304, 25.40196991, 16.35793304, 16.35793304]"
1848,"[16.35793304, 16.35793304, 16.35793304, 20.50147247, 16.35793304, 20.50147247, 20.50147247, 20.50147247, 16.35793304, 10.85316372, 16.35793304, 12.86226368, 25.40196991, 20.50147247, 16.35793304, 25.40196991, 20.50147247, 16.35793304, 20.50147247, 16.35793304, 20.50147247, 16.35793304, 30.58232117, 16.35793304, 20.50147247]"
1849,"[20.50147247, 16.35793304, 16.35793304, 20.50147247, 16.35793304, 20.50147247, 20.50147247, 20.50147247, 16.35793304, 10.85316372, 16.35793304, 16.35793304, 25.40196991, 20.50147247, 20.50147247, 30.58232117, 20.50147247, 20.50147247, 16.35793304, 16.35793304, 20.50147247, 16.35793304, 30.58232117, 20.50147247, 20.50147247]"
1850,"[16.35793304, 16.35793304, 16.35793304, 20.50147247, 16.35793304, 20.50147247, 16.35793304, 20.50147247, 20.50147247, 25.40196991, 16.35793304, 12.86226368, 25.40196991, 20.50147247, 20.50147247, 30.58232117, 20.50147247, 25.40196991, 16.35793304, 16.35793304, 20.50147247, 16.35793304, 25.40196991, 20.50147247, 20.50147247]"
1851,"[16.35793304, 16.35793304, 16.35793304, 20.50147247, 16.35793304, 20.50147247, 16.35793304, 20.50147247, 16.35793304, 25.40196991, 16.35793304, 12.86226368, 25.40196991, 20.50147247, 20.50147247, 25.40196991, 20.50147247, 20.50147247, 16.35793304, 16.35793304, 20.50147247, 16.35793304, 25.40196991, 16.35793304, 20.50147247]"
1852,"[16.35793304, 16.35793304, 16.35793304, 20.50147247, 25.40196991, 20.50147247, 16.35793304, 20.50147247, 16.35793304, 30.58232117, 16.35793304, 16.35793304, 20.50147247, 25.40196991, 20.50147247, 30.58232117, 20.50147247, 20.50147247, 16.35793304, 16.35793304, 20.50147247, 16.35793304, 25.40196991, 16.35793304, 16.35793304]"
1853,"[16.35793304, 16.35793304, 16.35793304, 20.50147247, 30.58232117, 20.50147247, 16.35793304, 20.50147247, 16.35793304, 30.58232117, 16.35793304, 12.86226368, 25.40196991, 25.40196991, 20.50147247, 30.58232117, 20.50147247, 20.50147247, 12.86226368, 16.35793304, 20.50147247, 16.35793304, 30.58232117, 16.35793304, 20.50147247]"
1854,"[16.35793304, 16.35793304, 12.86226368, 20.50147247, 30.58232117, 16.35793304, 16.35793304, 20.50147247, 20.50147247, 25.40196991, 16.35793304, 12.86226368, 20.50147247, 20.50147247, 16.35793304, 25.40196991, 25.40196991, 20.50147247, 16.35793304, 16.35793304, 20.50147247, 16.35793304, 25.40196991, 16.35793304, 16.35793304]"
1855,"[16.35793304, 16.35793304, 12.86226368, 20.50147247, 30.58232117, 20.50147247, 16.35793304, 20.50147247, 20.50147247, 25.40196991, 16.35793304, 12.86226368, 20.50147247, 30.58232117, 16.35793304, 16.35793304, 20.50147247, 20.50147247, 16.35793304, 16.35793304, 20.50147247, 16.35793304, 25.40196991, 16.35793304, 16.35793304]"
1856,"[20.50147247, 16.35793304, 16.35793304, 20.50147247, 20.50147247, 20.50147247, 16.35793304, 20.50147247, 16.35793304, 25.40196991, 16.35793304, 12.86226368, 20.50147247, 25.40196991, 30.58232117, 20.50147247, 25.40196991, 20.50147247, 16.35793304, 16.35793304, 20.50147247, 16.35793304, 30.58232117, 16.35793304, 20.50147247]"
1857,"[20.50147247, 20.50147247, 16.35793304, 20.50147247, 25.40196991, 20.50147247, 16.35793304, 25.40196991, 20.50147247, 25.40196991, 16.35793304, 12.86226368, 25.40196991, 20.50147247, 30.58232117, 25.40196991, 25.40196991, 20.50147247, 16.35793304, 16.35793304, 20.50147247, 20.50147247, 30.58232117, 16.35793304, 25.40196991]"
1858,"[25.40196991, 20.50147247, 20.50147247, 20.50147247, 20.50147247, 20.50147247, 20.50147247, 25.40196991, 20.50147247, 25.40196991, 20.50147247, 16.35793304, 25.40196991, 25.40196991, 20.50147247, 25.40196991, 25.40196991, 20.50147247, 20.50147247, 20.50147247, 25.40196991, 20.50147247, 10.85316372, 25.40196991, 25.40196991]"
1859,"[20.50147247, 20.50147247, 16.35793304, 20.50147247, 20.50147247, 20.50147247, 20.50147247, 25.40196991, 20.50147247, 30.58232117, 20.50147247, 16.35793304, 25.40196991, 20.50147247, 20.50147247, 20.50147247, 25.40196991, 20.50147247, 20.50147247, 20.50147247, 20.50147247, 20.50147247, 30.58232117, 16.35793304, 20.50147247]"
1860,"[20.50147247, 16.35793304, 20.50147247, 20.50147247, 20.50147247, 20.50147247, 20.50147247, 25.40196991, 20.50147247, 30.58232117, 20.50147247, 16.35793304, 25.40196991, 25.40196991, 20.50147247, 20.50147247, 20.50147247, 20.50147247, 20.50147247, 20.50147247, 25.40196991, 20.50147247, 30.58232117, 20.50147247, 25.40196991]"
1861,"[20.50147247, 20.50147247, 16.35793304, 25.40196991, 20.50147247, 20.50147247, 20.50147247, 25.40196991, 20.50147247, 25.40196991, 20.50147247, 16.35793304, 25.40196991, 20.50147247, 25.40196991, 30.58232117, 25.40196991, 20.50147247, 20.50147247, 16.35793304, 25.40196991, 16.35793304, 34.56784439, 20.50147247, 20.50147247]"
1862,"[20.50147247, 20.50147247, 16.35793304, 25.40196991, 20.50147247, 20.50147247, 20.50147247, 25.40196991, 20.50147247, 25.40196991, 20.50147247, 16.35793304, 25.40196991, 20.50147247, 20.50147247, 10.85316372, 25.40196991, 20.50147247, 20.50147247, 20.50147247, 20.50147247, 20.50147247, 10.85316372, 20.50147247, 20.50147247]"
1863,"[20.50147247, 16.35793304, 16.35793304, 25.40196991, 16.35793304, 20.50147247, 20.50147247, 20.50147247, 20.50147247, 30.58232117, 20.50147247, 16.35793304, 25.40196991, 20.50147247, 20.50147247, 10.85316372, 25.40196991, 20.50147247, 20.50147247, 20.50147247, 25.40196991, 16.35793304, 30.58232117, 20.50147247, 20.50147247]"
1864,"[16.35793304, 16.35793304, 16.35793304, 20.50147247, 16.35793304, 20.50147247, 25.40196991, 20.50147247, 20.50147247, 30.58232117, 16.35793304, 16.35793304, 20.50147247, 20.50147247, 20.50147247, 34.56784439, 20.50147247, 16.35793304, 12.86226368, 16.35793304, 20.50147247, 16.35793304, 30.58232117, 16.35793304, 20.50147247]"
1865,"[16.35793304, 16.35793304, 16.35793304, 16.35793304, 20.50147247, 20.50147247, 25.40196991, 20.50147247, 16.35793304, 30.58232117, 16.35793304, 12.86226368, 20.50147247, 20.50147247, 20.50147247, 25.40196991, 20.50147247, 16.35793304, 12.86226368, 16.35793304, 20.50147247, 16.35793304, 30.58232117, 16.35793304, 20.50147247]"
1866,"[16.35793304, 12.86226368, 12.86226368, 20.50147247, 16.35793304, 16.35793304, 25.40196991, 20.50147247, 16.35793304, 30.58232117, 16.35793304, 12.86226368, 20.50147247, 16.35793304, 16.35793304, 25.40196991, 20.50147247, 16.35793304, 12.86226368, 12.86226368, 20.50147247, 16.35793304, 30.58232117, 12.86226368, 16.35793304]"
1867,"[16.35793304, 12.86226368, 12.86226368, 20.50147247, 16.35793304, 16.35793304, 25.40196991, 20.50147247, 16.35793304, 30.58232117, 12.86226368, 12.86226368, 20.50147247, 16.35793304, 12.86226368, 20.50147247, 20.50147247, 16.35793304, 12.86226368, 12.86226368, 20.50147247, 16.35793304, 30.58232117, 16.35793304, 16.35793304]"
1868,"[16.35793304, 12.86226368, 12.86226368, 16.35793304, 16.35793304, 20.50147247, 25.40196991, 20.50147247, 16.35793304, 30.58232117, 12.86226368, 12.86226368, 20.50147247, 16.35793304, 12.86226368, 16.35793304, 20.50147247, 16.35793304, 16.35793304, 12.86226368, 20.50147247, 16.35793304, 30.58232117, 12.86226368, 16.35793304]"
1869,"[16.35793304, 12.86226368, 12.86226368, 20.50147247, 16.35793304, 20.50147247, 20.50147247, 20.50147247, 16.35793304, 30.58232117, 16.35793304, 12.86226368, 20.50147247, 16.35793304, 20.50147247, 20.50147247, 20.50147247, 12.86226368, 16.35793304, 16.35793304, 20.50147247, 16.35793304, 25.40196991, 12.86226368, 16.35793304]"
1870,"[16.35793304, 12.86226368, 12.86226368, 16.35793304, 20.50147247, 16.35793304, 25.40196991, 20.50147247, 16.35793304, 20.50147247, 16.35793304, 12.86226368, 20.50147247, 20.50147247, 16.35793304, 16.35793304, 20.50147247, 16.35793304, 16.35793304, 12.86226368, 20.50147247, 16.35793304, 20.50147247, 12.86226368, 16.35793304]"
1871,"[16.35793304, 12.86226368, 12.86226368, 16.35793304, 20.50147247, 20.50147247, 20.50147247, 20.50147247, 16.35793304, 30.58232117, 16.35793304, 12.86226368, 20.50147247, 20.50147247, 20.50147247, 16.35793304, 20.50147247, 12.86226368, 12.86226368, 12.86226368, 20.50147247, 16.35793304, 25.40196991, 12.86226368, 16.35793304]"
1872,"[16.35793304, 12.86226368, 12.86226368, 16.35793304, 20.50147247, 20.50147247, 20.50147247, 20.50147247, 20.50147247, 25.40196991, 12.86226368, 12.86226368, 20.50147247, 20.50147247, 12.86226368, 16.35793304, 20.50147247, 12.86226368, 12.86226368, 12.86226368, 20.50147247, 16.35793304, 25.40196991, 12.86226368, 16.35793304]"
1873,"[16.35793304, 12.86226368, 12.86226368, 16.35793304, 20.50147247, 20.50147247, 16.35793304, 20.50147247, 16.35793304, 25.40196991, 12.86226368, 12.86226368, 20.50147247, 16.35793304, 16.35793304, 16.35793304, 20.50147247, 12.86226368, 12.86226368, 12.86226368, 20.50147247, 16.35793304, 25.40196991, 12.86226368, 16.35793304]"
1874,"[16.35793304, 12.86226368, 12.86226368, 16.35793304, 20.50147247, 20.50147247, 16.35793304, 20.50147247, 16.35793304, 30.58232117, 12.86226368, 12.86226368, 20.50147247, 16.35793304, 16.35793304, 16.35793304, 20.50147247, 12.86226368, 12.86226368, 12.86226368, 20.50147247, 16.35793304, 25.40196991, 12.86226368, 16.35793304]"
1875,"[16.35793304, 16.35793304, 12.86226368, 16.35793304, 25.40196991, 20.50147247, 16.35793304, 20.50147247, 16.35793304, 25.40196991, 12.86226368, 12.86226368, 20.50147247, 20.50147247, 20.50147247, 16.35793304, 20.50147247, 16.35793304, 12.86226368, 16.35793304, 20.50147247, 16.35793304, 30.58232117, 12.86226368, 16.35793304]"
1876,"[16.35793304, 16.35793304, 16.35793304, 16.35793304, 20.50147247, 20.50147247, 20.50147247, 20.50147247, 16.35793304, 25.40196991, 12.86226368, 16.35793304, 25.40196991, 20.50147247, 20.50147247, 16.35793304, 20.50147247, 16.35793304, 12.86226368, 16.35793304, 20.50147247, 16.35793304, 30.58232117, 16.35793304, 20.50147247]"
1877,"[16.35793304, 16.35793304, 16.35793304, 20.50147247, 20.50147247, 20.50147247, 20.50147247, 25.40196991, 20.50147247, 30.58232117, 16.35793304, 12.86226368, 25.40196991, 20.50147247, 20.50147247, 16.35793304, 20.50147247, 16.35793304, 12.86226368, 16.35793304, 20.50147247, 16.35793304, 10.85316372, 16.35793304, 20.50147247]"
1878,"[20.50147247, 16.35793304, 16.35793304, 20.50147247, 20.50147247, 20.50147247, 25.40196991, 25.40196991, 20.50147247, 30.58232117, 16.35793304, 12.86226368, 25.40196991, 20.50147247, 16.35793304, 16.35793304, 20.50147247, 16.35793304, 12.86226368, 16.35793304, 20.50147247, 16.35793304, 30.58232117, 16.35793304, 16.35793304]"
1879,"[16.35793304, 16.35793304, 12.86226368, 20.50147247, 20.50147247, 20.50147247, 30.58232117, 25.40196991, 16.35793304, 25.40196991, 16.35793304, 12.86226368, 20.50147247, 16.35793304, 20.50147247, 16.35793304, 20.50147247, 16.35793304, 20.50147247, 16.35793304, 20.50147247, 16.35793304, 30.58232117, 16.35793304, 16.35793304]"
1880,"[16.35793304, 16.35793304, 16.35793304, 20.50147247, 16.35793304, 20.50147247, 25.40196991, 20.50147247, 16.35793304, 30.58232117, 16.35793304, 12.86226368, 25.40196991, 16.35793304, 20.50147247, 16.35793304, 20.50147247, 16.35793304, 20.50147247, 16.35793304, 20.50147247, 16.35793304, 30.58232117, 16.35793304, 16.35793304]"
1881,"[16.35793304, 16.35793304, 16.35793304, 20.50147247, 16.35793304, 20.50147247, 25.40196991, 20.50147247, 20.50147247, 30.58232117, 16.35793304, 12.86226368, 25.40196991, 16.35793304, 12.86226368, 16.35793304, 20.50147247, 12.86226368, 20.50147247, 12.86226368, 20.50147247, 16.35793304, 30.58232117, 16.35793304, 20.50147247]"
1882,"[16.35793304, 16.35793304, 12.86226368, 20.50147247, 16.35793304, 20.50147247, 25.40196991, 20.50147247, 16.35793304, 30.58232117, 16.35793304, 12.86226368, 25.40196991, 20.50147247, 12.86226368, 16.35793304, 20.50147247, 12.86226368, 16.35793304, 16.35793304, 20.50147247, 16.35793304, 30.58232117, 16.35793304, 16.35793304]"
1883,"[16.35793304, 12.86226368, 16.35793304, 20.50147247, 16.35793304, 20.50147247, 25.40196991, 20.50147247, 16.35793304, 25.40196991, 16.35793304, 12.86226368, 25.40196991, 20.50147247, 16.35793304, 25.40196991, 20.50147247, 16.35793304, 20.50147247, 12.86226368, 20.50147247, 16.35793304, 30.58232117, 12.86226368, 16.35793304]"
1884,"[16.35793304, 16.35793304, 16.35793304, 20.50147247, 16.35793304, 20.50147247, 25.40196991, 20.50147247, 20.50147247, 30.58232117, 16.35793304, 16.35793304, 25.40196991, 20.50147247, 20.50147247, 10.85316372, 20.50147247, 16.35793304, 20.50147247, 16.35793304, 20.50147247, 16.35793304, 25.40196991, 16.35793304, 20.50147247]"
1885,"[20.50147247, 16.35793304, 16.35793304, 20.50147247, 20.50147247, 20.50147247, 25.40196991, 25.40196991, 20.50147247, 25.40196991, 16.35793304, 16.35793304, 25.40196991, 20.50147247, 20.50147247, 30.58232117, 20.50147247, 16.35793304, 16.35793304, 16.35793304, 20.50147247, 16.35793304, 25.40196991, 12.86226368, 20.50147247]"
1886,"[20.50147247, 16.35793304, 16.35793304, 20.50147247, 20.50147247, 20.50147247, 25.40196991, 20.50147247, 20.50147247, 20.50147247, 16.35793304, 12.86226368, 25.40196991, 20.50147247, 16.35793304, 25.40196991, 20.50147247, 16.35793304, 16.35793304, 16.35793304, 20.50147247, 16.35793304, 30.58232117, 16.35793304, 20.50147247]"
1887,"[16.35793304, 16.35793304, 16.35793304, 20.50147247, 16.35793304, 20.50147247, 20.50147247, 20.50147247, 16.35793304, 30.58232117, 16.35793304, 12.86226368, 25.40196991, 20.50147247, 16.35793304, 10.85316372, 20.50147247, 25.40196991, 16.35793304, 12.86226368, 20.50147247, 16.35793304, 25.40196991, 16.35793304, 20.50147247]"
1888,"[16.35793304, 16.35793304, 12.86226368, 20.50147247, 16.35793304, 20.50147247, 20.50147247, 20.50147247, 16.35793304, 10.85316372, 16.35793304, 16.35793304, 25.40196991, 20.50147247, 16.35793304, 30.58232117, 20.50147247, 16.35793304, 16.35793304, 16.35793304, 20.50147247, 16.35793304, 30.58232117, 16.35793304, 16.35793304]"
1889,"[16.35793304, 16.35793304, 16.35793304, 20.50147247, 25.40196991, 20.50147247, 20.50147247, 25.40196991, 16.35793304, 25.40196991, 16.35793304, 16.35793304, 25.40196991, 20.50147247, 20.50147247, 36.45310974, 20.50147247, 20.50147247, 16.35793304, 16.35793304, 20.50147247, 16.35793304, 30.58232117, 16.35793304, 16.35793304]"
1890,"[16.35793304, 16.35793304, 16.35793304, 20.50147247, 25.40196991, 20.50147247, 20.50147247, 25.40196991, 20.50147247, 30.58232117, 16.35793304, 16.35793304, 25.40196991, 20.50147247, 16.35793304, 39.74495697, 20.50147247, 16.35793304, 12.86226368, 16.35793304, 20.50147247, 16.35793304, 25.40196991, 16.35793304, 16.35793304]"
1891,"[16.35793304, 16.35793304, 16.35793304, 20.50147247, 20.50147247, 20.50147247, 16.35793304, 20.50147247, 16.35793304, 25.40196991, 16.35793304, 12.86226368, 25.40196991, 20.50147247, 25.40196991, 40.12710953, 20.50147247, 16.35793304, 16.35793304, 16.35793304, 20.50147247, 16.35793304, 25.40196991, 16.35793304, 20.50147247]"
1892,"[16.35793304, 16.35793304, 16.35793304, 20.50147247, 20.50147247, 20.50147247, 16.35793304, 25.40196991, 16.35793304, 25.40196991, 16.35793304, 16.35793304, 25.40196991, 20.50147247, 20.50147247, 10.85316372, 20.50147247, 16.35793304, 16.35793304, 16.35793304, 20.50147247, 16.35793304, 25.40196991, 16.35793304, 20.50147247]"
1893,"[16.35793304, 16.35793304, 16.35793304, 20.50147247, 10.85316372, 20.50147247, 16.35793304, 20.50147247, 16.35793304, 25.40196991, 16.35793304, 16.35793304, 25.40196991, 20.50147247, 16.35793304, 20.50147247, 20.50147247, 16.35793304, 16.35793304, 16.35793304, 20.50147247, 16.35793304, 30.58232117, 16.35793304, 20.50147247]"
1894,"[16.35793304, 16.35793304, 12.86226368, 20.50147247, 10.85316372, 20.50147247, 16.35793304, 20.50147247, 20.50147247, 25.40196991, 16.35793304, 12.86226368, 25.40196991, 20.50147247, 25.40196991, 16.35793304, 20.50147247, 16.35793304, 16.35793304, 16.35793304, 20.50147247, 16.35793304, 30.58232117, 16.35793304, 16.35793304]"
1895,"[20.50147247, 16.35793304, 16.35793304, 20.50147247, 20.50147247, 20.50147247, 16.35793304, 20.50147247, 20.50147247, 25.40196991, 16.35793304, 12.86226368, 25.40196991, 20.50147247, 20.50147247, 16.35793304, 20.50147247, 16.35793304, 16.35793304, 16.35793304, 20.50147247, 16.35793304, 25.40196991, 16.35793304, 20.50147247]"
1896,"[20.50147247, 16.35793304, 16.35793304, 20.50147247, 20.50147247, 20.50147247, 16.35793304, 25.40196991, 25.40196991, 20.50147247, 16.35793304, 12.86226368, 25.40196991, 20.50147247, 16.35793304, 20.50147247, 20.50147247, 16.35793304, 16.35793304, 16.35793304, 20.50147247, 16.35793304, 25.40196991, 16.35793304, 20.50147247]"
1897,"[16.35793304, 16.35793304, 16.35793304, 20.50147247, 20.50147247, 16.35793304, 16.35793304, 30.58232117, 20.50147247, 25.40196991, 16.35793304, 16.35793304, 25.40196991, 20.50147247, 20.50147247, 16.35793304, 20.50147247, 20.50147247, 16.35793304, 16.35793304, 20.50147247, 16.35793304, 25.40196991, 16.35793304, 25.40196991]"
1898,"[16.35793304, 16.35793304, 16.35793304, 20.50147247, 20.50147247, 20.50147247, 20.50147247, 25.40196991, 16.35793304, 30.58232117, 20.50147247, 16.35793304, 25.40196991, 20.50147247, 20.50147247, 20.50147247, 20.50147247, 20.50147247, 12.86226368, 16.35793304, 20.50147247, 16.35793304, 30.58232117, 16.35793304, 25.40196991]"
1899,"[20.50147247, 20.50147247, 20.50147247, 25.40196991, 20.50147247, 20.50147247, 20.50147247, 25.40196991, 20.50147247, 10.85316372, 20.50147247, 16.35793304, 25.40196991, 20.50147247, 16.35793304, 20.50147247, 20.50147247, 20.50147247, 20.50147247, 20.50147247, 20.50147247, 16.35793304, 25.40196991, 16.35793304, 20.50147247]"
1900,"[16.35793304, 16.35793304, 16.35793304, 20.50147247, 16.35793304, 20.50147247, 20.50147247, 20.50147247, 16.35793304, 25.40196991, 20.50147247, 10.85316372, 25.40196991, 16.35793304, 16.35793304, 16.35793304, 20.50147247, 16.35793304, 20.50147247, 16.35793304, 20.50147247, 16.35793304, 25.40196991, 16.35793304, 20.50147247]"
1901,"[16.35793304, 16.35793304, 16.35793304, 20.50147247, 16.35793304, 20.50147247, 20.50147247, 20.50147247, 16.35793304, 25.40196991, 16.35793304, 16.35793304, 25.40196991, 20.50147247, 12.86226368, 16.35793304, 20.50147247, 16.35793304, 20.50147247, 16.35793304, 20.50147247, 16.35793304, 20.50147247, 16.35793304, 20.50147247]"
1902,"[16.35793304, 12.86226368, 16.35793304, 20.50147247, 16.35793304, 20.50147247, 20.50147247, 20.50147247, 16.35793304, 25.40196991, 16.35793304, 12.86226368, 20.50147247, 16.35793304, 20.50147247, 16.35793304, 20.50147247, 16.35793304, 20.50147247, 12.86226368, 20.50147247, 16.35793304, 20.50147247, 16.35793304, 10.85316372]"
1903,"[16.35793304, 16.35793304, 16.35793304, 20.50147247, 16.35793304, 20.50147247, 20.50147247, 20.50147247, 20.50147247, 30.58232117, 16.35793304, 12.86226368, 20.50147247, 10.85316372, 16.35793304, 16.35793304, 20.50147247, 16.35793304, 16.35793304, 16.35793304, 20.50147247, 16.35793304, 30.58232117, 16.35793304, 11.05874348]"
1904,"[16.35793304, 12.86226368, 16.35793304, 20.50147247, 16.35793304, 20.50147247, 20.50147247, 20.50147247, 20.50147247, 10.85316372, 16.35793304, 12.86226368, 20.50147247, 10.85316372, 20.50147247, 16.35793304, 20.50147247, 16.35793304, 20.50147247, 16.35793304, 20.50147247, 16.35793304, 30.58232117, 16.35793304, 20.50147247]"
1905,"[20.50147247, 16.35793304, 16.35793304, 20.50147247, 16.35793304, 16.35793304, 20.50147247, 20.50147247, 20.50147247, 10.85316372, 16.35793304, 12.86226368, 20.50147247, 16.35793304, 20.50147247, 16.35793304, 20.50147247, 20.50147247, 20.50147247, 16.35793304, 20.50147247, 16.35793304, 30.58232117, 16.35793304, 20.50147247]"
1906,"[20.50147247, 20.50147247, 16.35793304, 20.50147247, 16.35793304, 20.50147247, 20.50147247, 20.50147247, 20.50147247, 10.85316372, 16.35793304, 12.86226368, 20.50147247, 16.35793304, 25.40196991, 20.50147247, 20.50147247, 20.50147247, 20.50147247, 16.35793304, 20.50147247, 16.35793304, 30.58232117, 16.35793304, 20.50147247]"
1907,"[16.35793304, 20.50147247, 16.35793304, 20.50147247, 16.35793304, 20.50147247, 20.50147247, 20.50147247, 20.50147247, 10.85316372, 16.35793304, 12.86226368, 20.50147247, 20.50147247, 25.40196991, 20.50147247, 20.50147247, 16.35793304, 20.50147247, 16.35793304, 20.50147247, 16.35793304, 25.40196991, 16.35793304, 20.50147247]"
1908,"[16.35793304, 16.35793304, 16.35793304, 20.50147247, 16.35793304, 20.50147247, 20.50147247, 20.50147247, 20.50147247, 10.85316372, 16.35793304, 12.86226368, 20.50147247, 20.50147247, 16.35793304, 25.40196991, 20.50147247, 20.50147247, 16.35793304, 16.35793304, 20.50147247, 16.35793304, 25.40196991, 16.35793304, 20.50147247]"
1909,"[16.35793304, 16.35793304, 20.50147247, 20.50147247, 30.58232117, 16.35793304, 20.50147247, 20.50147247, 20.50147247, 10.85316372, 16.35793304, 12.86226368, 20.50147247, 20.50147247, 20.50147247, 20.50147247, 20.50147247, 30.58232117, 16.35793304, 16.35793304, 20.50147247, 16.35793304, 30.58232117, 20.50147247, 20.50147247]"
1910,"[16.35793304, 20.50147247, 20.50147247, 20.50147247, 30.58232117, 16.35793304, 20.50147247, 20.50147247, 20.50147247, 10.85316372, 16.35793304, 12.86226368, 20.50147247, 25.40196991, 20.50147247, 20.50147247, 20.50147247, 10.85316372, 12.86226368, 16.35793304, 20.50147247, 16.35793304, 30.58232117, 16.35793304, 20.50147247]"
1911,"[16.35793304, 16.35793304, 16.35793304, 20.50147247, 30.58232117, 20.50147247, 20.50147247, 20.50147247, 20.50147247, 10.85316372, 16.35793304, 12.86226368, 20.50147247, 20.50147247, 20.50147247, 20.50147247, 20.50147247, 30.58232117, 12.86226368, 16.35793304, 20.50147247, 16.35793304, 10.85316372, 16.35793304, 20.50147247]"
1912,"[16.35793304, 16.35793304, 16.35793304, 20.50147247, 20.50147247, 20.50147247, 16.35793304, 20.50147247, 20.50147247, 10.85316372, 16.35793304, 12.86226368, 20.50147247, 20.50147247, 20.50147247, 20.50147247, 20.50147247, 20.50147247, 12.86226368, 16.35793304, 20.50147247, 16.35793304, 30.58232117, 16.35793304, 20.50147247]"
1913,"[16.35793304, 16.35793304, 16.35793304, 20.50147247, 16.35793304, 20.50147247, 16.35793304, 20.50147247, 16.35793304, 10.85316372, 16.35793304, 12.86226368, 25.40196991, 20.50147247, 20.50147247, 16.35793304, 20.50147247, 20.50147247, 12.86226368, 16.35793304, 20.50147247, 16.35793304, 25.40196991, 16.35793304, 20.50147247]"
1914,"[16.35793304, 16.35793304, 16.35793304, 20.50147247, 16.35793304, 16.35793304, 16.35793304, 20.50147247, 16.35793304, 10.85316372, 16.35793304, 12.86226368, 20.50147247, 20.50147247, 20.50147247, 16.35793304, 20.50147247, 20.50147247, 12.86226368, 20.50147247, 20.50147247, 16.35793304, 30.58232117, 20.50147247, 20.50147247]"
1915,"[20.50147247, 16.35793304, 16.35793304, 20.50147247, 16.35793304, 20.50147247, 16.35793304, 20.50147247, 16.35793304, 10.85316372, 16.35793304, 12.86226368, 25.40196991, 20.50147247, 25.40196991, 20.50147247, 20.50147247, 20.50147247, 16.35793304, 16.35793304, 20.50147247, 16.35793304, 25.40196991, 20.50147247, 20.50147247]"
1916,"[16.35793304, 16.35793304, 16.35793304, 20.50147247, 16.35793304, 20.50147247, 16.35793304, 20.50147247, 16.35793304, 10.85316372, 16.35793304, 12.86226368, 25.40196991, 20.50147247, 20.50147247, 16.35793304, 20.50147247, 16.35793304, 16.35793304, 16.35793304, 20.50147247, 16.35793304, 30.58232117, 16.35793304, 40.12710953]"
1917,"[16.35793304, 16.35793304, 16.35793304, 20.50147247, 16.35793304, 16.35793304, 16.35793304, 20.50147247, 16.35793304, 10.85316372, 16.35793304, 12.86226368, 25.40196991, 20.50147247, 16.35793304, 16.35793304, 20.50147247, 16.35793304, 12.86226368, 16.35793304, 20.50147247, 16.35793304, 10.85316372, 16.35793304, 41.84679413]"
1918,"[16.35793304, 16.35793304, 16.35793304, 20.50147247, 16.35793304, 20.50147247, 16.35793304, 20.50147247, 16.35793304, 10.85316372, 16.35793304, 12.86226368, 20.50147247, 20.50147247, 12.86226368, 16.35793304, 20.50147247, 11.05874348, 16.35793304, 12.86226368, 20.50147247, 16.35793304, 30.58232117, 16.35793304, 44.33079147]"
1919,"[16.35793304, 16.35793304, 16.35793304, 20.50147247, 16.35793304, 20.50147247, 16.35793304, 20.50147247, 20.50147247, 10.85316372, 16.35793304, 12.86226368, 20.50147247, 16.35793304, 20.50147247, 16.35793304, 20.50147247, 12.86226368, 16.35793304, 16.35793304, 20.50147247, 16.35793304, 25.40196991, 16.35793304, 42.99325562]"
1920,"[16.35793304, 16.35793304, 16.35793304, 20.50147247, 16.35793304, 20.50147247, 16.35793304, 20.50147247, 20.50147247, 10.85316372, 16.35793304, 12.86226368, 20.50147247, 16.35793304, 16.35793304, 16.35793304, 20.50147247, 12.86226368, 16.35793304, 16.35793304, 20.50147247, 16.35793304, 25.40196991, 12.86226368, 41.46464157]"
1921,"[16.35793304, 12.86226368, 12.86226368, 20.50147247, 16.35793304, 20.50147247, 20.50147247, 20.50147247, 16.35793304, 10.85316372, 16.35793304, 12.86226368, 20.50147247, 16.35793304, 16.35793304, 16.35793304, 20.50147247, 16.35793304, 16.35793304, 12.86226368, 20.50147247, 16.35793304, 30.58232117, 12.86226368, 40.50926208]"
1922,"[12.86226368, 16.35793304, 12.86226368, 20.50147247, 16.35793304, 20.50147247, 20.50147247, 20.50147247, 20.50147247, 10.85316372, 16.35793304, 12.86226368, 20.50147247, 16.35793304, 12.86226368, 16.35793304, 20.50147247, 12.86226368, 16.35793304, 12.86226368, 20.50147247, 16.35793304, 25.40196991, 43.37540817, 41.84679413]"
1923,"[16.35793304, 16.35793304, 12.86226368, 16.35793304, 16.35793304, 20.50147247, 20.50147247, 20.50147247, 20.50147247, 10.85316372, 16.35793304, 12.86226368, 20.50147247, 16.35793304, 16.35793304, 16.35793304, 20.50147247, 16.35793304, 16.35793304, 12.86226368, 20.50147247, 16.35793304, 30.58232117, 48.15231323, 41.65571976]"
1924,"[16.35793304, 16.35793304, 12.86226368, 16.35793304, 16.35793304, 20.50147247, 20.50147247, 20.50147247, 16.35793304, 10.85316372, 16.35793304, 12.86226368, 20.50147247, 16.35793304, 16.35793304, 16.35793304, 20.50147247, 16.35793304, 16.35793304, 12.86226368, 20.50147247, 16.35793304, 25.40196991, 12.86226368, 40.50926208]"
1925,"[12.86226368, 12.86226368, 12.86226368, 16.35793304, 12.86226368, 16.35793304, 16.35793304, 16.35793304, 16.35793304, 25.40196991, 16.35793304, 12.86226368, 20.50147247, 16.35793304, 12.86226368, 20.50147247, 20.50147247, 16.35793304, 16.35793304, 12.86226368, 20.50147247, 16.35793304, 25.40196991, 12.86226368, 39.93603134]"
1926,"[12.86226368, 12.86226368, 12.86226368, 16.35793304, 12.86226368, 20.50147247, 16.35793304, 20.50147247, 12.86226368, 30.58232117, 12.86226368, 12.86226368, 20.50147247, 16.35793304, 16.35793304, 16.35793304, 20.50147247, 12.86226368, 16.35793304, 12.86226368, 20.50147247, 16.35793304, 20.50147247, 16.35793304, 36.45310974]"
1927,"[12.86226368, 12.86226368, 12.86226368, 16.35793304, 12.86226368, 20.50147247, 16.35793304, 20.50147247, 16.35793304, 30.58232117, 12.86226368, 12.86226368, 20.50147247, 16.35793304, 16.35793304, 16.35793304, 20.50147247, 12.86226368, 12.86226368, 12.86226368, 20.50147247, 16.35793304, 30.58232117, 12.86226368, 10.85316372]"
1928,"[16.35793304, 12.86226368, 12.86226368, 16.35793304, 12.86226368, 16.35793304, 16.35793304, 20.50147247, 16.35793304, 30.58232117, 12.86226368, 12.86226368, 20.50147247, 16.35793304, 16.35793304, 12.86226368, 20.50147247, 12.86226368, 12.86226368, 12.86226368, 20.50147247, 16.35793304, 25.40196991, 12.86226368, 25.40196991]"
1929,"[12.86226368, 12.86226368, 12.86226368, 16.35793304, 12.86226368, 20.50147247, 16.35793304, 20.50147247, 16.35793304, 25.40196991, 12.86226368, 12.86226368, 20.50147247, 16.35793304, 12.86226368, 16.35793304, 20.50147247, 12.86226368, 12.86226368, 12.86226368, 20.50147247, 16.35793304, 25.40196991, 12.86226368, 25.40196991]"
1930,"[12.86226368, 12.86226368, 12.86226368, 16.35793304, 12.86226368, 20.50147247, 16.35793304, 20.50147247, 16.35793304, 25.40196991, 12.86226368, 12.86226368, 20.50147247, 16.35793304, 12.86226368, 12.86226368, 20.50147247, 12.86226368, 11.05874348, 12.86226368, 20.50147247, 16.35793304, 20.50147247, 12.86226368, 20.50147247]"
1931,"[16.35793304, 12.86226368, 12.86226368, 16.35793304, 12.86226368, 20.50147247, 12.86226368, 20.50147247, 16.35793304, 25.40196991, 12.86226368, 12.86226368, 20.50147247, 16.35793304, 12.86226368, 12.86226368, 20.50147247, 12.86226368, 12.86226368, 12.86226368, 20.50147247, 16.35793304, 25.40196991, 12.86226368, 20.50147247]"
1932,"[12.86226368, 16.35793304, 12.86226368, 16.35793304, 12.86226368, 20.50147247, 12.86226368, 20.50147247, 12.86226368, 30.58232117, 12.86226368, 11.05874348, 20.50147247, 16.35793304, 16.35793304, 12.86226368, 20.50147247, 12.86226368, 12.86226368, 12.86226368, 20.50147247, 16.35793304, 20.50147247, 12.86226368, 20.50147247]"
1933,"[12.86226368, 12.86226368, 12.86226368, 16.35793304, 12.86226368, 20.50147247, 12.86226368, 20.50147247, 12.86226368, 30.58232117, 12.86226368, 12.86226368, 20.50147247, 16.35793304, 12.86226368, 12.86226368, 20.50147247, 12.86226368, 12.86226368, 12.86226368, 20.50147247, 16.35793304, 25.40196991, 12.86226368, 16.35793304]"
1934,"[12.86226368, 12.86226368, 12.86226368, 16.35793304, 12.86226368, 20.50147247, 12.86226368, 20.50147247, 16.35793304, 30.58232117, 12.86226368, 12.86226368, 20.50147247, 16.35793304, 16.35793304, 12.86226368, 20.50147247, 12.86226368, 12.86226368, 12.86226368, 20.50147247, 16.35793304, 20.50147247, 12.86226368, 20.50147247]"
1935,"[16.35793304, 12.86226368, 12.86226368, 16.35793304, 12.86226368, 20.50147247, 12.86226368, 20.50147247, 16.35793304, 25.40196991, 12.86226368, 12.86226368, 25.40196991, 16.35793304, 12.86226368, 12.86226368, 20.50147247, 12.86226368, 12.86226368, 12.86226368, 20.50147247, 16.35793304, 25.40196991, 12.86226368, 20.50147247]"
1936,"[16.35793304, 12.86226368, 12.86226368, 16.35793304, 12.86226368, 20.50147247, 12.86226368, 20.50147247, 16.35793304, 30.58232117, 12.86226368, 12.86226368, 20.50147247, 16.35793304, 16.35793304, 12.86226368, 20.50147247, 12.86226368, 12.86226368, 12.86226368, 20.50147247, 16.35793304, 25.40196991, 12.86226368, 20.50147247]"
1937,"[12.86226368, 12.86226368, 12.86226368, 16.35793304, 16.35793304, 20.50147247, 12.86226368, 20.50147247, 16.35793304, 25.40196991, 12.86226368, 12.86226368, 25.40196991, 16.35793304, 12.86226368, 12.86226368, 20.50147247, 12.86226368, 12.86226368, 12.86226368, 20.50147247, 16.35793304, 25.40196991, 12.86226368, 25.40196991]"
1938,"[12.86226368, 12.86226368, 12.86226368, 16.35793304, 16.35793304, 20.50147247, 12.86226368, 20.50147247, 16.35793304, 30.58232117, 12.86226368, 12.86226368, 25.40196991, 16.35793304, 16.35793304, 16.35793304, 20.50147247, 12.86226368, 12.86226368, 12.86226368, 20.50147247, 16.35793304, 30.58232117, 12.86226368, 25.40196991]"
1939,"[16.35793304, 12.86226368, 12.86226368, 16.35793304, 16.35793304, 20.50147247, 12.86226368, 20.50147247, 16.35793304, 30.58232117, 12.86226368, 12.86226368, 25.40196991, 16.35793304, 16.35793304, 16.35793304, 20.50147247, 12.86226368, 12.86226368, 12.86226368, 20.50147247, 16.35793304, 25.40196991, 12.86226368, 25.40196991]"
1940,"[12.86226368, 12.86226368, 12.86226368, 16.35793304, 16.35793304, 20.50147247, 16.35793304, 20.50147247, 16.35793304, 25.40196991, 12.86226368, 12.86226368, 25.40196991, 16.35793304, 16.35793304, 16.35793304, 20.50147247, 12.86226368, 12.86226368, 12.86226368, 20.50147247, 16.35793304, 25.40196991, 12.86226368, 25.40196991]"
1941,"[12.86226368, 12.86226368, 12.86226368, 16.35793304, 16.35793304, 20.50147247, 16.35793304, 20.50147247, 16.35793304, 25.40196991, 16.35793304, 12.86226368, 25.40196991, 16.35793304, 16.35793304, 20.50147247, 20.50147247, 12.86226368, 12.86226368, 12.86226368, 20.50147247, 16.35793304, 20.50147247, 12.86226368, 20.50147247]"
1942,"[16.35793304, 12.86226368, 12.86226368, 16.35793304, 16.35793304, 20.50147247, 16.35793304, 20.50147247, 16.35793304, 25.40196991, 16.35793304, 12.86226368, 25.40196991, 16.35793304, 16.35793304, 20.50147247, 20.50147247, 12.86226368, 12.86226368, 12.86226368, 20.50147247, 16.35793304, 30.58232117, 12.86226368, 16.35793304]"
1943,"[16.35793304, 12.86226368, 12.86226368, 16.35793304, 16.35793304, 20.50147247, 16.35793304, 20.50147247, 16.35793304, 25.40196991, 16.35793304, 12.86226368, 25.40196991, 16.35793304, 16.35793304, 30.58232117, 20.50147247, 12.86226368, 12.86226368, 12.86226368, 20.50147247, 16.35793304, 25.40196991, 12.86226368, 16.35793304]"
1944,"[12.86226368, 12.86226368, 12.86226368, 16.35793304, 16.35793304, 20.50147247, 16.35793304, 20.50147247, 16.35793304, 30.58232117, 12.86226368, 12.86226368, 25.40196991, 16.35793304, 16.35793304, 30.58232117, 20.50147247, 12.86226368, 12.86226368, 12.86226368, 20.50147247, 16.35793304, 25.40196991, 12.86226368, 20.50147247]"
1945,"[16.35793304, 12.86226368, 12.86226368, 16.35793304, 16.35793304, 20.50147247, 16.35793304, 20.50147247, 16.35793304, 10.85316372, 12.86226368, 12.86226368, 25.40196991, 16.35793304, 16.35793304, 25.40196991, 20.50147247, 12.86226368, 12.86226368, 12.86226368, 20.50147247, 16.35793304, 30.58232117, 12.86226368, 25.40196991]"
1946,"[16.35793304, 12.86226368, 12.86226368, 16.35793304, 16.35793304, 20.50147247, 16.35793304, 20.50147247, 16.35793304, 30.58232117, 12.86226368, 12.86226368, 25.40196991, 16.35793304, 16.35793304, 20.50147247, 20.50147247, 12.86226368, 12.86226368, 12.86226368, 20.50147247, 16.35793304, 30.58232117, 12.86226368, 20.50147247]"
1947,"[16.35793304, 12.86226368, 12.86226368, 16.35793304, 20.50147247, 20.50147247, 12.86226368, 20.50147247, 16.35793304, 30.58232117, 12.86226368, 12.86226368, 20.50147247, 16.35793304, 20.50147247, 16.35793304, 20.50147247, 16.35793304, 12.86226368, 12.86226368, 20.50147247, 16.35793304, 30.58232117, 12.86226368, 20.50147247]"
1948,"[16.35793304, 12.86226368, 12.86226368, 16.35793304, 20.50147247, 20.50147247, 12.86226368, 20.50147247, 16.35793304, 30.58232117, 12.86226368, 12.86226368, 25.40196991, 20.50147247, 16.35793304, 20.50147247, 20.50147247, 12.86226368, 12.86226368, 12.86226368, 20.50147247, 16.35793304, 25.40196991, 12.86226368, 20.50147247]"
1949,"[12.86226368, 12.86226368, 12.86226368, 16.35793304, 20.50147247, 20.50147247, 12.86226368, 20.50147247, 12.86226368, 30.58232117, 12.86226368, 12.86226368, 25.40196991, 20.50147247, 16.35793304, 20.50147247, 20.50147247, 12.86226368, 12.86226368, 12.86226368, 20.50147247, 16.35793304, 25.40196991, 12.86226368, 20.50147247]"
1950,"[12.86226368, 12.86226368, 12.86226368, 16.35793304, 25.40196991, 20.50147247, 12.86226368, 20.50147247, 16.35793304, 25.40196991, 12.86226368, 12.86226368, 25.40196991, 20.50147247, 16.35793304, 30.58232117, 25.40196991, 12.86226368, 12.86226368, 12.86226368, 20.50147247, 16.35793304, 30.58232117, 12.86226368, 25.40196991]"
1951,"[12.86226368, 12.86226368, 12.86226368, 16.35793304, 20.50147247, 20.50147247, 12.86226368, 20.50147247, 16.35793304, 30.58232117, 12.86226368, 12.86226368, 25.40196991, 20.50147247, 16.35793304, 34.56784439, 20.50147247, 12.86226368, 12.86226368, 12.86226368, 20.50147247, 16.35793304, 30.58232117, 16.35793304, 20.50147247]"
1952,"[12.86226368, 12.86226368, 12.86226368, 16.35793304, 20.50147247, 20.50147247, 12.86226368, 20.50147247, 16.35793304, 10.85316372, 12.86226368, 12.86226368, 20.50147247, 16.35793304, 16.35793304, 20.50147247, 20.50147247, 16.35793304, 12.86226368, 12.86226368, 20.50147247, 16.35793304, 25.40196991, 12.86226368, 25.40196991]"
1953,"[16.35793304, 12.86226368, 12.86226368, 16.35793304, 20.50147247, 20.50147247, 12.86226368, 20.50147247, 16.35793304, 30.58232117, 12.86226368, 12.86226368, 25.40196991, 16.35793304, 16.35793304, 16.35793304, 20.50147247, 12.86226368, 12.86226368, 12.86226368, 20.50147247, 16.35793304, 25.40196991, 12.86226368, 20.50147247]"
1954,"[12.86226368, 12.86226368, 12.86226368, 16.35793304, 25.40196991, 20.50147247, 12.86226368, 20.50147247, 16.35793304, 30.58232117, 12.86226368, 12.86226368, 25.40196991, 20.50147247, 16.35793304, 16.35793304, 25.40196991, 16.35793304, 12.86226368, 12.86226368, 20.50147247, 16.35793304, 25.40196991, 16.35793304, 20.50147247]"
1955,"[16.35793304, 16.35793304, 16.35793304, 16.35793304, 20.50147247, 20.50147247, 16.35793304, 20.50147247, 16.35793304, 30.58232117, 16.35793304, 12.86226368, 25.40196991, 20.50147247, 16.35793304, 16.35793304, 25.40196991, 16.35793304, 12.86226368, 12.86226368, 25.40196991, 16.35793304, 25.40196991, 16.35793304, 20.50147247]"
1956,"[16.35793304, 16.35793304, 16.35793304, 16.35793304, 20.50147247, 20.50147247, 12.86226368, 20.50147247, 16.35793304, 10.85316372, 16.35793304, 12.86226368, 25.40196991, 20.50147247, 20.50147247, 16.35793304, 25.40196991, 16.35793304, 12.86226368, 16.35793304, 25.40196991, 20.50147247, 25.40196991, 16.35793304, 16.35793304]"
1957,"[16.35793304, 16.35793304, 16.35793304, 20.50147247, 20.50147247, 20.50147247, 16.35793304, 20.50147247, 16.35793304, 30.58232117, 16.35793304, 16.35793304, 25.40196991, 20.50147247, 20.50147247, 20.50147247, 25.40196991, 16.35793304, 12.86226368, 16.35793304, 25.40196991, 20.50147247, 25.40196991, 16.35793304, 20.50147247]"
1958,"[16.35793304, 16.35793304, 16.35793304, 20.50147247, 20.50147247, 20.50147247, 16.35793304, 20.50147247, 16.35793304, 30.58232117, 16.35793304, 16.35793304, 25.40196991, 20.50147247, 12.86226368, 20.50147247, 25.40196991, 16.35793304, 16.35793304, 16.35793304, 25.40196991, 20.50147247, 30.58232117, 16.35793304, 20.50147247]"
1959,"[16.35793304, 16.35793304, 16.35793304, 20.50147247, 20.50147247, 20.50147247, 16.35793304, 20.50147247, 20.50147247, 30.58232117, 16.35793304, 12.86226368, 25.40196991, 16.35793304, 25.40196991, 20.50147247, 25.40196991, 20.50147247, 16.35793304, 16.35793304, 25.40196991, 16.35793304, 10.85316372, 16.35793304, 20.50147247]"
1960,"[16.35793304, 16.35793304, 16.35793304, 20.50147247, 20.50147247, 20.50147247, 16.35793304, 25.40196991, 20.50147247, 30.58232117, 16.35793304, 12.86226368, 25.40196991, 16.35793304, 16.35793304, 20.50147247, 25.40196991, 16.35793304, 16.35793304, 16.35793304, 25.40196991, 16.35793304, 25.40196991, 16.35793304, 20.50147247]"
1961,"[20.50147247, 16.35793304, 16.35793304, 20.50147247, 20.50147247, 20.50147247, 20.50147247, 25.40196991, 20.50147247, 10.85316372, 20.50147247, 12.86226368, 25.40196991, 20.50147247, 20.50147247, 20.50147247, 25.40196991, 16.35793304, 16.35793304, 16.35793304, 20.50147247, 16.35793304, 25.40196991, 16.35793304, 25.40196991]"
1962,"[20.50147247, 16.35793304, 16.35793304, 20.50147247, 16.35793304, 20.50147247, 20.50147247, 25.40196991, 20.50147247, 30.58232117, 16.35793304, 12.86226368, 25.40196991, 16.35793304, 20.50147247, 20.50147247, 20.50147247, 20.50147247, 20.50147247, 16.35793304, 20.50147247, 16.35793304, 25.40196991, 16.35793304, 25.40196991]"
1963,"[16.35793304, 16.35793304, 16.35793304, 20.50147247, 20.50147247, 20.50147247, 20.50147247, 20.50147247, 16.35793304, 10.85316372, 16.35793304, 12.86226368, 20.50147247, 16.35793304, 20.50147247, 20.50147247, 20.50147247, 16.35793304, 25.40196991, 12.86226368, 20.50147247, 16.35793304, 30.58232117, 16.35793304, 30.58232117]"
1964,"[12.86226368, 16.35793304, 16.35793304, 20.50147247, 16.35793304, 20.50147247, 16.35793304, 20.50147247, 20.50147247, 25.40196991, 16.35793304, 12.86226368, 25.40196991, 16.35793304, 16.35793304, 20.50147247, 20.50147247, 20.50147247, 16.35793304, 16.35793304, 20.50147247, 16.35793304, 30.58232117, 16.35793304, 30.58232117]"
1965,"[11.05874348, 16.35793304, 16.35793304, 20.50147247, 20.50147247, 20.50147247, 16.35793304, 20.50147247, 20.50147247, 30.58232117, 16.35793304, 12.86226368, 25.40196991, 20.50147247, 20.50147247, 25.40196991, 20.50147247, 16.35793304, 20.50147247, 20.50147247, 20.50147247, 16.35793304, 20.50147247, 16.35793304, 25.40196991]"
1966,"[16.35793304, 16.35793304, 16.35793304, 20.50147247, 20.50147247, 20.50147247, 20.50147247, 25.40196991, 16.35793304, 30.58232117, 16.35793304, 12.86226368, 25.40196991, 20.50147247, 25.40196991, 10.85316372, 20.50147247, 16.35793304, 20.50147247, 16.35793304, 20.50147247, 16.35793304, 25.40196991, 20.50147247, 25.40196991]"
1967,"[16.35793304, 16.35793304, 16.35793304, 20.50147247, 16.35793304, 20.50147247, 20.50147247, 25.40196991, 20.50147247, 30.58232117, 16.35793304, 12.86226368, 25.40196991, 20.50147247, 25.40196991, 25.40196991, 20.50147247, 16.35793304, 20.50147247, 16.35793304, 20.50147247, 16.35793304, 25.40196991, 16.35793304, 25.40196991]"
1968,"[16.35793304, 16.35793304, 20.50147247, 20.50147247, 16.35793304, 20.50147247, 20.50147247, 20.50147247, 20.50147247, 30.58232117, 16.35793304, 12.86226368, 25.40196991, 20.50147247, 20.50147247, 30.58232117, 20.50147247, 16.35793304, 16.35793304, 16.35793304, 20.50147247, 16.35793304, 20.50147247, 16.35793304, 20.50147247]"
1969,"[16.35793304, 16.35793304, 20.50147247, 20.50147247, 16.35793304, 20.50147247, 20.50147247, 25.40196991, 16.35793304, 30.58232117, 16.35793304, 16.35793304, 25.40196991, 20.50147247, 25.40196991, 30.58232117, 20.50147247, 16.35793304, 16.35793304, 16.35793304, 20.50147247, 16.35793304, 25.40196991, 16.35793304, 20.50147247]"
1970,"[16.35793304, 16.35793304, 16.35793304, 20.50147247, 20.50147247, 20.50147247, 20.50147247, 25.40196991, 20.50147247, 25.40196991, 16.35793304, 16.35793304, 25.40196991, 20.50147247, 20.50147247, 30.58232117, 20.50147247, 16.35793304, 16.35793304, 16.35793304, 20.50147247, 16.35793304, 30.58232117, 16.35793304, 16.35793304]"
1971,"[16.35793304, 16.35793304, 16.35793304, 20.50147247, 25.40196991, 20.50147247, 16.35793304, 25.40196991, 20.50147247, 25.40196991, 16.35793304, 12.86226368, 25.40196991, 20.50147247, 12.86226368, 10.85316372, 20.50147247, 20.50147247, 16.35793304, 16.35793304, 20.50147247, 16.35793304, 25.40196991, 20.50147247, 16.35793304]"
1972,"[16.35793304, 20.50147247, 16.35793304, 20.50147247, 25.40196991, 20.50147247, 16.35793304, 25.40196991, 20.50147247, 30.58232117, 16.35793304, 12.86226368, 25.40196991, 25.40196991, 20.50147247, 36.45310974, 20.50147247, 16.35793304, 12.86226368, 16.35793304, 20.50147247, 16.35793304, 25.40196991, 20.50147247, 20.50147247]"
1973,"[16.35793304, 20.50147247, 16.35793304, 20.50147247, 25.40196991, 20.50147247, 20.50147247, 25.40196991, 20.50147247, 25.40196991, 20.50147247, 12.86226368, 25.40196991, 20.50147247, 20.50147247, 36.45310974, 20.50147247, 16.35793304, 16.35793304, 20.50147247, 20.50147247, 16.35793304, 30.58232117, 20.50147247, 20.50147247]"
1974,"[20.50147247, 16.35793304, 16.35793304, 20.50147247, 30.58232117, 20.50147247, 20.50147247, 25.40196991, 20.50147247, 25.40196991, 20.50147247, 12.86226368, 25.40196991, 20.50147247, 16.35793304, 36.45310974, 20.50147247, 20.50147247, 16.35793304, 16.35793304, 20.50147247, 16.35793304, 30.58232117, 20.50147247, 20.50147247]"
1975,"[16.35793304, 16.35793304, 12.86226368, 20.50147247, 30.58232117, 20.50147247, 16.35793304, 25.40196991, 20.50147247, 30.58232117, 16.35793304, 12.86226368, 25.40196991, 20.50147247, 16.35793304, 25.40196991, 20.50147247, 20.50147247, 12.86226368, 16.35793304, 20.50147247, 16.35793304, 30.58232117, 20.50147247, 20.50147247]"
1976,"[16.35793304, 16.35793304, 12.86226368, 16.35793304, 25.40196991, 20.50147247, 16.35793304, 25.40196991, 20.50147247, 25.40196991, 16.35793304, 12.86226368, 25.40196991, 20.50147247, 20.50147247, 20.50147247, 20.50147247, 20.50147247, 16.35793304, 16.35793304, 20.50147247, 16.35793304, 30.58232117, 20.50147247, 20.50147247]"
1977,"[16.35793304, 16.35793304, 16.35793304, 16.35793304, 25.40196991, 20.50147247, 16.35793304, 20.50147247, 16.35793304, 34.56784439, 16.35793304, 12.86226368, 25.40196991, 20.50147247, 20.50147247, 20.50147247, 20.50147247, 16.35793304, 16.35793304, 16.35793304, 20.50147247, 16.35793304, 30.58232117, 20.50147247, 25.40196991]"
1978,"[16.35793304, 16.35793304, 16.35793304, 20.50147247, 25.40196991, 20.50147247, 16.35793304, 20.50147247, 16.35793304, 10.85316372, 16.35793304, 12.86226368, 25.40196991, 20.50147247, 20.50147247, 16.35793304, 25.40196991, 16.35793304, 12.86226368, 16.35793304, 20.50147247, 16.35793304, 30.58232117, 20.50147247, 25.40196991]"
1979,"[16.35793304, 16.35793304, 16.35793304, 20.50147247, 25.40196991, 16.35793304, 16.35793304, 25.40196991, 20.50147247, 30.58232117, 16.35793304, 12.86226368, 25.40196991, 25.40196991, 16.35793304, 20.50147247, 25.40196991, 20.50147247, 12.86226368, 16.35793304, 20.50147247, 16.35793304, 10.85316372, 20.50147247, 20.50147247]"
1980,"[16.35793304, 16.35793304, 16.35793304, 20.50147247, 25.40196991, 20.50147247, 20.50147247, 25.40196991, 20.50147247, 30.58232117, 16.35793304, 12.86226368, 25.40196991, 25.40196991, 25.40196991, 20.50147247, 25.40196991, 20.50147247, 12.86226368, 20.50147247, 20.50147247, 16.35793304, 10.85316372, 20.50147247, 25.40196991]"
1981,"[20.50147247, 20.50147247, 20.50147247, 20.50147247, 30.58232117, 20.50147247, 20.50147247, 25.40196991, 20.50147247, 10.85316372, 20.50147247, 16.35793304, 25.40196991, 25.40196991, 30.58232117, 25.40196991, 25.40196991, 25.40196991, 12.86226368, 20.50147247, 25.40196991, 16.35793304, 10.85316372, 20.50147247, 25.40196991]"
1982,"[25.40196991, 20.50147247, 20.50147247, 20.50147247, 25.40196991, 20.50147247, 20.50147247, 30.58232117, 25.40196991, 10.85316372, 25.40196991, 20.50147247, 30.58232117, 25.40196991, 30.58232117, 30.58232117, 25.40196991, 25.40196991, 16.35793304, 25.40196991, 20.50147247, 16.35793304, 10.85316372, 20.50147247, 25.40196991]"
1983,"[25.40196991, 20.50147247, 20.50147247, 25.40196991, 25.40196991, 20.50147247, 20.50147247, 30.58232117, 20.50147247, 34.56784439, 25.40196991, 20.50147247, 30.58232117, 25.40196991, 25.40196991, 25.40196991, 20.50147247, 30.58232117, 30.58232117, 20.50147247, 20.50147247, 16.35793304, 25.40196991, 20.50147247, 30.58232117]"
1984,"[20.50147247, 20.50147247, 20.50147247, 25.40196991, 25.40196991, 16.35793304, 20.50147247, 30.58232117, 20.50147247, 34.56784439, 25.40196991, 16.35793304, 30.58232117, 25.40196991, 25.40196991, 25.40196991, 25.40196991, 25.40196991, 25.40196991, 20.50147247, 20.50147247, 16.35793304, 10.85316372, 20.50147247, 25.40196991]"
1985,"[20.50147247, 20.50147247, 20.50147247, 25.40196991, 20.50147247, 20.50147247, 25.40196991, 25.40196991, 16.35793304, 10.85316372, 20.50147247, 16.35793304, 25.40196991, 20.50147247, 25.40196991, 25.40196991, 20.50147247, 30.58232117, 20.50147247, 20.50147247, 20.50147247, 16.35793304, 30.58232117, 20.50147247, 25.40196991]"
1986,"[25.40196991, 20.50147247, 25.40196991, 25.40196991, 25.40196991, 20.50147247, 25.40196991, 25.40196991, 20.50147247, 30.58232117, 20.50147247, 16.35793304, 25.40196991, 20.50147247, 25.40196991, 25.40196991, 20.50147247, 20.50147247, 25.40196991, 25.40196991, 20.50147247, 16.35793304, 25.40196991, 16.35793304, 25.40196991]"
1987,"[25.40196991, 20.50147247, 20.50147247, 25.40196991, 20.50147247, 20.50147247, 25.40196991, 30.58232117, 20.50147247, 30.58232117, 20.50147247, 16.35793304, 25.40196991, 20.50147247, 25.40196991, 30.58232117, 20.50147247, 20.50147247, 25.40196991, 20.50147247, 20.50147247, 16.35793304, 10.85316372, 20.50147247, 25.40196991]"
1988,"[20.50147247, 20.50147247, 16.35793304, 25.40196991, 20.50147247, 20.50147247, 25.40196991, 25.40196991, 20.50147247, 25.40196991, 20.50147247, 16.35793304, 25.40196991, 20.50147247, 25.40196991, 25.40196991, 20.50147247, 25.40196991, 30.58232117, 25.40196991, 20.50147247, 16.35793304, 30.58232117, 20.50147247, 25.40196991]"
1989,"[20.50147247, 20.50147247, 20.50147247, 20.50147247, 20.50147247, 20.50147247, 25.40196991, 25.40196991, 20.50147247, 10.85316372, 20.50147247, 16.35793304, 25.40196991, 20.50147247, 25.40196991, 25.40196991, 20.50147247, 20.50147247, 25.40196991, 25.40196991, 20.50147247, 16.35793304, 25.40196991, 20.50147247, 20.50147247]"
1990,"[20.50147247, 20.50147247, 20.50147247, 25.40196991, 16.35793304, 20.50147247, 25.40196991, 25.40196991, 20.50147247, 30.58232117, 20.50147247, 16.35793304, 25.40196991, 20.50147247, 30.58232117, 10.85316372, 20.50147247, 16.35793304, 25.40196991, 16.35793304, 20.50147247, 16.35793304, 30.58232117, 25.40196991, 25.40196991]"
1991,"[20.50147247, 20.50147247, 20.50147247, 20.50147247, 20.50147247, 20.50147247, 25.40196991, 25.40196991, 20.50147247, 10.85316372, 16.35793304, 16.35793304, 25.40196991, 20.50147247, 20.50147247, 10.85316372, 20.50147247, 20.50147247, 25.40196991, 16.35793304, 20.50147247, 16.35793304, 30.58232117, 20.50147247, 20.50147247]"
1992,"[20.50147247, 20.50147247, 20.50147247, 20.50147247, 20.50147247, 20.50147247, 20.50147247, 25.40196991, 25.40196991, 30.58232117, 16.35793304, 16.35793304, 25.40196991, 20.50147247, 20.50147247, 36.45310974, 20.50147247, 16.35793304, 16.35793304, 16.35793304, 20.50147247, 16.35793304, 25.40196991, 16.35793304, 20.50147247]"
1993,"[20.50147247, 20.50147247, 20.50147247, 20.50147247, 30.58232117, 20.50147247, 20.50147247, 25.40196991, 25.40196991, 36.45310974, 16.35793304, 16.35793304, 25.40196991, 20.50147247, 25.40196991, 10.85316372, 20.50147247, 20.50147247, 16.35793304, 16.35793304, 20.50147247, 16.35793304, 30.58232117, 20.50147247, 20.50147247]"
1994,"[20.50147247, 20.50147247, 16.35793304, 20.50147247, 10.85316372, 20.50147247, 20.50147247, 25.40196991, 25.40196991, 30.58232117, 16.35793304, 12.86226368, 25.40196991, 20.50147247, 16.35793304, 30.58232117, 20.50147247, 20.50147247, 16.35793304, 20.50147247, 20.50147247, 16.35793304, 10.85316372, 20.50147247, 20.50147247]"
1995,"[25.40196991, 20.50147247, 20.50147247, 20.50147247, 10.85316372, 20.50147247, 20.50147247, 25.40196991, 25.40196991, 30.58232117, 20.50147247, 12.86226368, 25.40196991, 25.40196991, 20.50147247, 25.40196991, 20.50147247, 25.40196991, 16.35793304, 20.50147247, 20.50147247, 16.35793304, 10.85316372, 20.50147247, 25.40196991]"
1996,"[20.50147247, 20.50147247, 20.50147247, 20.50147247, 10.85316372, 20.50147247, 20.50147247, 25.40196991, 20.50147247, 36.45310974, 20.50147247, 12.86226368, 25.40196991, 25.40196991, 20.50147247, 25.40196991, 20.50147247, 20.50147247, 16.35793304, 16.35793304, 20.50147247, 16.35793304, 30.58232117, 20.50147247, 20.50147247]"
1997,"[20.50147247, 20.50147247, 16.35793304, 20.50147247, 30.58232117, 20.50147247, 20.50147247, 25.40196991, 25.40196991, 10.85316372, 20.50147247, 12.86226368, 25.40196991, 25.40196991, 30.58232117, 25.40196991, 20.50147247, 20.50147247, 12.86226368, 16.35793304, 20.50147247, 16.35793304, 30.58232117, 20.50147247, 25.40196991]"
1998,"[20.50147247, 20.50147247, 16.35793304, 20.50147247, 30.58232117, 20.50147247, 20.50147247, 25.40196991, 20.50147247, 34.56784439, 20.50147247, 12.86226368, 25.40196991, 25.40196991, 25.40196991, 25.40196991, 20.50147247, 16.35793304, 12.86226368, 16.35793304, 20.50147247, 16.35793304, 10.85316372, 20.50147247, 20.50147247]"
1999,"[20.50147247, 20.50147247, 16.35793304, 20.50147247, 30.58232117, 20.50147247, 20.50147247, 20.50147247, 20.50147247, 10.85316372, 20.50147247, 12.86226368, 25.40196991, 25.40196991, 20.50147247, 25.40196991, 20.50147247, 16.35793304, 16.35793304, 16.35793304, 20.50147247, 16.35793304, 30.58232117, 16.35793304, 20.50147247]"
2000,"[20.50147247, 16.35793304, 16.35793304, 20.50147247, 30.58232117, 20.50147247, 16.35793304, 20.50147247, 20.50147247, 10.85316372, 16.35793304, 12.86226368, 25.40196991, 25.40196991, 25.40196991, 30.58232117, 25.40196991, 16.35793304, 16.35793304, 16.35793304, 20.50147247, 16.35793304, 25.40196991, 16.35793304, 20.50147247]"
2001,"[20.50147247, 16.35793304, 16.35793304, 20.50147247, 10.85316372, 20.50147247, 16.35793304, 20.50147247, 25.40196991, 10.85316372, 16.35793304, 12.86226368, 25.40196991, 25.40196991, 25.40196991, 30.58232117, 25.40196991, 16.35793304, 12.86226368, 16.35793304, 20.50147247, 16.35793304, 10.85316372, 16.35793304, 20.50147247]"
2002,"[20.50147247, 20.50147247, 16.35793304, 20.50147247, 30.58232117, 20.50147247, 16.35793304, 20.50147247, 25.40196991, 10.85316372, 16.35793304, 12.86226368, 25.40196991, 25.40196991, 25.40196991, 25.40196991, 25.40196991, 16.35793304, 16.35793304, 16.35793304, 20.50147247, 20.50147247, 30.58232117, 16.35793304, 20.50147247]"
2003,"[25.40196991, 20.50147247, 20.50147247, 20.50147247, 30.58232117, 20.50147247, 20.50147247, 25.40196991, 25.40196991, 10.85316372, 20.50147247, 16.35793304, 30.58232117, 25.40196991, 10.85316372, 25.40196991, 25.40196991, 20.50147247, 16.35793304, 20.50147247, 25.40196991, 20.50147247, 10.85316372, 20.50147247, 20.50147247]"
2004,"[25.40196991, 25.40196991, 20.50147247, 25.40196991, 10.85316372, 20.50147247, 25.40196991, 30.58232117, 30.58232117, 34.56784439, 20.50147247, 20.50147247, 30.58232117, 25.40196991, 10.85316372, 30.58232117, 25.40196991, 25.40196991, 20.50147247, 20.50147247, 20.50147247, 20.50147247, 10.85316372, 25.40196991, 25.40196991]"
2005,"[30.58232117, 10.85316372, 25.40196991, 30.58232117, 10.85316372, 20.50147247, 30.58232117, 10.85316372, 30.58232117, 10.85316372, 25.40196991, 20.50147247, 10.85316372, 25.40196991, 30.58232117, 10.85316372, 25.40196991, 30.58232117, 30.58232117, 20.50147247, 20.50147247, 16.35793304, 10.85316372, 25.40196991, 30.58232117]"
2006,"[10.85316372, 10.85316372, 30.58232117, 30.58232117, 30.58232117, 20.50147247, 25.40196991, 30.58232117, 30.58232117, 10.85316372, 30.58232117, 20.50147247, 30.58232117, 25.40196991, 34.56784439, 30.58232117, 20.50147247, 34.56784439, 10.85316372, 30.58232117, 20.50147247, 16.35793304, 10.85316372, 20.50147247, 25.40196991]"
2007,"[10.85316372, 10.85316372, 25.40196991, 30.58232117, 30.58232117, 20.50147247, 30.58232117, 10.85316372, 30.58232117, 10.85316372, 30.58232117, 20.50147247, 30.58232117, 25.40196991, 10.85316372, 30.58232117, 20.50147247, 25.40196991, 10.85316372, 25.40196991, 20.50147247, 16.35793304, 34.56784439, 20.50147247, 30.58232117]"
2008,"[30.58232117, 30.58232117, 25.40196991, 25.40196991, 25.40196991, 20.50147247, 25.40196991, 25.40196991, 10.85316372, 30.58232117, 30.58232117, 20.50147247, 30.58232117, 25.40196991, 25.40196991, 25.40196991, 20.50147247, 16.35793304, 34.56784439, 16.35793304, 20.50147247, 16.35793304, 30.58232117, 30.58232117, 20.50147247]"
2009,"[25.40196991, 20.50147247, 20.50147247, 25.40196991, 20.50147247, 20.50147247, 25.40196991, 25.40196991, 25.40196991, 34.56784439, 25.40196991, 16.35793304, 25.40196991, 25.40196991, 20.50147247, 25.40196991, 20.50147247, 20.50147247, 30.58232117, 16.35793304, 20.50147247, 16.35793304, 30.58232117, 20.50147247, 20.50147247]"
2010,"[20.50147247, 16.35793304, 20.50147247, 25.40196991, 20.50147247, 20.50147247, 20.50147247, 25.40196991, 20.50147247, 10.85316372, 20.50147247, 16.35793304, 25.40196991, 20.50147247, 16.35793304, 16.35793304, 20.50147247, 16.35793304, 20.50147247, 16.35793304, 20.50147247, 16.35793304, 30.58232117, 16.35793304, 16.35793304]"
2011,"[20.50147247, 16.35793304, 16.35793304, 20.50147247, 20.50147247, 20.50147247, 20.50147247, 20.50147247, 20.50147247, 30.58232117, 16.35793304, 16.35793304, 25.40196991, 20.50147247, 25.40196991, 20.50147247, 20.50147247, 16.35793304, 25.40196991, 16.35793304, 20.50147247, 16.35793304, 30.58232117, 16.35793304, 16.35793304]"
2012,"[20.50147247, 20.50147247, 16.35793304, 20.50147247, 20.50147247, 20.50147247, 20.50147247, 20.50147247, 20.50147247, 30.58232117, 16.35793304, 12.86226368, 25.40196991, 20.50147247, 20.50147247, 25.40196991, 20.50147247, 16.35793304, 16.35793304, 16.35793304, 20.50147247, 16.35793304, 30.58232117, 16.35793304, 25.40196991]"
2013,"[20.50147247, 20.50147247, 16.35793304, 20.50147247, 20.50147247, 16.35793304, 20.50147247, 25.40196991, 16.35793304, 10.85316372, 16.35793304, 12.86226368, 25.40196991, 20.50147247, 20.50147247, 36.45310974, 20.50147247, 16.35793304, 20.50147247, 16.35793304, 20.50147247, 16.35793304, 25.40196991, 16.35793304, 16.35793304]"
2014,"[16.35793304, 16.35793304, 16.35793304, 20.50147247, 16.35793304, 20.50147247, 20.50147247, 25.40196991, 16.35793304, 34.56784439, 16.35793304, 12.86226368, 25.40196991, 20.50147247, 20.50147247, 34.56784439, 20.50147247, 16.35793304, 16.35793304, 16.35793304, 20.50147247, 16.35793304, 25.40196991, 16.35793304, 20.50147247]"
2015,"[16.35793304, 16.35793304, 16.35793304, 20.50147247, 30.58232117, 20.50147247, 20.50147247, 20.50147247, 20.50147247, 25.40196991, 16.35793304, 12.86226368, 25.40196991, 20.50147247, 20.50147247, 34.56784439, 20.50147247, 16.35793304, 20.50147247, 16.35793304, 20.50147247, 16.35793304, 25.40196991, 20.50147247, 20.50147247]"
2016,"[16.35793304, 16.35793304, 16.35793304, 20.50147247, 25.40196991, 20.50147247, 20.50147247, 20.50147247, 16.35793304, 30.58232117, 16.35793304, 12.86226368, 25.40196991, 25.40196991, 20.50147247, 39.93603134, 20.50147247, 16.35793304, 16.35793304, 16.35793304, 20.50147247, 16.35793304, 25.40196991, 16.35793304, 20.50147247]"
2017,"[16.35793304, 16.35793304, 16.35793304, 20.50147247, 34.56784439, 16.35793304, 16.35793304, 25.40196991, 20.50147247, 10.85316372, 16.35793304, 12.86226368, 20.50147247, 25.40196991, 20.50147247, 10.85316372, 20.50147247, 16.35793304, 16.35793304, 16.35793304, 20.50147247, 16.35793304, 30.58232117, 16.35793304, 25.40196991]"
2018,"[20.50147247, 16.35793304, 16.35793304, 20.50147247, 10.85316372, 20.50147247, 16.35793304, 20.50147247, 20.50147247, 10.85316372, 16.35793304, 12.86226368, 20.50147247, 25.40196991, 16.35793304, 10.85316372, 20.50147247, 20.50147247, 16.35793304, 16.35793304, 20.50147247, 16.35793304, 30.58232117, 20.50147247, 20.50147247]"
2019,"[20.50147247, 16.35793304, 16.35793304, 20.50147247, 10.85316372, 20.50147247, 16.35793304, 20.50147247, 20.50147247, 10.85316372, 16.35793304, 12.86226368, 25.40196991, 25.40196991, 10.85316372, 25.40196991, 20.50147247, 20.50147247, 16.35793304, 16.35793304, 20.50147247, 16.35793304, 25.40196991, 16.35793304, 20.50147247]"
2020,"[25.40196991, 20.50147247, 16.35793304, 20.50147247, 10.85316372, 20.50147247, 20.50147247, 20.50147247, 20.50147247, 10.85316372, 16.35793304, 12.86226368, 25.40196991, 25.40196991, 10.85316372, 10.85316372, 20.50147247, 20.50147247, 20.50147247, 16.35793304, 20.50147247, 16.35793304, 10.85316372, 16.35793304, 20.50147247]"
2021,"[20.50147247, 20.50147247, 16.35793304, 20.50147247, 25.40196991, 20.50147247, 16.35793304, 20.50147247, 20.50147247, 10.85316372, 16.35793304, 12.86226368, 25.40196991, 20.50147247, 30.58232117, 10.85316372, 20.50147247, 20.50147247, 25.40196991, 20.50147247, 20.50147247, 16.35793304, 30.58232117, 16.35793304, 20.50147247]"
2022,"[20.50147247, 20.50147247, 16.35793304, 20.50147247, 25.40196991, 20.50147247, 20.50147247, 25.40196991, 20.50147247, 10.85316372, 20.50147247, 12.86226368, 25.40196991, 20.50147247, 30.58232117, 10.85316372, 20.50147247, 20.50147247, 25.40196991, 20.50147247, 20.50147247, 16.35793304, 30.58232117, 20.50147247, 20.50147247]"
2023,"[25.40196991, 25.40196991, 25.40196991, 20.50147247, 30.58232117, 20.50147247, 20.50147247, 25.40196991, 25.40196991, 10.85316372, 20.50147247, 20.50147247, 30.58232117, 25.40196991, 25.40196991, 30.58232117, 20.50147247, 20.50147247, 25.40196991, 20.50147247, 20.50147247, 20.50147247, 10.85316372, 16.35793304, 20.50147247]"
2024,"[20.50147247, 20.50147247, 20.50147247, 30.58232117, 20.50147247, 20.50147247, 20.50147247, 25.40196991, 20.50147247, 30.58232117, 20.50147247, 16.35793304, 25.40196991, 20.50147247, 20.50147247, 30.58232117, 20.50147247, 16.35793304, 20.50147247, 16.35793304, 20.50147247, 20.50147247, 30.58232117, 20.50147247, 20.50147247]"
2025,"[20.50147247, 16.35793304, 16.35793304, 20.50147247, 20.50147247, 20.50147247, 16.35793304, 20.50147247, 16.35793304, 34.56784439, 16.35793304, 12.86226368, 25.40196991, 20.50147247, 12.86226368, 20.50147247, 20.50147247, 16.35793304, 16.35793304, 16.35793304, 20.50147247, 20.50147247, 20.50147247, 20.50147247, 20.50147247]"
2026,"[16.35793304, 16.35793304, 16.35793304, 20.50147247, 16.35793304, 20.50147247, 16.35793304, 20.50147247, 16.35793304, 10.85316372, 16.35793304, 12.86226368, 25.40196991, 20.50147247, 16.35793304, 20.50147247, 20.50147247, 20.50147247, 16.35793304, 16.35793304, 20.50147247, 20.50147247, 30.58232117, 16.35793304, 20.50147247]"
2027,"[16.35793304, 16.35793304, 16.35793304, 20.50147247, 16.35793304, 20.50147247, 16.35793304, 20.50147247, 16.35793304, 30.58232117, 16.35793304, 12.86226368, 20.50147247, 20.50147247, 20.50147247, 16.35793304, 20.50147247, 16.35793304, 12.86226368, 16.35793304, 20.50147247, 20.50147247, 30.58232117, 16.35793304, 20.50147247]"
2028,"[16.35793304, 16.35793304, 16.35793304, 20.50147247, 20.50147247, 20.50147247, 16.35793304, 20.50147247, 16.35793304, 30.58232117, 16.35793304, 12.86226368, 25.40196991, 16.35793304, 16.35793304, 16.35793304, 20.50147247, 16.35793304, 12.86226368, 16.35793304, 20.50147247, 16.35793304, 25.40196991, 16.35793304, 16.35793304]"
2029,"[16.35793304, 16.35793304, 16.35793304, 20.50147247, 20.50147247, 20.50147247, 16.35793304, 20.50147247, 16.35793304, 30.58232117, 16.35793304, 12.86226368, 25.40196991, 20.50147247, 20.50147247, 16.35793304, 20.50147247, 16.35793304, 12.86226368, 16.35793304, 20.50147247, 16.35793304, 25.40196991, 16.35793304, 20.50147247]"
2030,"[16.35793304, 16.35793304, 16.35793304, 20.50147247, 20.50147247, 20.50147247, 16.35793304, 20.50147247, 16.35793304, 10.85316372, 16.35793304, 12.86226368, 25.40196991, 16.35793304, 20.50147247, 20.50147247, 20.50147247, 16.35793304, 12.86226368, 16.35793304, 20.50147247, 16.35793304, 25.40196991, 20.50147247, 20.50147247]"
2031,"[16.35793304, 16.35793304, 16.35793304, 20.50147247, 20.50147247, 20.50147247, 16.35793304, 20.50147247, 16.35793304, 25.40196991, 16.35793304, 12.86226368, 25.40196991, 16.35793304, 16.35793304, 20.50147247, 20.50147247, 16.35793304, 12.86226368, 16.35793304, 20.50147247, 16.35793304, 25.40196991, 16.35793304, 20.50147247]"
2032,"[16.35793304, 16.35793304, 16.35793304, 20.50147247, 16.35793304, 20.50147247, 16.35793304, 25.40196991, 20.50147247, 30.58232117, 16.35793304, 12.86226368, 25.40196991, 16.35793304, 20.50147247, 16.35793304, 20.50147247, 16.35793304, 12.86226368, 16.35793304, 20.50147247, 20.50147247, 25.40196991, 16.35793304, 16.35793304]"
2033,"[16.35793304, 16.35793304, 16.35793304, 20.50147247, 16.35793304, 20.50147247, 16.35793304, 25.40196991, 20.50147247, 10.85316372, 16.35793304, 12.86226368, 25.40196991, 20.50147247, 20.50147247, 16.35793304, 20.50147247, 16.35793304, 12.86226368, 16.35793304, 20.50147247, 16.35793304, 30.58232117, 16.35793304, 16.35793304]"
2034,"[16.35793304, 16.35793304, 16.35793304, 20.50147247, 16.35793304, 20.50147247, 16.35793304, 25.40196991, 20.50147247, 10.85316372, 16.35793304, 12.86226368, 25.40196991, 16.35793304, 16.35793304, 20.50147247, 20.50147247, 16.35793304, 16.35793304, 16.35793304, 20.50147247, 20.50147247, 25.40196991, 16.35793304, 16.35793304]"
2035,"[16.35793304, 12.86226368, 16.35793304, 20.50147247, 16.35793304, 20.50147247, 16.35793304, 25.40196991, 20.50147247, 10.85316372, 16.35793304, 12.86226368, 25.40196991, 16.35793304, 12.86226368, 25.40196991, 20.50147247, 16.35793304, 16.35793304, 16.35793304, 20.50147247, 16.35793304, 30.58232117, 16.35793304, 16.35793304]"
2036,"[16.35793304, 16.35793304, 12.86226368, 20.50147247, 16.35793304, 20.50147247, 16.35793304, 25.40196991, 16.35793304, 10.85316372, 16.35793304, 12.86226368, 25.40196991, 16.35793304, 16.35793304, 25.40196991, 20.50147247, 16.35793304, 16.35793304, 12.86226368, 20.50147247, 16.35793304, 25.40196991, 16.35793304, 16.35793304]"
2037,"[16.35793304, 16.35793304, 16.35793304, 20.50147247, 16.35793304, 20.50147247, 16.35793304, 20.50147247, 16.35793304, 10.85316372, 16.35793304, 12.86226368, 25.40196991, 16.35793304, 20.50147247, 20.50147247, 20.50147247, 12.86226368, 16.35793304, 16.35793304, 20.50147247, 16.35793304, 25.40196991, 12.86226368, 16.35793304]"
2038,"[16.35793304, 16.35793304, 12.86226368, 20.50147247, 16.35793304, 20.50147247, 16.35793304, 20.50147247, 16.35793304, 10.85316372, 16.35793304, 12.86226368, 25.40196991, 16.35793304, 25.40196991, 25.40196991, 20.50147247, 12.86226368, 16.35793304, 16.35793304, 20.50147247, 16.35793304, 25.40196991, 12.86226368, 16.35793304]"
2039,"[16.35793304, 16.35793304, 12.86226368, 20.50147247, 20.50147247, 20.50147247, 16.35793304, 20.50147247, 16.35793304, 10.85316372, 16.35793304, 12.86226368, 25.40196991, 20.50147247, 16.35793304, 30.58232117, 20.50147247, 16.35793304, 16.35793304, 12.86226368, 20.50147247, 16.35793304, 25.40196991, 12.86226368, 16.35793304]"
2040,"[16.35793304, 16.35793304, 12.86226368, 20.50147247, 25.40196991, 20.50147247, 16.35793304, 20.50147247, 16.35793304, 30.58232117, 16.35793304, 12.86226368, 25.40196991, 20.50147247, 16.35793304, 20.50147247, 20.50147247, 16.35793304, 16.35793304, 12.86226368, 20.50147247, 16.35793304, 25.40196991, 12.86226368, 20.50147247]"
2041,"[16.35793304, 12.86226368, 12.86226368, 20.50147247, 30.58232117, 20.50147247, 12.86226368, 20.50147247, 16.35793304, 10.85316372, 16.35793304, 12.86226368, 25.40196991, 20.50147247, 20.50147247, 10.85316372, 20.50147247, 16.35793304, 16.35793304, 16.35793304, 20.50147247, 16.35793304, 25.40196991, 12.86226368, 16.35793304]"
2042,"[16.35793304, 12.86226368, 12.86226368, 16.35793304, 25.40196991, 20.50147247, 12.86226368, 20.50147247, 16.35793304, 25.40196991, 16.35793304, 12.86226368, 25.40196991, 20.50147247, 25.40196991, 10.85316372, 20.50147247, 16.35793304, 16.35793304, 12.86226368, 20.50147247, 16.35793304, 25.40196991, 16.35793304, 16.35793304]"
2043,"[16.35793304, 12.86226368, 12.86226368, 16.35793304, 25.40196991, 20.50147247, 12.86226368, 20.50147247, 16.35793304, 25.40196991, 16.35793304, 12.86226368, 25.40196991, 25.40196991, 16.35793304, 39.55387878, 20.50147247, 16.35793304, 16.35793304, 16.35793304, 20.50147247, 16.35793304, 25.40196991, 16.35793304, 20.50147247]"
2044,"[16.35793304, 16.35793304, 16.35793304, 16.35793304, 25.40196991, 20.50147247, 12.86226368, 20.50147247, 16.35793304, 30.58232117, 16.35793304, 12.86226368, 25.40196991, 20.50147247, 16.35793304, 34.56784439, 20.50147247, 16.35793304, 16.35793304, 16.35793304, 20.50147247, 16.35793304, 30.58232117, 16.35793304, 20.50147247]"
2045,"[16.35793304, 12.86226368, 16.35793304, 16.35793304, 30.58232117, 20.50147247, 12.86226368, 20.50147247, 16.35793304, 25.40196991, 16.35793304, 12.86226368, 20.50147247, 25.40196991, 16.35793304, 25.40196991, 20.50147247, 16.35793304, 12.86226368, 12.86226368, 20.50147247, 16.35793304, 25.40196991, 12.86226368, 16.35793304]"
2046,"[16.35793304, 12.86226368, 12.86226368, 16.35793304, 10.85316372, 20.50147247, 12.86226368, 20.50147247, 16.35793304, 25.40196991, 16.35793304, 12.86226368, 20.50147247, 20.50147247, 16.35793304, 16.35793304, 25.40196991, 16.35793304, 12.86226368, 16.35793304, 20.50147247, 16.35793304, 25.40196991, 12.86226368, 16.35793304]"
2047,"[16.35793304, 12.86226368, 12.86226368, 16.35793304, 30.58232117, 20.50147247, 12.86226368, 20.50147247, 16.35793304, 10.85316372, 16.35793304, 12.86226368, 20.50147247, 20.50147247, 20.50147247, 16.35793304, 25.40196991, 16.35793304, 12.86226368, 12.86226368, 20.50147247, 16.35793304, 25.40196991, 12.86226368, 20.50147247]"
2048,"[16.35793304, 16.35793304, 12.86226368, 16.35793304, 25.40196991, 20.50147247, 12.86226368, 20.50147247, 16.35793304, 30.58232117, 16.35793304, 12.86226368, 25.40196991, 20.50147247, 16.35793304, 16.35793304, 30.58232117, 16.35793304, 16.35793304, 16.35793304, 20.50147247, 20.50147247, 25.40196991, 16.35793304, 20.50147247]"
2049,"[20.50147247, 16.35793304, 16.35793304, 20.50147247, 30.58232117, 20.50147247, 16.35793304, 20.50147247, 16.35793304, 25.40196991, 16.35793304, 12.86226368, 25.40196991, 20.50147247, 25.40196991, 16.35793304, 30.58232117, 25.40196991, 16.35793304, 20.50147247, 25.40196991, 20.50147247, 30.58232117, 16.35793304, 16.35793304]"
2050,"[20.50147247, 16.35793304, 16.35793304, 20.50147247, 20.50147247, 20.50147247, 16.35793304, 25.40196991, 20.50147247, 25.40196991, 16.35793304, 16.35793304, 25.40196991, 20.50147247, 20.50147247, 16.35793304, 25.40196991, 20.50147247, 16.35793304, 16.35793304, 25.40196991, 20.50147247, 10.85316372, 16.35793304, 20.50147247]"
2051,"[20.50147247, 16.35793304, 16.35793304, 20.50147247, 16.35793304, 20.50147247, 16.35793304, 25.40196991, 20.50147247, 30.58232117, 20.50147247, 16.35793304, 25.40196991, 20.50147247, 16.35793304, 16.35793304, 25.40196991, 20.50147247, 20.50147247, 16.35793304, 25.40196991, 20.50147247, 25.40196991, 20.50147247, 20.50147247]"
2052,"[20.50147247, 16.35793304, 16.35793304, 20.50147247, 20.50147247, 20.50147247, 16.35793304, 25.40196991, 16.35793304, 10.85316372, 20.50147247, 16.35793304, 25.40196991, 20.50147247, 25.40196991, 20.50147247, 25.40196991, 20.50147247, 20.50147247, 20.50147247, 20.50147247, 16.35793304, 25.40196991, 16.35793304, 16.35793304]"
2053,"[20.50147247, 20.50147247, 20.50147247, 25.40196991, 25.40196991, 20.50147247, 25.40196991, 25.40196991, 20.50147247, 30.58232117, 16.35793304, 20.50147247, 30.58232117, 20.50147247, 25.40196991, 25.40196991, 20.50147247, 20.50147247, 25.40196991, 20.50147247, 20.50147247, 16.35793304, 16.35793304, 16.35793304, 25.40196991]"
2054,"[25.40196991, 25.40196991, 25.40196991, 25.40196991, 30.58232117, 20.50147247, 25.40196991, 30.58232117, 25.40196991, 30.58232117, 20.50147247, 20.50147247, 30.58232117, 25.40196991, 30.58232117, 25.40196991, 20.50147247, 30.58232117, 20.50147247, 25.40196991, 20.50147247, 16.35793304, 77.38698578, 20.50147247, 25.40196991]"
2055,"[20.50147247, 20.50147247, 25.40196991, 30.58232117, 25.40196991, 43.1843338, 30.58232117, 30.58232117, 20.50147247, 10.85316372, 25.40196991, 20.50147247, 30.58232117, 25.40196991, 25.40196991, 25.40196991, 20.50147247, 25.40196991, 30.58232117, 20.50147247, 20.50147247, 16.35793304, 34.56784439, 20.50147247, 10.85316372]"
2056,"[20.50147247, 20.50147247, 20.50147247, 30.58232117, 20.50147247, 48.91661835, 25.40196991, 30.58232117, 20.50147247, 34.56784439, 20.50147247, 20.50147247, 30.58232117, 25.40196991, 20.50147247, 25.40196991, 20.50147247, 25.40196991, 25.40196991, 20.50147247, 20.50147247, 16.35793304, 45.09509277, 20.50147247, 30.58232117]"
2057,"[20.50147247, 10.85316372, 16.35793304, 30.58232117, 20.50147247, 20.50147247, 20.50147247, 25.40196991, 16.35793304, 10.85316372, 20.50147247, 20.50147247, 30.58232117, 25.40196991, 16.35793304, 20.50147247, 20.50147247, 25.40196991, 52.73814392, 20.50147247, 20.50147247, 16.35793304, 30.58232117, 25.40196991, 25.40196991]"
2058,"[20.50147247, 30.58232117, 20.50147247, 25.40196991, 20.50147247, 20.50147247, 25.40196991, 25.40196991, 20.50147247, 10.85316372, 20.50147247, 16.35793304, 25.40196991, 20.50147247, 25.40196991, 25.40196991, 25.40196991, 20.50147247, 30.58232117, 20.50147247, 20.50147247, 16.35793304, 25.40196991, 20.50147247, 25.40196991]"
2059,"[20.50147247, 20.50147247, 25.40196991, 25.40196991, 20.50147247, 20.50147247, 25.40196991, 25.40196991, 20.50147247, 10.85316372, 16.35793304, 16.35793304, 30.58232117, 20.50147247, 20.50147247, 25.40196991, 25.40196991, 20.50147247, 25.40196991, 20.50147247, 20.50147247, 16.35793304, 30.58232117, 16.35793304, 20.50147247]"
2060,"[25.40196991, 25.40196991, 25.40196991, 25.40196991, 25.40196991, 20.50147247, 25.40196991, 25.40196991, 25.40196991, 34.56784439, 20.50147247, 16.35793304, 30.58232117, 25.40196991, 30.58232117, 30.58232117, 25.40196991, 20.50147247, 30.58232117, 20.50147247, 20.50147247, 16.35793304, 30.58232117, 20.50147247, 25.40196991]"
2061,"[25.40196991, 25.40196991, 20.50147247, 25.40196991, 30.58232117, 20.50147247, 25.40196991, 25.40196991, 20.50147247, 10.85316372, 20.50147247, 16.35793304, 30.58232117, 25.40196991, 25.40196991, 25.40196991, 25.40196991, 30.58232117, 25.40196991, 25.40196991, 20.50147247, 16.35793304, 10.85316372, 20.50147247, 25.40196991]"
2062,"[30.58232117, 30.58232117, 20.50147247, 20.50147247, 30.58232117, 20.50147247, 25.40196991, 25.40196991, 25.40196991, 10.85316372, 20.50147247, 16.35793304, 30.58232117, 30.58232117, 30.58232117, 30.58232117, 25.40196991, 25.40196991, 20.50147247, 25.40196991, 20.50147247, 16.35793304, 10.85316372, 20.50147247, 20.50147247]"
2063,"[30.58232117, 30.58232117, 16.35793304, 25.40196991, 34.56784439, 20.50147247, 25.40196991, 30.58232117, 30.58232117, 10.85316372, 20.50147247, 16.35793304, 30.58232117, 30.58232117, 20.50147247, 10.85316372, 25.40196991, 25.40196991, 20.50147247, 20.50147247, 20.50147247, 16.35793304, 30.58232117, 20.50147247, 25.40196991]"
2064,"[25.40196991, 25.40196991, 16.35793304, 25.40196991, 10.85316372, 20.50147247, 25.40196991, 25.40196991, 30.58232117, 10.85316372, 25.40196991, 16.35793304, 30.58232117, 30.58232117, 25.40196991, 30.58232117, 20.50147247, 25.40196991, 16.35793304, 20.50147247, 20.50147247, 16.35793304, 30.58232117, 25.40196991, 20.50147247]"
2065,"[25.40196991, 25.40196991, 16.35793304, 25.40196991, 30.58232117, 20.50147247, 30.58232117, 25.40196991, 30.58232117, 10.85316372, 25.40196991, 16.35793304, 30.58232117, 30.58232117, 25.40196991, 25.40196991, 25.40196991, 30.58232117, 16.35793304, 25.40196991, 20.50147247, 16.35793304, 10.85316372, 20.50147247, 20.50147247]"
2066,"[25.40196991, 25.40196991, 20.50147247, 25.40196991, 10.85316372, 20.50147247, 25.40196991, 25.40196991, 25.40196991, 10.85316372, 20.50147247, 16.35793304, 25.40196991, 30.58232117, 30.58232117, 25.40196991, 20.50147247, 25.40196991, 16.35793304, 25.40196991, 20.50147247, 16.35793304, 30.58232117, 20.50147247, 20.50147247]"
2067,"[25.40196991, 25.40196991, 20.50147247, 25.40196991, 36.45310974, 20.50147247, 20.50147247, 20.50147247, 25.40196991, 10.85316372, 20.50147247, 16.35793304, 25.40196991, 25.40196991, 30.58232117, 25.40196991, 25.40196991, 25.40196991, 16.35793304, 20.50147247, 20.50147247, 16.35793304, 10.85316372, 20.50147247, 16.35793304]"
2068,"[25.40196991, 30.58232117, 16.35793304, 30.58232117, 36.45310974, 20.50147247, 16.35793304, 20.50147247, 25.40196991, 10.85316372, 20.50147247, 16.35793304, 30.58232117, 25.40196991, 10.85316372, 10.85316372, 25.40196991, 25.40196991, 20.50147247, 20.50147247, 20.50147247, 16.35793304, 30.58232117, 16.35793304, 16.35793304]"
2069,"[25.40196991, 25.40196991, 16.35793304, 30.58232117, 10.85316372, 20.50147247, 16.35793304, 20.50147247, 20.50147247, 10.85316372, 20.50147247, 12.86226368, 30.58232117, 25.40196991, 30.58232117, 30.58232117, 25.40196991, 20.50147247, 20.50147247, 20.50147247, 20.50147247, 16.35793304, 30.58232117, 20.50147247, 20.50147247]"
2070,"[20.50147247, 20.50147247, 16.35793304, 30.58232117, 25.40196991, 20.50147247, 16.35793304, 20.50147247, 16.35793304, 10.85316372, 20.50147247, 16.35793304, 30.58232117, 30.58232117, 20.50147247, 30.58232117, 25.40196991, 25.40196991, 16.35793304, 16.35793304, 20.50147247, 20.50147247, 30.58232117, 20.50147247, 20.50147247]"
2071,"[25.40196991, 25.40196991, 16.35793304, 25.40196991, 25.40196991, 20.50147247, 16.35793304, 25.40196991, 20.50147247, 10.85316372, 20.50147247, 16.35793304, 30.58232117, 30.58232117, 20.50147247, 25.40196991, 25.40196991, 20.50147247, 16.35793304, 20.50147247, 20.50147247, 20.50147247, 30.58232117, 16.35793304, 20.50147247]"
2072,"[25.40196991, 25.40196991, 20.50147247, 30.58232117, 10.85316372, 20.50147247, 20.50147247, 25.40196991, 25.40196991, 10.85316372, 20.50147247, 20.50147247, 30.58232117, 30.58232117, 20.50147247, 25.40196991, 25.40196991, 25.40196991, 16.35793304, 25.40196991, 25.40196991, 20.50147247, 25.40196991, 20.50147247, 25.40196991]"
2073,"[25.40196991, 25.40196991, 25.40196991, 30.58232117, 10.85316372, 20.50147247, 20.50147247, 25.40196991, 20.50147247, 30.58232117, 25.40196991, 25.40196991, 10.85316372, 30.58232117, 30.58232117, 25.40196991, 25.40196991, 30.58232117, 16.35793304, 25.40196991, 25.40196991, 20.50147247, 30.58232117, 20.50147247, 25.40196991]"
2074,"[30.58232117, 30.58232117, 25.40196991, 30.58232117, 10.85316372, 20.50147247, 25.40196991, 30.58232117, 30.58232117, 10.85316372, 25.40196991, 25.40196991, 10.85316372, 30.58232117, 25.40196991, 30.58232117, 25.40196991, 30.58232117, 25.40196991, 25.40196991, 25.40196991, 20.50147247, 10.85316372, 20.50147247, 25.40196991]"
2075,"[30.58232117, 30.58232117, 25.40196991, 10.85316372, 25.40196991, 20.50147247, 25.40196991, 30.58232117, 30.58232117, 10.85316372, 30.58232117, 30.58232117, 34.56784439, 30.58232117, 30.58232117, 10.85316372, 25.40196991, 25.40196991, 10.85316372, 25.40196991, 25.40196991, 20.50147247, 10.85316372, 25.40196991, 30.58232117]"
2076,"[25.40196991, 25.40196991, 20.50147247, 30.58232117, 20.50147247, 20.50147247, 20.50147247, 25.40196991, 25.40196991, 10.85316372, 25.40196991, 25.40196991, 10.85316372, 30.58232117, 25.40196991, 30.58232117, 25.40196991, 25.40196991, 10.85316372, 20.50147247, 25.40196991, 20.50147247, 34.56784439, 25.40196991, 25.40196991]"
2077,"[25.40196991, 20.50147247, 20.50147247, 30.58232117, 20.50147247, 20.50147247, 25.40196991, 25.40196991, 20.50147247, 10.85316372, 20.50147247, 20.50147247, 30.58232117, 25.40196991, 20.50147247, 25.40196991, 20.50147247, 16.35793304, 30.58232117, 16.35793304, 20.50147247, 20.50147247, 25.40196991, 20.50147247, 20.50147247]"
2078,"[20.50147247, 16.35793304, 16.35793304, 25.40196991, 20.50147247, 20.50147247, 20.50147247, 20.50147247, 16.35793304, 30.58232117, 20.50147247, 16.35793304, 25.40196991, 20.50147247, 16.35793304, 25.40196991, 20.50147247, 20.50147247, 16.35793304, 16.35793304, 20.50147247, 20.50147247, 25.40196991, 16.35793304, 20.50147247]"
2079,"[20.50147247, 25.40196991, 20.50147247, 20.50147247, 20.50147247, 20.50147247, 20.50147247, 20.50147247, 20.50147247, 25.40196991, 16.35793304, 16.35793304, 25.40196991, 20.50147247, 16.35793304, 10.85316372, 20.50147247, 20.50147247, 16.35793304, 16.35793304, 20.50147247, 20.50147247, 25.40196991, 16.35793304, 16.35793304]"
2080,"[25.40196991, 25.40196991, 20.50147247, 25.40196991, 25.40196991, 20.50147247, 20.50147247, 25.40196991, 20.50147247, 30.58232117, 20.50147247, 16.35793304, 25.40196991, 20.50147247, 30.58232117, 36.45310974, 20.50147247, 20.50147247, 20.50147247, 20.50147247, 20.50147247, 20.50147247, 20.50147247, 16.35793304, 20.50147247]"
2081,"[20.50147247, 20.50147247, 20.50147247, 25.40196991, 20.50147247, 20.50147247, 25.40196991, 25.40196991, 20.50147247, 30.58232117, 20.50147247, 20.50147247, 30.58232117, 20.50147247, 25.40196991, 36.45310974, 25.40196991, 25.40196991, 20.50147247, 25.40196991, 20.50147247, 20.50147247, 10.85316372, 16.35793304, 20.50147247]"
2082,"[20.50147247, 20.50147247, 20.50147247, 25.40196991, 20.50147247, 20.50147247, 25.40196991, 25.40196991, 20.50147247, 10.85316372, 20.50147247, 16.35793304, 25.40196991, 20.50147247, 25.40196991, 34.56784439, 20.50147247, 30.58232117, 25.40196991, 30.58232117, 20.50147247, 20.50147247, 25.40196991, 16.35793304, 20.50147247]"
2083,"[20.50147247, 20.50147247, 20.50147247, 20.50147247, 30.58232117, 20.50147247, 20.50147247, 25.40196991, 20.50147247, 30.58232117, 20.50147247, 16.35793304, 25.40196991, 20.50147247, 25.40196991, 34.56784439, 20.50147247, 30.58232117, 25.40196991, 30.58232117, 20.50147247, 20.50147247, 30.58232117, 16.35793304, 20.50147247]"
2084,"[20.50147247, 20.50147247, 16.35793304, 20.50147247, 30.58232117, 20.50147247, 20.50147247, 25.40196991, 16.35793304, 30.58232117, 16.35793304, 16.35793304, 25.40196991, 25.40196991, 30.58232117, 36.45310974, 20.50147247, 25.40196991, 25.40196991, 25.40196991, 20.50147247, 20.50147247, 25.40196991, 20.50147247, 20.50147247]"
2085,"[16.35793304, 16.35793304, 16.35793304, 20.50147247, 30.58232117, 20.50147247, 20.50147247, 25.40196991, 16.35793304, 30.58232117, 16.35793304, 16.35793304, 25.40196991, 25.40196991, 20.50147247, 40.3181839, 20.50147247, 20.50147247, 25.40196991, 20.50147247, 20.50147247, 20.50147247, 25.40196991, 16.35793304, 20.50147247]"
2086,"[20.50147247, 16.35793304, 16.35793304, 20.50147247, 30.58232117, 20.50147247, 20.50147247, 20.50147247, 20.50147247, 10.85316372, 16.35793304, 12.86226368, 25.40196991, 25.40196991, 20.50147247, 36.45310974, 25.40196991, 20.50147247, 16.35793304, 16.35793304, 20.50147247, 20.50147247, 30.58232117, 16.35793304, 25.40196991]"
2087,"[16.35793304, 16.35793304, 16.35793304, 20.50147247, 30.58232117, 20.50147247, 20.50147247, 20.50147247, 20.50147247, 34.56784439, 16.35793304, 12.86226368, 25.40196991, 25.40196991, 25.40196991, 39.74495697, 25.40196991, 20.50147247, 16.35793304, 16.35793304, 25.40196991, 20.50147247, 30.58232117, 16.35793304, 25.40196991]"
2088,"[20.50147247, 16.35793304, 16.35793304, 20.50147247, 30.58232117, 20.50147247, 20.50147247, 20.50147247, 16.35793304, 30.58232117, 16.35793304, 12.86226368, 25.40196991, 25.40196991, 25.40196991, 10.85316372, 25.40196991, 16.35793304, 16.35793304, 16.35793304, 25.40196991, 20.50147247, 30.58232117, 20.50147247, 20.50147247]"
2089,"[16.35793304, 16.35793304, 16.35793304, 20.50147247, 30.58232117, 20.50147247, 20.50147247, 20.50147247, 16.35793304, 30.58232117, 16.35793304, 12.86226368, 25.40196991, 25.40196991, 20.50147247, 30.58232117, 25.40196991, 16.35793304, 12.86226368, 16.35793304, 20.50147247, 20.50147247, 30.58232117, 20.50147247, 20.50147247]"
2090,"[16.35793304, 16.35793304, 16.35793304, 20.50147247, 10.85316372, 20.50147247, 20.50147247, 20.50147247, 20.50147247, 30.58232117, 16.35793304, 12.86226368, 25.40196991, 20.50147247, 20.50147247, 10.85316372, 25.40196991, 16.35793304, 16.35793304, 16.35793304, 20.50147247, 20.50147247, 25.40196991, 20.50147247, 20.50147247]"
2091,"[16.35793304, 16.35793304, 16.35793304, 20.50147247, 30.58232117, 20.50147247, 16.35793304, 20.50147247, 20.50147247, 10.85316372, 16.35793304, 12.86226368, 25.40196991, 20.50147247, 25.40196991, 25.40196991, 25.40196991, 16.35793304, 16.35793304, 16.35793304, 20.50147247, 20.50147247, 30.58232117, 20.50147247, 20.50147247]"
2092,"[20.50147247, 16.35793304, 16.35793304, 20.50147247, 25.40196991, 20.50147247, 16.35793304, 20.50147247, 16.35793304, 10.85316372, 16.35793304, 12.86226368, 25.40196991, 25.40196991, 30.58232117, 25.40196991, 25.40196991, 20.50147247, 16.35793304, 16.35793304, 20.50147247, 20.50147247, 30.58232117, 20.50147247, 16.35793304]"
2093,"[16.35793304, 20.50147247, 16.35793304, 20.50147247, 30.58232117, 20.50147247, 20.50147247, 25.40196991, 20.50147247, 10.85316372, 16.35793304, 12.86226368, 25.40196991, 25.40196991, 25.40196991, 25.40196991, 25.40196991, 20.50147247, 12.86226368, 20.50147247, 25.40196991, 20.50147247, 30.58232117, 20.50147247, 20.50147247]"
2094,"[20.50147247, 20.50147247, 20.50147247, 20.50147247, 10.85316372, 20.50147247, 20.50147247, 25.40196991, 20.50147247, 30.58232117, 16.35793304, 16.35793304, 25.40196991, 20.50147247, 30.58232117, 10.85316372, 25.40196991, 20.50147247, 12.86226368, 20.50147247, 25.40196991, 20.50147247, 30.58232117, 16.35793304, 25.40196991]"
2095,"[20.50147247, 20.50147247, 20.50147247, 20.50147247, 25.40196991, 20.50147247, 20.50147247, 25.40196991, 25.40196991, 10.85316372, 20.50147247, 16.35793304, 25.40196991, 20.50147247, 30.58232117, 10.85316372, 25.40196991, 20.50147247, 16.35793304, 20.50147247, 25.40196991, 20.50147247, 30.58232117, 20.50147247, 20.50147247]"
2096,"[10.85316372, 34.56784439, 10.85316372, 30.58232117, 39.55387878, 20.50147247, 34.56784439, 10.85316372, 30.58232117, 30.58232117, 25.40196991, 30.58232117, 34.56784439, 30.58232117, 34.56784439, 36.45310974, 25.40196991, 34.56784439, 34.56784439, 36.45310974, 20.50147247, 20.50147247, 36.45310974, 20.50147247, 34.56784439]"
2097,"[10.85316372, 10.85316372, 30.58232117, 39.55387878, 10.85316372, 20.50147247, 34.56784439, 34.56784439, 30.58232117, 34.56784439, 10.85316372, 10.85316372, 30.58232117, 36.45310974, 30.58232117, 34.56784439, 46.24155045, 30.58232117, 10.85316372, 10.85316372, 20.50147247, 20.50147247, 36.45310974, 30.58232117, 39.55387878]"
2098,"[30.58232117, 30.58232117, 30.58232117, 10.85316372, 10.85316372, 20.50147247, 10.85316372, 10.85316372, 30.58232117, 34.56784439, 10.85316372, 30.58232117, 25.40196991, 10.85316372, 30.58232117, 30.58232117, 58.08827972, 25.40196991, 10.85316372, 30.58232117, 20.50147247, 20.50147247, 34.56784439, 34.56784439, 34.56784439]"
2099,"[30.58232117, 30.58232117, 25.40196991, 30.58232117, 10.85316372, 20.50147247, 10.85316372, 10.85316372, 10.85316372, 34.56784439, 30.58232117, 30.58232117, 30.58232117, 10.85316372, 30.58232117, 30.58232117, 20.50147247, 25.40196991, 10.85316372, 25.40196991, 20.50147247, 20.50147247, 34.56784439, 30.58232117, 30.58232117]"
2100,"[10.85316372, 30.58232117, 25.40196991, 10.85316372, 34.56784439, 20.50147247, 30.58232117, 30.58232117, 30.58232117, 10.85316372, 30.58232117, 30.58232117, 30.58232117, 34.56784439, 10.85316372, 10.85316372, 20.50147247, 25.40196991, 25.40196991, 25.40196991, 54.26675415, 20.50147247, 30.58232117, 25.40196991, 25.40196991]"
2101,"[10.85316372, 10.85316372, 30.58232117, 10.85316372, 10.85316372, 20.50147247, 10.85316372, 10.85316372, 30.58232117, 10.85316372, 30.58232117, 30.58232117, 30.58232117, 34.56784439, 30.58232117, 10.85316372, 20.50147247, 25.40196991, 30.58232117, 25.40196991, 42.42002487, 53.12029648, 34.56784439, 25.40196991, 25.40196991]"
2102,"[30.58232117, 30.58232117, 25.40196991, 10.85316372, 25.40196991, 20.50147247, 30.58232117, 10.85316372, 25.40196991, 39.55387878, 30.58232117, 25.40196991, 25.40196991, 10.85316372, 30.58232117, 34.56784439, 20.50147247, 20.50147247, 25.40196991, 25.40196991, 25.40196991, 20.50147247, 30.58232117, 25.40196991, 10.85316372]"
2103,"[20.50147247, 20.50147247, 20.50147247, 30.58232117, 20.50147247, 20.50147247, 25.40196991, 30.58232117, 20.50147247, 34.56784439, 25.40196991, 16.35793304, 20.50147247, 30.58232117, 16.35793304, 34.56784439, 20.50147247, 20.50147247, 20.50147247, 20.50147247, 25.40196991, 20.50147247, 34.56784439, 25.40196991, 25.40196991]"
2104,"[20.50147247, 20.50147247, 16.35793304, 20.50147247, 20.50147247, 20.50147247, 25.40196991, 25.40196991, 20.50147247, 34.56784439, 20.50147247, 16.35793304, 20.50147247, 25.40196991, 20.50147247, 30.58232117, 20.50147247, 20.50147247, 16.35793304, 20.50147247, 25.40196991, 20.50147247, 30.58232117, 25.40196991, 25.40196991]"
2105,"[16.35793304, 16.35793304, 16.35793304, 20.50147247, 20.50147247, 20.50147247, 20.50147247, 25.40196991, 20.50147247, 10.85316372, 16.35793304, 16.35793304, 20.50147247, 25.40196991, 16.35793304, 25.40196991, 20.50147247, 20.50147247, 16.35793304, 16.35793304, 25.40196991, 16.35793304, 25.40196991, 20.50147247, 20.50147247]"
2106,"[16.35793304, 16.35793304, 16.35793304, 20.50147247, 25.40196991, 20.50147247, 25.40196991, 25.40196991, 20.50147247, 30.58232117, 16.35793304, 16.35793304, 20.50147247, 20.50147247, 20.50147247, 25.40196991, 20.50147247, 20.50147247, 16.35793304, 16.35793304, 25.40196991, 16.35793304, 10.85316372, 20.50147247, 16.35793304]"
2107,"[16.35793304, 16.35793304, 16.35793304, 20.50147247, 25.40196991, 20.50147247, 20.50147247, 25.40196991, 20.50147247, 30.58232117, 16.35793304, 12.86226368, 16.35793304, 20.50147247, 16.35793304, 30.58232117, 20.50147247, 20.50147247, 16.35793304, 16.35793304, 25.40196991, 20.50147247, 25.40196991, 25.40196991, 20.50147247]"
2108,"[20.50147247, 20.50147247, 16.35793304, 20.50147247, 25.40196991, 20.50147247, 20.50147247, 25.40196991, 20.50147247, 10.85316372, 16.35793304, 12.86226368, 20.50147247, 25.40196991, 16.35793304, 20.50147247, 20.50147247, 16.35793304, 16.35793304, 16.35793304, 25.40196991, 16.35793304, 30.58232117, 20.50147247, 20.50147247]"
2109,"[25.40196991, 20.50147247, 16.35793304, 20.50147247, 25.40196991, 20.50147247, 20.50147247, 25.40196991, 20.50147247, 10.85316372, 16.35793304, 12.86226368, 16.35793304, 25.40196991, 20.50147247, 20.50147247, 20.50147247, 20.50147247, 12.86226368, 16.35793304, 25.40196991, 20.50147247, 30.58232117, 20.50147247, 20.50147247]"
2110,"[20.50147247, 25.40196991, 16.35793304, 20.50147247, 25.40196991, 20.50147247, 25.40196991, 25.40196991, 25.40196991, 30.58232117, 16.35793304, 12.86226368, 20.50147247, 20.50147247, 20.50147247, 30.58232117, 20.50147247, 25.40196991, 12.86226368, 20.50147247, 25.40196991, 16.35793304, 30.58232117, 16.35793304, 20.50147247]"
2111,"[25.40196991, 20.50147247, 16.35793304, 25.40196991, 30.58232117, 20.50147247, 25.40196991, 25.40196991, 30.58232117, 10.85316372, 20.50147247, 12.86226368, 20.50147247, 25.40196991, 30.58232117, 25.40196991, 20.50147247, 20.50147247, 16.35793304, 20.50147247, 25.40196991, 16.35793304, 30.58232117, 16.35793304, 20.50147247]"
2112,"[20.50147247, 20.50147247, 16.35793304, 30.58232117, 30.58232117, 20.50147247, 20.50147247, 25.40196991, 20.50147247, 30.58232117, 20.50147247, 16.35793304, 20.50147247, 25.40196991, 20.50147247, 25.40196991, 20.50147247, 20.50147247, 16.35793304, 16.35793304, 25.40196991, 16.35793304, 30.58232117, 20.50147247, 20.50147247]"
2113,"[20.50147247, 20.50147247, 16.35793304, 25.40196991, 30.58232117, 20.50147247, 20.50147247, 25.40196991, 25.40196991, 30.58232117, 20.50147247, 16.35793304, 20.50147247, 25.40196991, 20.50147247, 25.40196991, 20.50147247, 25.40196991, 16.35793304, 16.35793304, 25.40196991, 16.35793304, 30.58232117, 20.50147247, 20.50147247]"
2114,"[25.40196991, 30.58232117, 20.50147247, 25.40196991, 34.56784439, 20.50147247, 20.50147247, 25.40196991, 25.40196991, 30.58232117, 20.50147247, 10.85316372, 25.40196991, 25.40196991, 30.58232117, 25.40196991, 20.50147247, 10.85316372, 16.35793304, 20.50147247, 25.40196991, 20.50147247, 30.58232117, 20.50147247, 25.40196991]"
2115,"[25.40196991, 25.40196991, 20.50147247, 34.56784439, 10.85316372, 20.50147247, 30.58232117, 30.58232117, 30.58232117, 30.58232117, 25.40196991, 25.40196991, 25.40196991, 25.40196991, 30.58232117, 25.40196991, 20.50147247, 10.85316372, 16.35793304, 25.40196991, 25.40196991, 20.50147247, 10.85316372, 20.50147247, 20.50147247]"
2116,"[25.40196991, 25.40196991, 25.40196991, 30.58232117, 30.58232117, 20.50147247, 10.85316372, 30.58232117, 25.40196991, 34.56784439, 25.40196991, 20.50147247, 25.40196991, 25.40196991, 25.40196991, 20.50147247, 20.50147247, 30.58232117, 16.35793304, 30.58232117, 25.40196991, 16.35793304, 34.56784439, 20.50147247, 20.50147247]"
2117,"[20.50147247, 20.50147247, 20.50147247, 30.58232117, 25.40196991, 20.50147247, 20.50147247, 30.58232117, 20.50147247, 34.56784439, 20.50147247, 16.35793304, 20.50147247, 25.40196991, 20.50147247, 25.40196991, 20.50147247, 25.40196991, 16.35793304, 20.50147247, 25.40196991, 16.35793304, 25.40196991, 25.40196991, 20.50147247]"
2118,"[25.40196991, 20.50147247, 20.50147247, 25.40196991, 10.85316372, 20.50147247, 20.50147247, 30.58232117, 20.50147247, 10.85316372, 20.50147247, 20.50147247, 25.40196991, 20.50147247, 20.50147247, 20.50147247, 20.50147247, 30.58232117, 16.35793304, 25.40196991, 25.40196991, 16.35793304, 30.58232117, 25.40196991, 20.50147247]"
2119,"[25.40196991, 20.50147247, 20.50147247, 25.40196991, 16.35793304, 20.50147247, 25.40196991, 30.58232117, 20.50147247, 10.85316372, 20.50147247, 20.50147247, 25.40196991, 25.40196991, 30.58232117, 20.50147247, 20.50147247, 30.58232117, 16.35793304, 25.40196991, 25.40196991, 20.50147247, 30.58232117, 20.50147247, 25.40196991]"
2120,"[25.40196991, 20.50147247, 20.50147247, 25.40196991, 16.35793304, 20.50147247, 20.50147247, 30.58232117, 20.50147247, 30.58232117, 20.50147247, 16.35793304, 20.50147247, 20.50147247, 20.50147247, 20.50147247, 20.50147247, 30.58232117, 20.50147247, 20.50147247, 25.40196991, 16.35793304, 10.85316372, 20.50147247, 20.50147247]"
2121,"[25.40196991, 16.35793304, 16.35793304, 20.50147247, 16.35793304, 20.50147247, 20.50147247, 25.40196991, 20.50147247, 34.56784439, 16.35793304, 12.86226368, 20.50147247, 20.50147247, 16.35793304, 20.50147247, 20.50147247, 20.50147247, 16.35793304, 20.50147247, 25.40196991, 16.35793304, 25.40196991, 20.50147247, 20.50147247]"
2122,"[20.50147247, 16.35793304, 12.86226368, 20.50147247, 16.35793304, 20.50147247, 16.35793304, 25.40196991, 20.50147247, 30.58232117, 16.35793304, 12.86226368, 20.50147247, 20.50147247, 16.35793304, 20.50147247, 20.50147247, 16.35793304, 16.35793304, 16.35793304, 25.40196991, 16.35793304, 25.40196991, 20.50147247, 20.50147247]"
2123,"[20.50147247, 16.35793304, 12.86226368, 20.50147247, 16.35793304, 20.50147247, 16.35793304, 25.40196991, 16.35793304, 30.58232117, 16.35793304, 12.86226368, 16.35793304, 20.50147247, 16.35793304, 25.40196991, 20.50147247, 16.35793304, 12.86226368, 12.86226368, 25.40196991, 16.35793304, 25.40196991, 16.35793304, 16.35793304]"
2124,"[20.50147247, 16.35793304, 16.35793304, 20.50147247, 16.35793304, 20.50147247, 16.35793304, 25.40196991, 16.35793304, 30.58232117, 16.35793304, 12.86226368, 16.35793304, 20.50147247, 20.50147247, 30.58232117, 20.50147247, 16.35793304, 12.86226368, 16.35793304, 25.40196991, 16.35793304, 25.40196991, 12.86226368, 16.35793304]"
2125,"[16.35793304, 12.86226368, 12.86226368, 20.50147247, 16.35793304, 20.50147247, 16.35793304, 25.40196991, 16.35793304, 34.56784439, 16.35793304, 12.86226368, 16.35793304, 20.50147247, 20.50147247, 25.40196991, 20.50147247, 16.35793304, 12.86226368, 12.86226368, 25.40196991, 16.35793304, 30.58232117, 12.86226368, 20.50147247]"
2126,"[20.50147247, 16.35793304, 12.86226368, 20.50147247, 20.50147247, 20.50147247, 16.35793304, 25.40196991, 16.35793304, 25.40196991, 12.86226368, 12.86226368, 16.35793304, 20.50147247, 16.35793304, 25.40196991, 20.50147247, 16.35793304, 12.86226368, 16.35793304, 25.40196991, 16.35793304, 25.40196991, 12.86226368, 16.35793304]"
2127,"[16.35793304, 12.86226368, 12.86226368, 20.50147247, 20.50147247, 20.50147247, 16.35793304, 25.40196991, 16.35793304, 30.58232117, 12.86226368, 12.86226368, 16.35793304, 20.50147247, 20.50147247, 20.50147247, 20.50147247, 16.35793304, 12.86226368, 16.35793304, 25.40196991, 16.35793304, 30.58232117, 12.86226368, 16.35793304]"
2128,"[20.50147247, 12.86226368, 16.35793304, 20.50147247, 20.50147247, 20.50147247, 16.35793304, 25.40196991, 16.35793304, 30.58232117, 12.86226368, 12.86226368, 16.35793304, 20.50147247, 16.35793304, 30.58232117, 20.50147247, 16.35793304, 12.86226368, 16.35793304, 25.40196991, 20.50147247, 25.40196991, 12.86226368, 16.35793304]"
2129,"[16.35793304, 12.86226368, 12.86226368, 20.50147247, 20.50147247, 20.50147247, 16.35793304, 25.40196991, 16.35793304, 10.85316372, 12.86226368, 12.86226368, 16.35793304, 20.50147247, 20.50147247, 20.50147247, 20.50147247, 16.35793304, 12.86226368, 12.86226368, 25.40196991, 20.50147247, 20.50147247, 12.86226368, 20.50147247]"
2130,"[20.50147247, 12.86226368, 16.35793304, 16.35793304, 20.50147247, 20.50147247, 16.35793304, 25.40196991, 20.50147247, 25.40196991, 12.86226368, 12.86226368, 16.35793304, 20.50147247, 16.35793304, 30.58232117, 20.50147247, 16.35793304, 16.35793304, 12.86226368, 25.40196991, 20.50147247, 30.58232117, 12.86226368, 20.50147247]"
2131,"[16.35793304, 12.86226368, 12.86226368, 20.50147247, 20.50147247, 20.50147247, 16.35793304, 25.40196991, 16.35793304, 30.58232117, 12.86226368, 12.86226368, 16.35793304, 20.50147247, 16.35793304, 36.45310974, 20.50147247, 16.35793304, 16.35793304, 12.86226368, 25.40196991, 20.50147247, 25.40196991, 16.35793304, 16.35793304]"
2132,"[16.35793304, 12.86226368, 12.86226368, 16.35793304, 20.50147247, 20.50147247, 16.35793304, 25.40196991, 16.35793304, 30.58232117, 12.86226368, 12.86226368, 16.35793304, 16.35793304, 16.35793304, 30.58232117, 20.50147247, 16.35793304, 16.35793304, 16.35793304, 25.40196991, 20.50147247, 25.40196991, 12.86226368, 16.35793304]"
2133,"[16.35793304, 12.86226368, 12.86226368, 16.35793304, 16.35793304, 20.50147247, 20.50147247, 25.40196991, 16.35793304, 10.85316372, 12.86226368, 12.86226368, 16.35793304, 20.50147247, 20.50147247, 20.50147247, 20.50147247, 16.35793304, 12.86226368, 12.86226368, 25.40196991, 16.35793304, 30.58232117, 12.86226368, 16.35793304]"
2134,"[16.35793304, 16.35793304, 12.86226368, 16.35793304, 20.50147247, 20.50147247, 20.50147247, 25.40196991, 16.35793304, 25.40196991, 12.86226368, 12.86226368, 16.35793304, 20.50147247, 12.86226368, 16.35793304, 20.50147247, 16.35793304, 12.86226368, 12.86226368, 25.40196991, 20.50147247, 30.58232117, 12.86226368, 16.35793304]"
2135,"[16.35793304, 16.35793304, 12.86226368, 16.35793304, 20.50147247, 20.50147247, 16.35793304, 25.40196991, 16.35793304, 30.58232117, 12.86226368, 12.86226368, 16.35793304, 20.50147247, 16.35793304, 16.35793304, 20.50147247, 16.35793304, 12.86226368, 16.35793304, 25.40196991, 20.50147247, 25.40196991, 12.86226368, 16.35793304]"
2136,"[16.35793304, 12.86226368, 12.86226368, 20.50147247, 16.35793304, 20.50147247, 16.35793304, 25.40196991, 16.35793304, 10.85316372, 16.35793304, 12.86226368, 16.35793304, 20.50147247, 16.35793304, 20.50147247, 20.50147247, 12.86226368, 12.86226368, 12.86226368, 25.40196991, 16.35793304, 25.40196991, 12.86226368, 16.35793304]"
2137,"[16.35793304, 12.86226368, 12.86226368, 20.50147247, 16.35793304, 20.50147247, 16.35793304, 25.40196991, 16.35793304, 30.58232117, 12.86226368, 12.86226368, 16.35793304, 16.35793304, 16.35793304, 16.35793304, 20.50147247, 16.35793304, 16.35793304, 12.86226368, 25.40196991, 16.35793304, 25.40196991, 12.86226368, 20.50147247]"
2138,"[16.35793304, 16.35793304, 12.86226368, 16.35793304, 16.35793304, 20.50147247, 16.35793304, 25.40196991, 16.35793304, 30.58232117, 16.35793304, 12.86226368, 16.35793304, 16.35793304, 12.86226368, 16.35793304, 20.50147247, 16.35793304, 16.35793304, 12.86226368, 25.40196991, 20.50147247, 25.40196991, 16.35793304, 20.50147247]"
2139,"[16.35793304, 16.35793304, 12.86226368, 16.35793304, 16.35793304, 20.50147247, 20.50147247, 25.40196991, 16.35793304, 25.40196991, 16.35793304, 12.86226368, 16.35793304, 16.35793304, 16.35793304, 16.35793304, 20.50147247, 16.35793304, 16.35793304, 12.86226368, 25.40196991, 16.35793304, 30.58232117, 12.86226368, 16.35793304]"
2140,"[20.50147247, 16.35793304, 12.86226368, 20.50147247, 16.35793304, 20.50147247, 20.50147247, 16.35793304, 16.35793304, 25.40196991, 16.35793304, 12.86226368, 16.35793304, 16.35793304, 12.86226368, 16.35793304, 20.50147247, 16.35793304, 20.50147247, 16.35793304, 25.40196991, 16.35793304, 25.40196991, 12.86226368, 16.35793304]"
2141,"[20.50147247, 16.35793304, 16.35793304, 16.35793304, 16.35793304, 20.50147247, 20.50147247, 12.86226368, 16.35793304, 30.58232117, 16.35793304, 12.86226368, 16.35793304, 20.50147247, 10.85316372, 16.35793304, 20.50147247, 16.35793304, 20.50147247, 16.35793304, 25.40196991, 16.35793304, 25.40196991, 12.86226368, 20.50147247]"
2142,"[20.50147247, 12.86226368, 12.86226368, 20.50147247, 16.35793304, 20.50147247, 20.50147247, 12.86226368, 16.35793304, 25.40196991, 16.35793304, 12.86226368, 16.35793304, 20.50147247, 16.35793304, 16.35793304, 20.50147247, 16.35793304, 20.50147247, 16.35793304, 25.40196991, 16.35793304, 25.40196991, 12.86226368, 20.50147247]"
2143,"[20.50147247, 12.86226368, 12.86226368, 16.35793304, 16.35793304, 20.50147247, 16.35793304, 12.86226368, 16.35793304, 20.50147247, 16.35793304, 12.86226368, 16.35793304, 20.50147247, 20.50147247, 30.58232117, 20.50147247, 16.35793304, 25.40196991, 12.86226368, 25.40196991, 16.35793304, 25.40196991, 12.86226368, 16.35793304]"
2144,"[20.50147247, 16.35793304, 12.86226368, 16.35793304, 16.35793304, 20.50147247, 16.35793304, 12.86226368, 16.35793304, 25.40196991, 16.35793304, 12.86226368, 16.35793304, 16.35793304, 20.50147247, 25.40196991, 20.50147247, 16.35793304, 16.35793304, 16.35793304, 25.40196991, 16.35793304, 30.58232117, 12.86226368, 20.50147247]"
2145,"[20.50147247, 16.35793304, 12.86226368, 20.50147247, 25.40196991, 20.50147247, 20.50147247, 16.35793304, 20.50147247, 20.50147247, 12.86226368, 12.86226368, 16.35793304, 16.35793304, 16.35793304, 12.86226368, 20.50147247, 12.86226368, 16.35793304, 16.35793304, 25.40196991, 16.35793304, 25.40196991, 12.86226368, 16.35793304]"
2146,"[16.35793304, 16.35793304, 12.86226368, 16.35793304, 25.40196991, 20.50147247, 20.50147247, 16.35793304, 20.50147247, 30.58232117, 12.86226368, 12.86226368, 16.35793304, 20.50147247, 16.35793304, 16.35793304, 20.50147247, 12.86226368, 20.50147247, 16.35793304, 25.40196991, 16.35793304, 25.40196991, 16.35793304, 16.35793304]"
2147,"[16.35793304, 16.35793304, 12.86226368, 16.35793304, 20.50147247, 20.50147247, 16.35793304, 16.35793304, 16.35793304, 25.40196991, 16.35793304, 12.86226368, 16.35793304, 20.50147247, 20.50147247, 16.35793304, 20.50147247, 16.35793304, 16.35793304, 12.86226368, 25.40196991, 16.35793304, 20.50147247, 12.86226368, 16.35793304]"
2148,"[16.35793304, 12.86226368, 12.86226368, 20.50147247, 20.50147247, 20.50147247, 16.35793304, 16.35793304, 20.50147247, 30.58232117, 16.35793304, 12.86226368, 16.35793304, 16.35793304, 16.35793304, 16.35793304, 20.50147247, 12.86226368, 16.35793304, 12.86226368, 25.40196991, 16.35793304, 25.40196991, 12.86226368, 16.35793304]"
2149,"[16.35793304, 12.86226368, 12.86226368, 20.50147247, 16.35793304, 20.50147247, 16.35793304, 16.35793304, 16.35793304, 30.58232117, 16.35793304, 12.86226368, 16.35793304, 16.35793304, 16.35793304, 16.35793304, 20.50147247, 16.35793304, 16.35793304, 12.86226368, 25.40196991, 16.35793304, 25.40196991, 12.86226368, 16.35793304]"
2150,"[16.35793304, 12.86226368, 12.86226368, 20.50147247, 16.35793304, 20.50147247, 16.35793304, 16.35793304, 16.35793304, 25.40196991, 16.35793304, 12.86226368, 16.35793304, 20.50147247, 16.35793304, 16.35793304, 20.50147247, 12.86226368, 12.86226368, 12.86226368, 25.40196991, 16.35793304, 25.40196991, 12.86226368, 16.35793304]"
2151,"[20.50147247, 16.35793304, 12.86226368, 20.50147247, 20.50147247, 20.50147247, 16.35793304, 12.86226368, 16.35793304, 25.40196991, 16.35793304, 12.86226368, 16.35793304, 20.50147247, 16.35793304, 16.35793304, 20.50147247, 12.86226368, 12.86226368, 12.86226368, 25.40196991, 16.35793304, 30.58232117, 16.35793304, 16.35793304]"
2152,"[16.35793304, 16.35793304, 12.86226368, 20.50147247, 16.35793304, 20.50147247, 16.35793304, 12.86226368, 16.35793304, 30.58232117, 12.86226368, 12.86226368, 16.35793304, 20.50147247, 16.35793304, 16.35793304, 20.50147247, 12.86226368, 12.86226368, 12.86226368, 25.40196991, 16.35793304, 25.40196991, 12.86226368, 20.50147247]"
2153,"[16.35793304, 16.35793304, 12.86226368, 20.50147247, 16.35793304, 20.50147247, 16.35793304, 12.86226368, 16.35793304, 25.40196991, 12.86226368, 12.86226368, 16.35793304, 20.50147247, 16.35793304, 16.35793304, 20.50147247, 12.86226368, 12.86226368, 12.86226368, 25.40196991, 16.35793304, 30.58232117, 12.86226368, 16.35793304]"
2154,"[16.35793304, 16.35793304, 16.35793304, 20.50147247, 20.50147247, 20.50147247, 16.35793304, 12.86226368, 16.35793304, 30.58232117, 16.35793304, 12.86226368, 16.35793304, 20.50147247, 16.35793304, 16.35793304, 20.50147247, 16.35793304, 12.86226368, 12.86226368, 25.40196991, 20.50147247, 25.40196991, 16.35793304, 20.50147247]"
2155,"[20.50147247, 16.35793304, 16.35793304, 20.50147247, 20.50147247, 20.50147247, 16.35793304, 16.35793304, 16.35793304, 25.40196991, 16.35793304, 12.86226368, 16.35793304, 20.50147247, 20.50147247, 16.35793304, 20.50147247, 16.35793304, 12.86226368, 16.35793304, 25.40196991, 20.50147247, 30.58232117, 16.35793304, 20.50147247]"
2156,"[20.50147247, 16.35793304, 16.35793304, 20.50147247, 20.50147247, 20.50147247, 16.35793304, 16.35793304, 20.50147247, 25.40196991, 16.35793304, 12.86226368, 16.35793304, 20.50147247, 20.50147247, 20.50147247, 20.50147247, 16.35793304, 12.86226368, 16.35793304, 25.40196991, 20.50147247, 10.85316372, 16.35793304, 20.50147247]"
2157,"[20.50147247, 16.35793304, 16.35793304, 20.50147247, 20.50147247, 20.50147247, 16.35793304, 16.35793304, 25.40196991, 25.40196991, 16.35793304, 16.35793304, 20.50147247, 20.50147247, 20.50147247, 20.50147247, 20.50147247, 20.50147247, 16.35793304, 16.35793304, 25.40196991, 20.50147247, 30.58232117, 16.35793304, 20.50147247]"
2158,"[20.50147247, 16.35793304, 16.35793304, 20.50147247, 20.50147247, 20.50147247, 20.50147247, 16.35793304, 20.50147247, 10.85316372, 16.35793304, 16.35793304, 20.50147247, 20.50147247, 20.50147247, 20.50147247, 20.50147247, 16.35793304, 16.35793304, 16.35793304, 25.40196991, 20.50147247, 30.58232117, 16.35793304, 20.50147247]"
2159,"[25.40196991, 20.50147247, 16.35793304, 20.50147247, 20.50147247, 20.50147247, 20.50147247, 16.35793304, 20.50147247, 30.58232117, 16.35793304, 16.35793304, 20.50147247, 20.50147247, 20.50147247, 20.50147247, 20.50147247, 20.50147247, 16.35793304, 16.35793304, 25.40196991, 16.35793304, 30.58232117, 20.50147247, 20.50147247]"
2160,"[20.50147247, 16.35793304, 16.35793304, 20.50147247, 20.50147247, 20.50147247, 20.50147247, 20.50147247, 20.50147247, 30.58232117, 16.35793304, 16.35793304, 20.50147247, 20.50147247, 16.35793304, 20.50147247, 20.50147247, 20.50147247, 20.50147247, 16.35793304, 25.40196991, 16.35793304, 30.58232117, 16.35793304, 20.50147247]"
2161,"[20.50147247, 16.35793304, 16.35793304, 20.50147247, 20.50147247, 20.50147247, 20.50147247, 16.35793304, 20.50147247, 25.40196991, 16.35793304, 16.35793304, 20.50147247, 20.50147247, 16.35793304, 16.35793304, 20.50147247, 20.50147247, 20.50147247, 16.35793304, 25.40196991, 16.35793304, 20.50147247, 16.35793304, 20.50147247]"
2162,"[20.50147247, 16.35793304, 16.35793304, 20.50147247, 20.50147247, 20.50147247, 20.50147247, 16.35793304, 16.35793304, 25.40196991, 16.35793304, 12.86226368, 20.50147247, 20.50147247, 12.86226368, 16.35793304, 20.50147247, 20.50147247, 25.40196991, 16.35793304, 25.40196991, 16.35793304, 30.58232117, 16.35793304, 20.50147247]"
2163,"[20.50147247, 16.35793304, 16.35793304, 20.50147247, 16.35793304, 20.50147247, 20.50147247, 16.35793304, 16.35793304, 30.58232117, 16.35793304, 16.35793304, 20.50147247, 20.50147247, 20.50147247, 16.35793304, 20.50147247, 16.35793304, 20.50147247, 16.35793304, 25.40196991, 16.35793304, 25.40196991, 16.35793304, 16.35793304]"
2164,"[20.50147247, 16.35793304, 16.35793304, 20.50147247, 16.35793304, 20.50147247, 20.50147247, 16.35793304, 20.50147247, 20.50147247, 16.35793304, 16.35793304, 20.50147247, 20.50147247, 16.35793304, 20.50147247, 20.50147247, 16.35793304, 20.50147247, 16.35793304, 25.40196991, 16.35793304, 25.40196991, 16.35793304, 20.50147247]"
2165,"[16.35793304, 16.35793304, 16.35793304, 20.50147247, 16.35793304, 20.50147247, 16.35793304, 16.35793304, 16.35793304, 10.85316372, 16.35793304, 12.86226368, 16.35793304, 16.35793304, 16.35793304, 30.58232117, 20.50147247, 16.35793304, 20.50147247, 12.86226368, 25.40196991, 16.35793304, 25.40196991, 16.35793304, 16.35793304]"
2166,"[16.35793304, 16.35793304, 16.35793304, 20.50147247, 16.35793304, 20.50147247, 20.50147247, 16.35793304, 16.35793304, 10.85316372, 12.86226368, 12.86226368, 16.35793304, 16.35793304, 20.50147247, 10.85316372, 20.50147247, 16.35793304, 12.86226368, 12.86226368, 25.40196991, 16.35793304, 25.40196991, 12.86226368, 16.35793304]"
2167,"[16.35793304, 16.35793304, 16.35793304, 20.50147247, 16.35793304, 20.50147247, 20.50147247, 16.35793304, 16.35793304, 30.58232117, 12.86226368, 12.86226368, 16.35793304, 16.35793304, 20.50147247, 30.58232117, 20.50147247, 16.35793304, 12.86226368, 16.35793304, 25.40196991, 16.35793304, 30.58232117, 16.35793304, 16.35793304]"
2168,"[16.35793304, 16.35793304, 16.35793304, 20.50147247, 16.35793304, 20.50147247, 16.35793304, 16.35793304, 16.35793304, 30.58232117, 12.86226368, 12.86226368, 16.35793304, 16.35793304, 16.35793304, 25.40196991, 20.50147247, 16.35793304, 12.86226368, 16.35793304, 25.40196991, 16.35793304, 25.40196991, 16.35793304, 16.35793304]"
2169,"[16.35793304, 12.86226368, 12.86226368, 20.50147247, 16.35793304, 20.50147247, 16.35793304, 16.35793304, 16.35793304, 30.58232117, 12.86226368, 12.86226368, 16.35793304, 16.35793304, 16.35793304, 25.40196991, 20.50147247, 16.35793304, 12.86226368, 12.86226368, 25.40196991, 20.50147247, 25.40196991, 16.35793304, 16.35793304]"
2170,"[16.35793304, 12.86226368, 12.86226368, 16.35793304, 12.86226368, 20.50147247, 16.35793304, 16.35793304, 16.35793304, 25.40196991, 12.86226368, 12.86226368, 16.35793304, 16.35793304, 16.35793304, 20.50147247, 20.50147247, 16.35793304, 12.86226368, 12.86226368, 25.40196991, 20.50147247, 25.40196991, 16.35793304, 20.50147247]"
2171,"[16.35793304, 12.86226368, 12.86226368, 16.35793304, 12.86226368, 20.50147247, 16.35793304, 16.35793304, 16.35793304, 30.58232117, 12.86226368, 12.86226368, 16.35793304, 20.50147247, 16.35793304, 20.50147247, 20.50147247, 16.35793304, 12.86226368, 12.86226368, 25.40196991, 16.35793304, 30.58232117, 12.86226368, 20.50147247]"
2172,"[16.35793304, 12.86226368, 12.86226368, 16.35793304, 16.35793304, 20.50147247, 16.35793304, 16.35793304, 16.35793304, 30.58232117, 12.86226368, 12.86226368, 16.35793304, 16.35793304, 16.35793304, 25.40196991, 20.50147247, 16.35793304, 12.86226368, 12.86226368, 25.40196991, 16.35793304, 25.40196991, 12.86226368, 16.35793304]"
2173,"[16.35793304, 12.86226368, 12.86226368, 16.35793304, 12.86226368, 20.50147247, 16.35793304, 16.35793304, 16.35793304, 30.58232117, 12.86226368, 12.86226368, 16.35793304, 16.35793304, 20.50147247, 25.40196991, 20.50147247, 12.86226368, 12.86226368, 12.86226368, 25.40196991, 20.50147247, 10.85316372, 16.35793304, 16.35793304]"
2174,"[16.35793304, 12.86226368, 12.86226368, 16.35793304, 12.86226368, 20.50147247, 16.35793304, 16.35793304, 16.35793304, 25.40196991, 12.86226368, 12.86226368, 16.35793304, 16.35793304, 16.35793304, 25.40196991, 20.50147247, 12.86226368, 12.86226368, 12.86226368, 25.40196991, 16.35793304, 25.40196991, 12.86226368, 16.35793304]"
2175,"[16.35793304, 12.86226368, 12.86226368, 16.35793304, 16.35793304, 20.50147247, 16.35793304, 16.35793304, 16.35793304, 25.40196991, 12.86226368, 12.86226368, 16.35793304, 16.35793304, 16.35793304, 20.50147247, 20.50147247, 12.86226368, 12.86226368, 12.86226368, 25.40196991, 16.35793304, 25.40196991, 12.86226368, 16.35793304]"
2176,"[12.86226368, 12.86226368, 12.86226368, 16.35793304, 16.35793304, 20.50147247, 16.35793304, 16.35793304, 16.35793304, 30.58232117, 12.86226368, 12.86226368, 16.35793304, 16.35793304, 16.35793304, 16.35793304, 20.50147247, 12.86226368, 12.86226368, 12.86226368, 25.40196991, 20.50147247, 20.50147247, 12.86226368, 16.35793304]"
2177,"[16.35793304, 12.86226368, 12.86226368, 16.35793304, 16.35793304, 20.50147247, 12.86226368, 16.35793304, 16.35793304, 30.58232117, 12.86226368, 12.86226368, 16.35793304, 16.35793304, 16.35793304, 16.35793304, 20.50147247, 12.86226368, 12.86226368, 12.86226368, 25.40196991, 16.35793304, 25.40196991, 12.86226368, 16.35793304]"
2178,"[16.35793304, 12.86226368, 12.86226368, 16.35793304, 16.35793304, 20.50147247, 16.35793304, 16.35793304, 16.35793304, 25.40196991, 12.86226368, 12.86226368, 16.35793304, 16.35793304, 12.86226368, 16.35793304, 20.50147247, 12.86226368, 12.86226368, 12.86226368, 25.40196991, 20.50147247, 25.40196991, 12.86226368, 16.35793304]"
2179,"[16.35793304, 12.86226368, 12.86226368, 16.35793304, 16.35793304, 20.50147247, 12.86226368, 16.35793304, 16.35793304, 30.58232117, 12.86226368, 12.86226368, 16.35793304, 16.35793304, 16.35793304, 16.35793304, 20.50147247, 12.86226368, 12.86226368, 12.86226368, 25.40196991, 20.50147247, 20.50147247, 12.86226368, 16.35793304]"
2180,"[16.35793304, 16.35793304, 12.86226368, 16.35793304, 16.35793304, 20.50147247, 16.35793304, 16.35793304, 16.35793304, 30.58232117, 12.86226368, 12.86226368, 16.35793304, 16.35793304, 16.35793304, 16.35793304, 20.50147247, 12.86226368, 12.86226368, 12.86226368, 25.40196991, 20.50147247, 30.58232117, 12.86226368, 16.35793304]"
2181,"[16.35793304, 12.86226368, 12.86226368, 16.35793304, 12.86226368, 20.50147247, 16.35793304, 16.35793304, 16.35793304, 30.58232117, 12.86226368, 12.86226368, 16.35793304, 16.35793304, 20.50147247, 16.35793304, 20.50147247, 12.86226368, 12.86226368, 12.86226368, 25.40196991, 20.50147247, 25.40196991, 12.86226368, 16.35793304]"
2182,"[16.35793304, 12.86226368, 12.86226368, 16.35793304, 12.86226368, 20.50147247, 16.35793304, 16.35793304, 16.35793304, 30.58232117, 12.86226368, 12.86226368, 16.35793304, 16.35793304, 16.35793304, 20.50147247, 20.50147247, 12.86226368, 12.86226368, 12.86226368, 25.40196991, 20.50147247, 20.50147247, 12.86226368, 16.35793304]"
2183,"[16.35793304, 12.86226368, 12.86226368, 16.35793304, 16.35793304, 20.50147247, 16.35793304, 16.35793304, 16.35793304, 25.40196991, 12.86226368, 12.86226368, 16.35793304, 16.35793304, 16.35793304, 16.35793304, 20.50147247, 16.35793304, 12.86226368, 12.86226368, 25.40196991, 20.50147247, 20.50147247, 12.86226368, 16.35793304]"
2184,"[16.35793304, 12.86226368, 12.86226368, 20.50147247, 16.35793304, 20.50147247, 16.35793304, 16.35793304, 16.35793304, 25.40196991, 12.86226368, 12.86226368, 16.35793304, 16.35793304, 16.35793304, 20.50147247, 20.50147247, 12.86226368, 12.86226368, 12.86226368, 25.40196991, 20.50147247, 25.40196991, 12.86226368, 16.35793304]"
2185,"[16.35793304, 12.86226368, 12.86226368, 16.35793304, 16.35793304, 20.50147247, 16.35793304, 16.35793304, 16.35793304, 10.85316372, 12.86226368, 12.86226368, 16.35793304, 16.35793304, 16.35793304, 16.35793304, 20.50147247, 16.35793304, 12.86226368, 12.86226368, 25.40196991, 20.50147247, 30.58232117, 12.86226368, 16.35793304]"
2186,"[16.35793304, 12.86226368, 12.86226368, 20.50147247, 16.35793304, 20.50147247, 16.35793304, 16.35793304, 16.35793304, 25.40196991, 12.86226368, 12.86226368, 20.50147247, 16.35793304, 16.35793304, 16.35793304, 20.50147247, 16.35793304, 12.86226368, 16.35793304, 25.40196991, 20.50147247, 25.40196991, 12.86226368, 16.35793304]"
2187,"[16.35793304, 12.86226368, 12.86226368, 20.50147247, 16.35793304, 20.50147247, 16.35793304, 16.35793304, 16.35793304, 30.58232117, 12.86226368, 12.86226368, 20.50147247, 16.35793304, 20.50147247, 16.35793304, 20.50147247, 16.35793304, 16.35793304, 16.35793304, 25.40196991, 20.50147247, 10.85316372, 16.35793304, 16.35793304]"
2188,"[16.35793304, 16.35793304, 16.35793304, 20.50147247, 20.50147247, 20.50147247, 16.35793304, 16.35793304, 16.35793304, 30.58232117, 12.86226368, 16.35793304, 20.50147247, 20.50147247, 16.35793304, 20.50147247, 20.50147247, 20.50147247, 16.35793304, 20.50147247, 25.40196991, 20.50147247, 30.58232117, 16.35793304, 16.35793304]"
2189,"[16.35793304, 20.50147247, 16.35793304, 25.40196991, 20.50147247, 20.50147247, 16.35793304, 16.35793304, 20.50147247, 10.85316372, 16.35793304, 16.35793304, 20.50147247, 20.50147247, 20.50147247, 10.85316372, 20.50147247, 16.35793304, 16.35793304, 16.35793304, 25.40196991, 20.50147247, 25.40196991, 16.35793304, 16.35793304]"
2190,"[20.50147247, 16.35793304, 16.35793304, 20.50147247, 25.40196991, 20.50147247, 16.35793304, 16.35793304, 20.50147247, 10.85316372, 16.35793304, 16.35793304, 20.50147247, 20.50147247, 16.35793304, 34.56784439, 20.50147247, 16.35793304, 20.50147247, 16.35793304, 25.40196991, 20.50147247, 25.40196991, 20.50147247, 20.50147247]"
2191,"[16.35793304, 16.35793304, 16.35793304, 20.50147247, 16.35793304, 20.50147247, 16.35793304, 16.35793304, 20.50147247, 25.40196991, 16.35793304, 16.35793304, 20.50147247, 20.50147247, 16.35793304, 36.45310974, 20.50147247, 16.35793304, 16.35793304, 12.86226368, 25.40196991, 20.50147247, 25.40196991, 16.35793304, 20.50147247]"
2192,"[16.35793304, 16.35793304, 16.35793304, 20.50147247, 12.86226368, 20.50147247, 20.50147247, 16.35793304, 20.50147247, 30.58232117, 16.35793304, 12.86226368, 20.50147247, 20.50147247, 16.35793304, 36.45310974, 20.50147247, 12.86226368, 12.86226368, 12.86226368, 25.40196991, 20.50147247, 30.58232117, 20.50147247, 16.35793304]"
2193,"[16.35793304, 12.86226368, 12.86226368, 20.50147247, 16.35793304, 20.50147247, 16.35793304, 16.35793304, 16.35793304, 10.85316372, 16.35793304, 16.35793304, 20.50147247, 20.50147247, 16.35793304, 25.40196991, 20.50147247, 12.86226368, 12.86226368, 12.86226368, 25.40196991, 20.50147247, 25.40196991, 16.35793304, 20.50147247]"
2194,"[16.35793304, 12.86226368, 12.86226368, 16.35793304, 16.35793304, 20.50147247, 16.35793304, 16.35793304, 16.35793304, 10.85316372, 12.86226368, 12.86226368, 20.50147247, 20.50147247, 16.35793304, 25.40196991, 20.50147247, 16.35793304, 12.86226368, 16.35793304, 25.40196991, 20.50147247, 25.40196991, 16.35793304, 20.50147247]"
2195,"[16.35793304, 12.86226368, 12.86226368, 16.35793304, 16.35793304, 20.50147247, 16.35793304, 16.35793304, 16.35793304, 25.40196991, 12.86226368, 12.86226368, 20.50147247, 20.50147247, 16.35793304, 25.40196991, 20.50147247, 16.35793304, 12.86226368, 16.35793304, 25.40196991, 20.50147247, 25.40196991, 16.35793304, 20.50147247]"
2196,"[16.35793304, 12.86226368, 12.86226368, 16.35793304, 16.35793304, 20.50147247, 16.35793304, 16.35793304, 16.35793304, 25.40196991, 12.86226368, 12.86226368, 20.50147247, 20.50147247, 16.35793304, 30.58232117, 20.50147247, 16.35793304, 12.86226368, 16.35793304, 25.40196991, 20.50147247, 30.58232117, 16.35793304, 16.35793304]"
2197,"[16.35793304, 12.86226368, 12.86226368, 20.50147247, 16.35793304, 20.50147247, 12.86226368, 16.35793304, 20.50147247, 25.40196991, 12.86226368, 12.86226368, 16.35793304, 16.35793304, 12.86226368, 39.55387878, 20.50147247, 12.86226368, 12.86226368, 12.86226368, 25.40196991, 20.50147247, 25.40196991, 20.50147247, 16.35793304]"
2198,"[16.35793304, 12.86226368, 12.86226368, 16.35793304, 16.35793304, 20.50147247, 16.35793304, 16.35793304, 16.35793304, 30.58232117, 12.86226368, 12.86226368, 16.35793304, 20.50147247, 16.35793304, 10.85316372, 20.50147247, 16.35793304, 12.86226368, 12.86226368, 25.40196991, 20.50147247, 30.58232117, 16.35793304, 20.50147247]"
2199,"[16.35793304, 12.86226368, 12.86226368, 16.35793304, 16.35793304, 20.50147247, 12.86226368, 16.35793304, 16.35793304, 30.58232117, 12.86226368, 12.86226368, 16.35793304, 20.50147247, 16.35793304, 30.58232117, 20.50147247, 12.86226368, 12.86226368, 12.86226368, 25.40196991, 20.50147247, 25.40196991, 16.35793304, 20.50147247]"
2200,"[16.35793304, 12.86226368, 16.35793304, 16.35793304, 16.35793304, 20.50147247, 16.35793304, 16.35793304, 16.35793304, 30.58232117, 12.86226368, 12.86226368, 16.35793304, 16.35793304, 20.50147247, 10.85316372, 20.50147247, 16.35793304, 12.86226368, 12.86226368, 25.40196991, 20.50147247, 25.40196991, 16.35793304, 20.50147247]"
2201,"[16.35793304, 16.35793304, 20.50147247, 16.35793304, 20.50147247, 20.50147247, 20.50147247, 16.35793304, 20.50147247, 30.58232117, 12.86226368, 12.86226368, 20.50147247, 20.50147247, 20.50147247, 30.58232117, 20.50147247, 16.35793304, 12.86226368, 16.35793304, 25.40196991, 20.50147247, 25.40196991, 16.35793304, 20.50147247]"
2202,"[16.35793304, 16.35793304, 16.35793304, 20.50147247, 20.50147247, 20.50147247, 20.50147247, 16.35793304, 20.50147247, 30.58232117, 16.35793304, 16.35793304, 20.50147247, 20.50147247, 16.35793304, 30.58232117, 20.50147247, 20.50147247, 12.86226368, 20.50147247, 25.40196991, 20.50147247, 30.58232117, 16.35793304, 20.50147247]"
2203,"[20.50147247, 16.35793304, 20.50147247, 20.50147247, 20.50147247, 20.50147247, 20.50147247, 20.50147247, 20.50147247, 10.85316372, 16.35793304, 16.35793304, 20.50147247, 20.50147247, 20.50147247, 10.85316372, 20.50147247, 20.50147247, 16.35793304, 20.50147247, 25.40196991, 20.50147247, 10.85316372, 16.35793304, 20.50147247]"
2204,"[20.50147247, 16.35793304, 16.35793304, 20.50147247, 20.50147247, 20.50147247, 20.50147247, 20.50147247, 25.40196991, 30.58232117, 16.35793304, 16.35793304, 20.50147247, 20.50147247, 20.50147247, 25.40196991, 20.50147247, 20.50147247, 16.35793304, 20.50147247, 25.40196991, 20.50147247, 30.58232117, 20.50147247, 20.50147247]"
2205,"[20.50147247, 16.35793304, 16.35793304, 20.50147247, 20.50147247, 20.50147247, 20.50147247, 20.50147247, 20.50147247, 10.85316372, 16.35793304, 16.35793304, 20.50147247, 20.50147247, 20.50147247, 20.50147247, 20.50147247, 20.50147247, 25.40196991, 20.50147247, 25.40196991, 20.50147247, 30.58232117, 20.50147247, 20.50147247]"
2206,"[16.35793304, 16.35793304, 16.35793304, 20.50147247, 20.50147247, 20.50147247, 20.50147247, 20.50147247, 20.50147247, 30.58232117, 16.35793304, 16.35793304, 20.50147247, 20.50147247, 20.50147247, 20.50147247, 20.50147247, 20.50147247, 20.50147247, 10.85316372, 25.40196991, 20.50147247, 30.58232117, 20.50147247, 20.50147247]"
2207,"[20.50147247, 16.35793304, 16.35793304, 20.50147247, 20.50147247, 20.50147247, 25.40196991, 16.35793304, 20.50147247, 25.40196991, 16.35793304, 12.86226368, 20.50147247, 20.50147247, 16.35793304, 20.50147247, 20.50147247, 20.50147247, 25.40196991, 16.35793304, 25.40196991, 20.50147247, 25.40196991, 20.50147247, 20.50147247]"
2208,"[20.50147247, 16.35793304, 16.35793304, 20.50147247, 20.50147247, 20.50147247, 25.40196991, 16.35793304, 20.50147247, 25.40196991, 16.35793304, 16.35793304, 20.50147247, 16.35793304, 16.35793304, 20.50147247, 20.50147247, 16.35793304, 25.40196991, 16.35793304, 25.40196991, 20.50147247, 30.58232117, 16.35793304, 16.35793304]"
2209,"[20.50147247, 20.50147247, 16.35793304, 20.50147247, 20.50147247, 20.50147247, 20.50147247, 16.35793304, 20.50147247, 30.58232117, 16.35793304, 16.35793304, 20.50147247, 16.35793304, 25.40196991, 16.35793304, 20.50147247, 16.35793304, 20.50147247, 16.35793304, 25.40196991, 20.50147247, 30.58232117, 16.35793304, 16.35793304]"
2210,"[20.50147247, 16.35793304, 16.35793304, 20.50147247, 20.50147247, 20.50147247, 20.50147247, 16.35793304, 20.50147247, 30.58232117, 16.35793304, 16.35793304, 20.50147247, 20.50147247, 12.86226368, 25.40196991, 20.50147247, 20.50147247, 20.50147247, 16.35793304, 25.40196991, 20.50147247, 30.58232117, 20.50147247, 25.40196991]"
2211,"[20.50147247, 16.35793304, 20.50147247, 20.50147247, 20.50147247, 20.50147247, 20.50147247, 20.50147247, 25.40196991, 10.85316372, 16.35793304, 16.35793304, 20.50147247, 20.50147247, 20.50147247, 30.58232117, 20.50147247, 25.40196991, 20.50147247, 20.50147247, 25.40196991, 20.50147247, 25.40196991, 16.35793304, 20.50147247]"
2212,"[20.50147247, 20.50147247, 20.50147247, 20.50147247, 20.50147247, 20.50147247, 25.40196991, 25.40196991, 20.50147247, 34.56784439, 16.35793304, 16.35793304, 20.50147247, 20.50147247, 25.40196991, 39.74495697, 20.50147247, 25.40196991, 20.50147247, 20.50147247, 25.40196991, 20.50147247, 30.58232117, 20.50147247, 25.40196991]"
2213,"[20.50147247, 16.35793304, 20.50147247, 20.50147247, 20.50147247, 20.50147247, 20.50147247, 20.50147247, 25.40196991, 10.85316372, 16.35793304, 16.35793304, 20.50147247, 25.40196991, 20.50147247, 40.12710953, 20.50147247, 30.58232117, 16.35793304, 25.40196991, 25.40196991, 20.50147247, 10.85316372, 20.50147247, 20.50147247]"
2214,"[20.50147247, 20.50147247, 20.50147247, 20.50147247, 30.58232117, 20.50147247, 30.58232117, 25.40196991, 25.40196991, 10.85316372, 16.35793304, 12.86226368, 20.50147247, 20.50147247, 20.50147247, 39.55387878, 20.50147247, 10.85316372, 16.35793304, 25.40196991, 25.40196991, 20.50147247, 30.58232117, 25.40196991, 25.40196991]"
2215,"[25.40196991, 25.40196991, 20.50147247, 20.50147247, 10.85316372, 20.50147247, 30.58232117, 25.40196991, 30.58232117, 10.85316372, 16.35793304, 12.86226368, 20.50147247, 20.50147247, 30.58232117, 34.56784439, 20.50147247, 30.58232117, 20.50147247, 25.40196991, 25.40196991, 20.50147247, 10.85316372, 30.58232117, 30.58232117]"
2216,"[25.40196991, 25.40196991, 20.50147247, 20.50147247, 10.85316372, 20.50147247, 30.58232117, 25.40196991, 30.58232117, 36.45310974, 20.50147247, 12.86226368, 20.50147247, 30.58232117, 10.85316372, 30.58232117, 20.50147247, 30.58232117, 20.50147247, 25.40196991, 25.40196991, 20.50147247, 10.85316372, 30.58232117, 25.40196991]"
2217,"[20.50147247, 30.58232117, 20.50147247, 25.40196991, 10.85316372, 20.50147247, 30.58232117, 25.40196991, 30.58232117, 34.56784439, 25.40196991, 12.86226368, 20.50147247, 30.58232117, 34.56784439, 34.56784439, 20.50147247, 25.40196991, 25.40196991, 25.40196991, 25.40196991, 20.50147247, 34.56784439, 30.58232117, 30.58232117]"
2218,"[25.40196991, 25.40196991, 20.50147247, 20.50147247, 10.85316372, 20.50147247, 30.58232117, 20.50147247, 30.58232117, 10.85316372, 20.50147247, 12.86226368, 20.50147247, 25.40196991, 34.56784439, 34.56784439, 20.50147247, 20.50147247, 20.50147247, 20.50147247, 25.40196991, 20.50147247, 10.85316372, 30.58232117, 25.40196991]"
2219,"[20.50147247, 20.50147247, 20.50147247, 20.50147247, 30.58232117, 20.50147247, 30.58232117, 20.50147247, 30.58232117, 34.56784439, 20.50147247, 16.35793304, 20.50147247, 25.40196991, 30.58232117, 36.45310974, 20.50147247, 25.40196991, 20.50147247, 20.50147247, 25.40196991, 20.50147247, 10.85316372, 25.40196991, 25.40196991]"
2220,"[20.50147247, 20.50147247, 20.50147247, 20.50147247, 25.40196991, 20.50147247, 25.40196991, 20.50147247, 25.40196991, 10.85316372, 16.35793304, 16.35793304, 20.50147247, 25.40196991, 25.40196991, 39.93603134, 20.50147247, 20.50147247, 20.50147247, 20.50147247, 25.40196991, 20.50147247, 10.85316372, 25.40196991, 25.40196991]"
2221,"[25.40196991, 25.40196991, 25.40196991, 20.50147247, 30.58232117, 20.50147247, 25.40196991, 25.40196991, 25.40196991, 10.85316372, 16.35793304, 16.35793304, 20.50147247, 25.40196991, 30.58232117, 39.55387878, 20.50147247, 25.40196991, 20.50147247, 25.40196991, 25.40196991, 20.50147247, 10.85316372, 25.40196991, 30.58232117]"
2222,"[30.58232117, 30.58232117, 30.58232117, 20.50147247, 10.85316372, 25.40196991, 25.40196991, 25.40196991, 30.58232117, 30.58232117, 20.50147247, 20.50147247, 25.40196991, 30.58232117, 10.85316372, 36.45310974, 20.50147247, 30.58232117, 20.50147247, 30.58232117, 25.40196991, 20.50147247, 10.85316372, 25.40196991, 25.40196991]"
2223,"[25.40196991, 25.40196991, 25.40196991, 25.40196991, 25.40196991, 20.50147247, 30.58232117, 25.40196991, 30.58232117, 34.56784439, 25.40196991, 25.40196991, 30.58232117, 30.58232117, 25.40196991, 34.56784439, 20.50147247, 30.58232117, 25.40196991, 30.58232117, 25.40196991, 20.50147247, 36.45310974, 25.40196991, 30.58232117]"
2224,"[25.40196991, 25.40196991, 25.40196991, 25.40196991, 25.40196991, 20.50147247, 25.40196991, 25.40196991, 25.40196991, 34.56784439, 25.40196991, 20.50147247, 25.40196991, 25.40196991, 20.50147247, 10.85316372, 20.50147247, 25.40196991, 30.58232117, 25.40196991, 25.40196991, 20.50147247, 10.85316372, 25.40196991, 30.58232117]"
2225,"[25.40196991, 25.40196991, 25.40196991, 25.40196991, 25.40196991, 20.50147247, 30.58232117, 25.40196991, 30.58232117, 30.58232117, 20.50147247, 16.35793304, 25.40196991, 25.40196991, 25.40196991, 25.40196991, 20.50147247, 25.40196991, 25.40196991, 25.40196991, 25.40196991, 20.50147247, 10.85316372, 30.58232117, 30.58232117]"
2226,"[25.40196991, 25.40196991, 25.40196991, 25.40196991, 25.40196991, 20.50147247, 30.58232117, 25.40196991, 30.58232117, 34.56784439, 20.50147247, 20.50147247, 25.40196991, 10.85316372, 25.40196991, 25.40196991, 20.50147247, 25.40196991, 25.40196991, 25.40196991, 25.40196991, 20.50147247, 10.85316372, 30.58232117, 25.40196991]"
2227,"[25.40196991, 25.40196991, 20.50147247, 25.40196991, 25.40196991, 20.50147247, 25.40196991, 25.40196991, 25.40196991, 25.40196991, 20.50147247, 20.50147247, 25.40196991, 20.50147247, 25.40196991, 25.40196991, 20.50147247, 20.50147247, 20.50147247, 25.40196991, 25.40196991, 20.50147247, 25.40196991, 25.40196991, 25.40196991]"
2228,"[25.40196991, 20.50147247, 20.50147247, 25.40196991, 20.50147247, 20.50147247, 20.50147247, 20.50147247, 25.40196991, 10.85316372, 20.50147247, 10.85316372, 25.40196991, 25.40196991, 25.40196991, 10.85316372, 20.50147247, 20.50147247, 20.50147247, 20.50147247, 25.40196991, 20.50147247, 10.85316372, 20.50147247, 20.50147247]"
2229,"[20.50147247, 20.50147247, 20.50147247, 25.40196991, 20.50147247, 20.50147247, 20.50147247, 20.50147247, 25.40196991, 30.58232117, 20.50147247, 20.50147247, 25.40196991, 20.50147247, 30.58232117, 39.74495697, 20.50147247, 25.40196991, 20.50147247, 20.50147247, 25.40196991, 20.50147247, 25.40196991, 20.50147247, 20.50147247]"
2230,"[20.50147247, 20.50147247, 20.50147247, 20.50147247, 20.50147247, 20.50147247, 25.40196991, 25.40196991, 25.40196991, 34.56784439, 16.35793304, 16.35793304, 20.50147247, 25.40196991, 25.40196991, 34.56784439, 20.50147247, 30.58232117, 16.35793304, 25.40196991, 25.40196991, 20.50147247, 30.58232117, 20.50147247, 20.50147247]"
2231,"[25.40196991, 20.50147247, 25.40196991, 20.50147247, 25.40196991, 20.50147247, 25.40196991, 20.50147247, 30.58232117, 34.56784439, 16.35793304, 16.35793304, 25.40196991, 25.40196991, 25.40196991, 30.58232117, 20.50147247, 25.40196991, 16.35793304, 25.40196991, 25.40196991, 20.50147247, 34.56784439, 30.58232117, 20.50147247]"
2232,"[20.50147247, 20.50147247, 25.40196991, 25.40196991, 30.58232117, 20.50147247, 25.40196991, 20.50147247, 25.40196991, 34.56784439, 20.50147247, 20.50147247, 25.40196991, 25.40196991, 25.40196991, 30.58232117, 20.50147247, 25.40196991, 16.35793304, 25.40196991, 25.40196991, 20.50147247, 10.85316372, 30.58232117, 25.40196991]"
2233,"[25.40196991, 25.40196991, 20.50147247, 30.58232117, 25.40196991, 20.50147247, 20.50147247, 20.50147247, 25.40196991, 10.85316372, 20.50147247, 16.35793304, 25.40196991, 30.58232117, 25.40196991, 39.74495697, 20.50147247, 20.50147247, 16.35793304, 20.50147247, 25.40196991, 20.50147247, 30.58232117, 25.40196991, 20.50147247]"
2234,"[25.40196991, 20.50147247, 16.35793304, 20.50147247, 20.50147247, 20.50147247, 20.50147247, 20.50147247, 20.50147247, 34.56784439, 20.50147247, 16.35793304, 25.40196991, 25.40196991, 25.40196991, 30.58232117, 20.50147247, 20.50147247, 16.35793304, 16.35793304, 25.40196991, 20.50147247, 30.58232117, 25.40196991, 25.40196991]"
2235,"[16.35793304, 16.35793304, 16.35793304, 20.50147247, 20.50147247, 20.50147247, 16.35793304, 16.35793304, 20.50147247, 30.58232117, 16.35793304, 12.86226368, 20.50147247, 20.50147247, 20.50147247, 10.85316372, 20.50147247, 16.35793304, 16.35793304, 16.35793304, 25.40196991, 20.50147247, 30.58232117, 20.50147247, 20.50147247]"
2236,"[16.35793304, 16.35793304, 16.35793304, 20.50147247, 20.50147247, 20.50147247, 16.35793304, 16.35793304, 20.50147247, 10.85316372, 12.86226368, 12.86226368, 20.50147247, 20.50147247, 20.50147247, 30.58232117, 20.50147247, 16.35793304, 16.35793304, 16.35793304, 25.40196991, 20.50147247, 10.85316372, 16.35793304, 20.50147247]"
2237,"[16.35793304, 16.35793304, 16.35793304, 20.50147247, 20.50147247, 20.50147247, 16.35793304, 16.35793304, 25.40196991, 10.85316372, 12.86226368, 12.86226368, 20.50147247, 20.50147247, 16.35793304, 20.50147247, 20.50147247, 16.35793304, 16.35793304, 16.35793304, 25.40196991, 20.50147247, 10.85316372, 16.35793304, 20.50147247]"
2238,"[20.50147247, 16.35793304, 16.35793304, 20.50147247, 20.50147247, 20.50147247, 16.35793304, 16.35793304, 20.50147247, 30.58232117, 16.35793304, 12.86226368, 20.50147247, 20.50147247, 12.86226368, 16.35793304, 20.50147247, 16.35793304, 12.86226368, 16.35793304, 25.40196991, 20.50147247, 25.40196991, 16.35793304, 16.35793304]"
2239,"[20.50147247, 16.35793304, 16.35793304, 20.50147247, 20.50147247, 20.50147247, 20.50147247, 16.35793304, 20.50147247, 30.58232117, 16.35793304, 12.86226368, 20.50147247, 20.50147247, 16.35793304, 20.50147247, 20.50147247, 16.35793304, 16.35793304, 16.35793304, 25.40196991, 20.50147247, 25.40196991, 16.35793304, 20.50147247]"
2240,"[20.50147247, 16.35793304, 16.35793304, 20.50147247, 20.50147247, 20.50147247, 20.50147247, 16.35793304, 20.50147247, 10.85316372, 16.35793304, 12.86226368, 20.50147247, 20.50147247, 20.50147247, 20.50147247, 20.50147247, 16.35793304, 12.86226368, 16.35793304, 25.40196991, 20.50147247, 30.58232117, 16.35793304, 20.50147247]"
2241,"[16.35793304, 16.35793304, 16.35793304, 20.50147247, 16.35793304, 20.50147247, 20.50147247, 16.35793304, 20.50147247, 30.58232117, 16.35793304, 12.86226368, 20.50147247, 20.50147247, 20.50147247, 20.50147247, 20.50147247, 16.35793304, 16.35793304, 16.35793304, 25.40196991, 20.50147247, 30.58232117, 16.35793304, 16.35793304]"
2242,"[20.50147247, 16.35793304, 16.35793304, 20.50147247, 20.50147247, 20.50147247, 20.50147247, 16.35793304, 20.50147247, 30.58232117, 16.35793304, 16.35793304, 20.50147247, 20.50147247, 16.35793304, 25.40196991, 20.50147247, 16.35793304, 16.35793304, 16.35793304, 25.40196991, 20.50147247, 25.40196991, 16.35793304, 16.35793304]"
2243,"[20.50147247, 16.35793304, 16.35793304, 20.50147247, 20.50147247, 20.50147247, 20.50147247, 20.50147247, 20.50147247, 10.85316372, 16.35793304, 16.35793304, 20.50147247, 20.50147247, 25.40196991, 25.40196991, 20.50147247, 20.50147247, 16.35793304, 16.35793304, 25.40196991, 20.50147247, 30.58232117, 16.35793304, 20.50147247]"
2244,"[20.50147247, 16.35793304, 16.35793304, 20.50147247, 20.50147247, 20.50147247, 20.50147247, 20.50147247, 20.50147247, 10.85316372, 16.35793304, 16.35793304, 20.50147247, 20.50147247, 16.35793304, 25.40196991, 20.50147247, 16.35793304, 16.35793304, 16.35793304, 25.40196991, 20.50147247, 30.58232117, 16.35793304, 20.50147247]"
2245,"[20.50147247, 16.35793304, 16.35793304, 20.50147247, 20.50147247, 20.50147247, 20.50147247, 20.50147247, 20.50147247, 10.85316372, 16.35793304, 16.35793304, 20.50147247, 20.50147247, 20.50147247, 20.50147247, 20.50147247, 20.50147247, 16.35793304, 16.35793304, 25.40196991, 20.50147247, 25.40196991, 16.35793304, 20.50147247]"
2246,"[20.50147247, 16.35793304, 16.35793304, 20.50147247, 20.50147247, 20.50147247, 20.50147247, 20.50147247, 20.50147247, 34.56784439, 16.35793304, 16.35793304, 20.50147247, 20.50147247, 25.40196991, 20.50147247, 20.50147247, 20.50147247, 20.50147247, 20.50147247, 25.40196991, 20.50147247, 30.58232117, 16.35793304, 20.50147247]"
2247,"[25.40196991, 16.35793304, 16.35793304, 20.50147247, 20.50147247, 20.50147247, 20.50147247, 20.50147247, 20.50147247, 10.85316372, 16.35793304, 16.35793304, 20.50147247, 20.50147247, 20.50147247, 20.50147247, 20.50147247, 20.50147247, 20.50147247, 20.50147247, 25.40196991, 20.50147247, 30.58232117, 20.50147247, 20.50147247]"
2248,"[25.40196991, 20.50147247, 20.50147247, 20.50147247, 20.50147247, 20.50147247, 25.40196991, 20.50147247, 20.50147247, 34.56784439, 16.35793304, 16.35793304, 20.50147247, 20.50147247, 20.50147247, 25.40196991, 20.50147247, 25.40196991, 20.50147247, 20.50147247, 25.40196991, 20.50147247, 30.58232117, 20.50147247, 20.50147247]"
2249,"[25.40196991, 20.50147247, 20.50147247, 20.50147247, 20.50147247, 20.50147247, 20.50147247, 25.40196991, 20.50147247, 10.85316372, 16.35793304, 16.35793304, 20.50147247, 20.50147247, 20.50147247, 10.85316372, 20.50147247, 20.50147247, 20.50147247, 16.35793304, 25.40196991, 20.50147247, 30.58232117, 20.50147247, 20.50147247]"
2250,"[25.40196991, 20.50147247, 16.35793304, 20.50147247, 25.40196991, 20.50147247, 20.50147247, 20.50147247, 25.40196991, 10.85316372, 16.35793304, 16.35793304, 20.50147247, 20.50147247, 25.40196991, 34.56784439, 20.50147247, 16.35793304, 16.35793304, 16.35793304, 25.40196991, 20.50147247, 10.85316372, 20.50147247, 20.50147247]"
2251,"[25.40196991, 20.50147247, 16.35793304, 20.50147247, 30.58232117, 20.50147247, 16.35793304, 20.50147247, 20.50147247, 34.56784439, 16.35793304, 12.86226368, 20.50147247, 20.50147247, 20.50147247, 10.85316372, 20.50147247, 20.50147247, 16.35793304, 16.35793304, 25.40196991, 20.50147247, 25.40196991, 16.35793304, 20.50147247]"
2252,"[20.50147247, 16.35793304, 16.35793304, 25.40196991, 25.40196991, 20.50147247, 16.35793304, 16.35793304, 20.50147247, 34.56784439, 16.35793304, 12.86226368, 20.50147247, 25.40196991, 20.50147247, 20.50147247, 20.50147247, 20.50147247, 12.86226368, 16.35793304, 25.40196991, 20.50147247, 30.58232117, 16.35793304, 20.50147247]"
2253,"[20.50147247, 16.35793304, 16.35793304, 20.50147247, 25.40196991, 20.50147247, 16.35793304, 16.35793304, 20.50147247, 10.85316372, 16.35793304, 12.86226368, 20.50147247, 20.50147247, 20.50147247, 20.50147247, 20.50147247, 20.50147247, 12.86226368, 16.35793304, 25.40196991, 20.50147247, 30.58232117, 16.35793304, 20.50147247]"
2254,"[20.50147247, 20.50147247, 20.50147247, 20.50147247, 25.40196991, 20.50147247, 20.50147247, 20.50147247, 20.50147247, 30.58232117, 16.35793304, 12.86226368, 20.50147247, 20.50147247, 20.50147247, 20.50147247, 20.50147247, 20.50147247, 16.35793304, 16.35793304, 25.40196991, 20.50147247, 25.40196991, 16.35793304, 16.35793304]"
2255,"[25.40196991, 25.40196991, 16.35793304, 20.50147247, 25.40196991, 20.50147247, 20.50147247, 16.35793304, 20.50147247, 30.58232117, 16.35793304, 12.86226368, 20.50147247, 20.50147247, 25.40196991, 25.40196991, 20.50147247, 20.50147247, 20.50147247, 16.35793304, 25.40196991, 20.50147247, 25.40196991, 16.35793304, 20.50147247]"
2256,"[25.40196991, 20.50147247, 16.35793304, 20.50147247, 25.40196991, 20.50147247, 20.50147247, 20.50147247, 25.40196991, 10.85316372, 16.35793304, 12.86226368, 20.50147247, 20.50147247, 25.40196991, 25.40196991, 20.50147247, 16.35793304, 16.35793304, 16.35793304, 25.40196991, 20.50147247, 30.58232117, 16.35793304, 20.50147247]"
2257,"[20.50147247, 20.50147247, 16.35793304, 20.50147247, 25.40196991, 20.50147247, 25.40196991, 20.50147247, 20.50147247, 25.40196991, 16.35793304, 12.86226368, 20.50147247, 20.50147247, 20.50147247, 20.50147247, 20.50147247, 16.35793304, 16.35793304, 16.35793304, 25.40196991, 20.50147247, 30.58232117, 16.35793304, 20.50147247]"
2258,"[25.40196991, 20.50147247, 16.35793304, 20.50147247, 25.40196991, 20.50147247, 30.58232117, 20.50147247, 25.40196991, 10.85316372, 16.35793304, 12.86226368, 20.50147247, 20.50147247, 20.50147247, 25.40196991, 20.50147247, 20.50147247, 16.35793304, 16.35793304, 25.40196991, 20.50147247, 30.58232117, 25.40196991, 20.50147247]"
2259,"[25.40196991, 25.40196991, 16.35793304, 20.50147247, 25.40196991, 20.50147247, 25.40196991, 20.50147247, 25.40196991, 10.85316372, 16.35793304, 12.86226368, 20.50147247, 16.35793304, 20.50147247, 25.40196991, 20.50147247, 20.50147247, 12.86226368, 16.35793304, 25.40196991, 20.50147247, 10.85316372, 25.40196991, 25.40196991]"
2260,"[20.50147247, 16.35793304, 16.35793304, 20.50147247, 20.50147247, 20.50147247, 20.50147247, 16.35793304, 20.50147247, 34.56784439, 16.35793304, 12.86226368, 20.50147247, 20.50147247, 25.40196991, 25.40196991, 20.50147247, 20.50147247, 12.86226368, 20.50147247, 25.40196991, 20.50147247, 10.85316372, 25.40196991, 16.35793304]"
2261,"[16.35793304, 16.35793304, 16.35793304, 20.50147247, 16.35793304, 20.50147247, 16.35793304, 16.35793304, 20.50147247, 30.58232117, 12.86226368, 12.86226368, 20.50147247, 16.35793304, 20.50147247, 25.40196991, 20.50147247, 16.35793304, 12.86226368, 20.50147247, 25.40196991, 20.50147247, 10.85316372, 20.50147247, 16.35793304]"
2262,"[16.35793304, 12.86226368, 16.35793304, 20.50147247, 16.35793304, 20.50147247, 16.35793304, 16.35793304, 16.35793304, 20.50147247, 12.86226368, 12.86226368, 20.50147247, 16.35793304, 12.86226368, 20.50147247, 20.50147247, 16.35793304, 16.35793304, 16.35793304, 25.40196991, 20.50147247, 25.40196991, 16.35793304, 20.50147247]"
2263,"[16.35793304, 12.86226368, 16.35793304, 16.35793304, 16.35793304, 20.50147247, 16.35793304, 16.35793304, 20.50147247, 30.58232117, 12.86226368, 12.86226368, 16.35793304, 16.35793304, 16.35793304, 16.35793304, 20.50147247, 16.35793304, 16.35793304, 16.35793304, 25.40196991, 20.50147247, 30.58232117, 12.86226368, 20.50147247]"
2264,"[16.35793304, 12.86226368, 12.86226368, 20.50147247, 16.35793304, 20.50147247, 16.35793304, 16.35793304, 16.35793304, 25.40196991, 12.86226368, 12.86226368, 16.35793304, 16.35793304, 16.35793304, 16.35793304, 20.50147247, 16.35793304, 16.35793304, 16.35793304, 25.40196991, 20.50147247, 25.40196991, 12.86226368, 20.50147247]"
2265,"[16.35793304, 16.35793304, 12.86226368, 16.35793304, 16.35793304, 20.50147247, 16.35793304, 16.35793304, 16.35793304, 20.50147247, 12.86226368, 12.86226368, 16.35793304, 16.35793304, 20.50147247, 16.35793304, 20.50147247, 16.35793304, 16.35793304, 16.35793304, 25.40196991, 20.50147247, 30.58232117, 12.86226368, 16.35793304]"
2266,"[16.35793304, 12.86226368, 12.86226368, 16.35793304, 16.35793304, 20.50147247, 20.50147247, 16.35793304, 20.50147247, 30.58232117, 12.86226368, 12.86226368, 16.35793304, 16.35793304, 16.35793304, 16.35793304, 20.50147247, 16.35793304, 16.35793304, 12.86226368, 25.40196991, 20.50147247, 25.40196991, 12.86226368, 20.50147247]"
2267,"[16.35793304, 12.86226368, 12.86226368, 16.35793304, 16.35793304, 20.50147247, 20.50147247, 16.35793304, 20.50147247, 10.85316372, 12.86226368, 12.86226368, 16.35793304, 16.35793304, 12.86226368, 16.35793304, 20.50147247, 12.86226368, 16.35793304, 12.86226368, 25.40196991, 20.50147247, 30.58232117, 12.86226368, 16.35793304]"
2268,"[16.35793304, 12.86226368, 12.86226368, 16.35793304, 12.86226368, 20.50147247, 20.50147247, 16.35793304, 16.35793304, 10.85316372, 12.86226368, 12.86226368, 16.35793304, 16.35793304, 20.50147247, 16.35793304, 20.50147247, 12.86226368, 16.35793304, 12.86226368, 25.40196991, 20.50147247, 25.40196991, 12.86226368, 20.50147247]"
2269,"[16.35793304, 12.86226368, 12.86226368, 16.35793304, 12.86226368, 20.50147247, 20.50147247, 16.35793304, 16.35793304, 10.85316372, 10.85316372, 12.86226368, 16.35793304, 16.35793304, 20.50147247, 16.35793304, 20.50147247, 12.86226368, 16.35793304, 12.86226368, 25.40196991, 20.50147247, 20.50147247, 12.86226368, 20.50147247]"
2270,"[16.35793304, 12.86226368, 12.86226368, 16.35793304, 12.86226368, 20.50147247, 25.40196991, 16.35793304, 20.50147247, 30.58232117, 10.85316372, 12.86226368, 16.35793304, 16.35793304, 12.86226368, 12.86226368, 20.50147247, 16.35793304, 12.86226368, 12.86226368, 25.40196991, 20.50147247, 25.40196991, 12.86226368, 16.35793304]"
2271,"[16.35793304, 12.86226368, 12.86226368, 16.35793304, 12.86226368, 20.50147247, 20.50147247, 16.35793304, 16.35793304, 30.58232117, 10.85316372, 12.86226368, 16.35793304, 16.35793304, 16.35793304, 12.86226368, 20.50147247, 16.35793304, 12.86226368, 12.86226368, 25.40196991, 20.50147247, 30.58232117, 12.86226368, 16.35793304]"
2272,"[12.86226368, 12.86226368, 12.86226368, 16.35793304, 12.86226368, 20.50147247, 16.35793304, 16.35793304, 16.35793304, 30.58232117, 12.86226368, 12.86226368, 20.50147247, 16.35793304, 16.35793304, 16.35793304, 20.50147247, 12.86226368, 12.86226368, 12.86226368, 25.40196991, 20.50147247, 25.40196991, 12.86226368, 16.35793304]"
2273,"[16.35793304, 12.86226368, 12.86226368, 16.35793304, 12.86226368, 20.50147247, 16.35793304, 16.35793304, 16.35793304, 25.40196991, 12.86226368, 12.86226368, 16.35793304, 16.35793304, 16.35793304, 12.86226368, 20.50147247, 12.86226368, 12.86226368, 12.86226368, 25.40196991, 20.50147247, 25.40196991, 12.86226368, 16.35793304]"
2274,"[16.35793304, 12.86226368, 12.86226368, 16.35793304, 12.86226368, 20.50147247, 16.35793304, 16.35793304, 16.35793304, 30.58232117, 12.86226368, 12.86226368, 16.35793304, 16.35793304, 20.50147247, 16.35793304, 20.50147247, 16.35793304, 12.86226368, 12.86226368, 25.40196991, 20.50147247, 25.40196991, 12.86226368, 20.50147247]"
2275,"[16.35793304, 12.86226368, 12.86226368, 16.35793304, 12.86226368, 20.50147247, 16.35793304, 16.35793304, 16.35793304, 30.58232117, 12.86226368, 12.86226368, 16.35793304, 16.35793304, 16.35793304, 12.86226368, 20.50147247, 16.35793304, 12.86226368, 12.86226368, 25.40196991, 20.50147247, 30.58232117, 12.86226368, 16.35793304]"
2276,"[16.35793304, 12.86226368, 16.35793304, 16.35793304, 16.35793304, 20.50147247, 16.35793304, 16.35793304, 16.35793304, 30.58232117, 12.86226368, 12.86226368, 16.35793304, 16.35793304, 16.35793304, 12.86226368, 20.50147247, 16.35793304, 12.86226368, 12.86226368, 25.40196991, 20.50147247, 25.40196991, 12.86226368, 16.35793304]"
2277,"[12.86226368, 12.86226368, 12.86226368, 16.35793304, 12.86226368, 20.50147247, 16.35793304, 16.35793304, 16.35793304, 25.40196991, 12.86226368, 12.86226368, 16.35793304, 16.35793304, 16.35793304, 12.86226368, 20.50147247, 16.35793304, 12.86226368, 12.86226368, 25.40196991, 20.50147247, 30.58232117, 12.86226368, 16.35793304]"
2278,"[16.35793304, 16.35793304, 12.86226368, 16.35793304, 16.35793304, 20.50147247, 16.35793304, 16.35793304, 16.35793304, 30.58232117, 12.86226368, 12.86226368, 16.35793304, 16.35793304, 16.35793304, 12.86226368, 20.50147247, 16.35793304, 12.86226368, 12.86226368, 25.40196991, 20.50147247, 25.40196991, 12.86226368, 16.35793304]"
2279,"[12.86226368, 12.86226368, 12.86226368, 20.50147247, 16.35793304, 20.50147247, 16.35793304, 16.35793304, 16.35793304, 25.40196991, 12.86226368, 12.86226368, 16.35793304, 16.35793304, 20.50147247, 16.35793304, 20.50147247, 12.86226368, 12.86226368, 12.86226368, 25.40196991, 20.50147247, 25.40196991, 12.86226368, 16.35793304]"
2280,"[16.35793304, 12.86226368, 12.86226368, 16.35793304, 16.35793304, 20.50147247, 12.86226368, 16.35793304, 16.35793304, 30.58232117, 12.86226368, 12.86226368, 16.35793304, 16.35793304, 12.86226368, 16.35793304, 20.50147247, 12.86226368, 12.86226368, 12.86226368, 25.40196991, 20.50147247, 25.40196991, 12.86226368, 16.35793304]"
2281,"[16.35793304, 12.86226368, 12.86226368, 16.35793304, 16.35793304, 20.50147247, 12.86226368, 16.35793304, 16.35793304, 25.40196991, 12.86226368, 12.86226368, 16.35793304, 16.35793304, 16.35793304, 16.35793304, 20.50147247, 16.35793304, 12.86226368, 12.86226368, 25.40196991, 20.50147247, 25.40196991, 12.86226368, 12.86226368]"
2282,"[16.35793304, 12.86226368, 12.86226368, 16.35793304, 16.35793304, 20.50147247, 12.86226368, 16.35793304, 16.35793304, 25.40196991, 12.86226368, 12.86226368, 16.35793304, 16.35793304, 16.35793304, 12.86226368, 20.50147247, 12.86226368, 11.05874348, 12.86226368, 25.40196991, 20.50147247, 30.58232117, 12.86226368, 16.35793304]"
2283,"[12.86226368, 12.86226368, 12.86226368, 16.35793304, 16.35793304, 20.50147247, 12.86226368, 16.35793304, 16.35793304, 30.58232117, 12.86226368, 12.86226368, 16.35793304, 16.35793304, 16.35793304, 16.35793304, 20.50147247, 12.86226368, 12.86226368, 12.86226368, 25.40196991, 20.50147247, 30.58232117, 12.86226368, 20.50147247]"
2284,"[16.35793304, 12.86226368, 12.86226368, 16.35793304, 16.35793304, 20.50147247, 12.86226368, 16.35793304, 12.86226368, 25.40196991, 12.86226368, 12.86226368, 16.35793304, 16.35793304, 12.86226368, 16.35793304, 20.50147247, 12.86226368, 12.86226368, 12.86226368, 25.40196991, 20.50147247, 20.50147247, 12.86226368, 16.35793304]"
2285,"[16.35793304, 12.86226368, 12.86226368, 16.35793304, 12.86226368, 20.50147247, 12.86226368, 16.35793304, 16.35793304, 25.40196991, 12.86226368, 12.86226368, 16.35793304, 16.35793304, 12.86226368, 12.86226368, 20.50147247, 12.86226368, 12.86226368, 12.86226368, 25.40196991, 20.50147247, 25.40196991, 12.86226368, 16.35793304]"
2286,"[20.50147247, 12.86226368, 12.86226368, 16.35793304, 12.86226368, 20.50147247, 12.86226368, 16.35793304, 16.35793304, 25.40196991, 12.86226368, 12.86226368, 16.35793304, 16.35793304, 16.35793304, 12.86226368, 20.50147247, 12.86226368, 12.86226368, 12.86226368, 25.40196991, 20.50147247, 25.40196991, 12.86226368, 16.35793304]"
2287,"[12.86226368, 12.86226368, 12.86226368, 16.35793304, 12.86226368, 20.50147247, 16.35793304, 16.35793304, 16.35793304, 10.85316372, 12.86226368, 12.86226368, 16.35793304, 16.35793304, 12.86226368, 12.86226368, 20.50147247, 12.86226368, 12.86226368, 12.86226368, 25.40196991, 20.50147247, 30.58232117, 12.86226368, 16.35793304]"
2288,"[12.86226368, 12.86226368, 12.86226368, 16.35793304, 12.86226368, 20.50147247, 12.86226368, 16.35793304, 16.35793304, 30.58232117, 12.86226368, 12.86226368, 16.35793304, 16.35793304, 16.35793304, 16.35793304, 20.50147247, 12.86226368, 12.86226368, 12.86226368, 25.40196991, 20.50147247, 25.40196991, 12.86226368, 20.50147247]"
2289,"[16.35793304, 12.86226368, 12.86226368, 16.35793304, 12.86226368, 20.50147247, 59.61689377, 16.35793304, 16.35793304, 30.58232117, 12.86226368, 12.86226368, 16.35793304, 16.35793304, 12.86226368, 16.35793304, 20.50147247, 12.86226368, 12.86226368, 12.86226368, 25.40196991, 20.50147247, 30.58232117, 12.86226368, 16.35793304]"
2290,"[12.86226368, 12.86226368, 12.86226368, 16.35793304, 12.86226368, 20.50147247, 16.35793304, 16.35793304, 16.35793304, 30.58232117, 12.86226368, 12.86226368, 16.35793304, 16.35793304, 16.35793304, 16.35793304, 20.50147247, 12.86226368, 12.86226368, 12.86226368, 25.40196991, 20.50147247, 25.40196991, 12.86226368, 16.35793304]"
2291,"[16.35793304, 12.86226368, 12.86226368, 16.35793304, 12.86226368, 20.50147247, 16.35793304, 16.35793304, 10.85316372, 10.85316372, 12.86226368, 12.86226368, 16.35793304, 16.35793304, 16.35793304, 16.35793304, 20.50147247, 12.86226368, 12.86226368, 12.86226368, 25.40196991, 20.50147247, 20.50147247, 12.86226368, 16.35793304]"
2292,"[12.86226368, 12.86226368, 12.86226368, 16.35793304, 12.86226368, 20.50147247, 16.35793304, 16.35793304, 16.35793304, 30.58232117, 12.86226368, 12.86226368, 16.35793304, 16.35793304, 12.86226368, 16.35793304, 20.50147247, 12.86226368, 12.86226368, 12.86226368, 25.40196991, 20.50147247, 30.58232117, 12.86226368, 16.35793304]"
2293,"[16.35793304, 12.86226368, 12.86226368, 16.35793304, 12.86226368, 20.50147247, 16.35793304, 16.35793304, 16.35793304, 25.40196991, 12.86226368, 11.05874348, 16.35793304, 16.35793304, 16.35793304, 25.40196991, 20.50147247, 12.86226368, 16.35793304, 12.86226368, 25.40196991, 20.50147247, 25.40196991, 12.86226368, 20.50147247]"
2294,"[16.35793304, 12.86226368, 12.86226368, 16.35793304, 12.86226368, 20.50147247, 16.35793304, 16.35793304, 16.35793304, 30.58232117, 12.86226368, 12.86226368, 16.35793304, 16.35793304, 16.35793304, 25.40196991, 20.50147247, 12.86226368, 16.35793304, 12.86226368, 25.40196991, 20.50147247, 25.40196991, 12.86226368, 20.50147247]"
2295,"[12.86226368, 12.86226368, 12.86226368, 16.35793304, 12.86226368, 20.50147247, 16.35793304, 16.35793304, 12.86226368, 25.40196991, 12.86226368, 12.86226368, 16.35793304, 16.35793304, 16.35793304, 30.58232117, 20.50147247, 12.86226368, 12.86226368, 12.86226368, 25.40196991, 20.50147247, 25.40196991, 12.86226368, 12.86226368]"
2296,"[12.86226368, 12.86226368, 12.86226368, 16.35793304, 16.35793304, 20.50147247, 12.86226368, 16.35793304, 12.86226368, 25.40196991, 12.86226368, 12.86226368, 16.35793304, 16.35793304, 12.86226368, 10.85316372, 20.50147247, 12.86226368, 12.86226368, 12.86226368, 25.40196991, 16.35793304, 25.40196991, 12.86226368, 16.35793304]"
2297,"[16.35793304, 12.86226368, 12.86226368, 16.35793304, 16.35793304, 20.50147247, 16.35793304, 16.35793304, 16.35793304, 25.40196991, 12.86226368, 12.86226368, 16.35793304, 16.35793304, 12.86226368, 30.58232117, 20.50147247, 12.86226368, 12.86226368, 12.86226368, 25.40196991, 20.50147247, 25.40196991, 12.86226368, 16.35793304]"
2298,"[16.35793304, 12.86226368, 12.86226368, 16.35793304, 20.50147247, 20.50147247, 12.86226368, 16.35793304, 12.86226368, 30.58232117, 12.86226368, 12.86226368, 16.35793304, 16.35793304, 16.35793304, 30.58232117, 20.50147247, 12.86226368, 12.86226368, 12.86226368, 25.40196991, 20.50147247, 30.58232117, 12.86226368, 16.35793304]"
2299,"[16.35793304, 12.86226368, 12.86226368, 16.35793304, 20.50147247, 20.50147247, 12.86226368, 16.35793304, 16.35793304, 30.58232117, 12.86226368, 12.86226368, 16.35793304, 16.35793304, 16.35793304, 30.58232117, 20.50147247, 12.86226368, 12.86226368, 12.86226368, 25.40196991, 16.35793304, 30.58232117, 12.86226368, 16.35793304]"
2300,"[16.35793304, 12.86226368, 12.86226368, 16.35793304, 16.35793304, 20.50147247, 12.86226368, 16.35793304, 16.35793304, 25.40196991, 12.86226368, 12.86226368, 16.35793304, 16.35793304, 12.86226368, 10.85316372, 20.50147247, 12.86226368, 12.86226368, 12.86226368, 25.40196991, 16.35793304, 25.40196991, 12.86226368, 16.35793304]"
2301,"[12.86226368, 12.86226368, 12.86226368, 16.35793304, 16.35793304, 20.50147247, 12.86226368, 16.35793304, 16.35793304, 30.58232117, 12.86226368, 12.86226368, 16.35793304, 16.35793304, 16.35793304, 10.85316372, 20.50147247, 12.86226368, 12.86226368, 12.86226368, 25.40196991, 16.35793304, 25.40196991, 12.86226368, 16.35793304]"
2302,"[16.35793304, 12.86226368, 12.86226368, 16.35793304, 16.35793304, 20.50147247, 12.86226368, 16.35793304, 16.35793304, 25.40196991, 12.86226368, 12.86226368, 16.35793304, 16.35793304, 16.35793304, 25.40196991, 20.50147247, 12.86226368, 12.86226368, 12.86226368, 25.40196991, 16.35793304, 34.56784439, 12.86226368, 16.35793304]"
2303,"[16.35793304, 12.86226368, 12.86226368, 16.35793304, 20.50147247, 20.50147247, 12.86226368, 16.35793304, 16.35793304, 25.40196991, 12.86226368, 12.86226368, 16.35793304, 16.35793304, 12.86226368, 10.85316372, 20.50147247, 12.86226368, 12.86226368, 12.86226368, 25.40196991, 16.35793304, 25.40196991, 12.86226368, 16.35793304]"
2304,"[16.35793304, 12.86226368, 12.86226368, 16.35793304, 16.35793304, 20.50147247, 12.86226368, 16.35793304, 16.35793304, 30.58232117, 12.86226368, 12.86226368, 16.35793304, 16.35793304, 12.86226368, 25.40196991, 20.50147247, 12.86226368, 12.86226368, 12.86226368, 25.40196991, 16.35793304, 25.40196991, 12.86226368, 16.35793304]"
2305,"[12.86226368, 12.86226368, 12.86226368, 16.35793304, 20.50147247, 20.50147247, 12.86226368, 16.35793304, 16.35793304, 25.40196991, 16.35793304, 12.86226368, 16.35793304, 16.35793304, 12.86226368, 20.50147247, 20.50147247, 12.86226368, 12.86226368, 12.86226368, 25.40196991, 16.35793304, 30.58232117, 12.86226368, 16.35793304]"
2306,"[16.35793304, 12.86226368, 12.86226368, 16.35793304, 20.50147247, 20.50147247, 12.86226368, 16.35793304, 16.35793304, 25.40196991, 12.86226368, 12.86226368, 16.35793304, 16.35793304, 12.86226368, 20.50147247, 25.40196991, 12.86226368, 12.86226368, 12.86226368, 25.40196991, 16.35793304, 30.58232117, 12.86226368, 20.50147247]"
2307,"[16.35793304, 12.86226368, 16.35793304, 16.35793304, 25.40196991, 20.50147247, 16.35793304, 16.35793304, 16.35793304, 10.85316372, 16.35793304, 12.86226368, 20.50147247, 16.35793304, 16.35793304, 30.58232117, 25.40196991, 16.35793304, 16.35793304, 16.35793304, 25.40196991, 20.50147247, 30.58232117, 12.86226368, 16.35793304]"
2308,"[16.35793304, 12.86226368, 16.35793304, 20.50147247, 20.50147247, 20.50147247, 16.35793304, 16.35793304, 16.35793304, 30.58232117, 16.35793304, 12.86226368, 16.35793304, 16.35793304, 25.40196991, 25.40196991, 25.40196991, 16.35793304, 12.86226368, 12.86226368, 25.40196991, 20.50147247, 25.40196991, 12.86226368, 16.35793304]"
2309,"[16.35793304, 16.35793304, 16.35793304, 16.35793304, 16.35793304, 20.50147247, 16.35793304, 16.35793304, 16.35793304, 25.40196991, 16.35793304, 12.86226368, 20.50147247, 16.35793304, 20.50147247, 20.50147247, 20.50147247, 16.35793304, 12.86226368, 16.35793304, 25.40196991, 20.50147247, 25.40196991, 12.86226368, 16.35793304]"
2310,"[16.35793304, 12.86226368, 16.35793304, 20.50147247, 12.86226368, 20.50147247, 16.35793304, 16.35793304, 16.35793304, 10.85316372, 16.35793304, 12.86226368, 20.50147247, 16.35793304, 20.50147247, 20.50147247, 20.50147247, 16.35793304, 16.35793304, 16.35793304, 25.40196991, 16.35793304, 25.40196991, 16.35793304, 16.35793304]"
2311,"[16.35793304, 16.35793304, 16.35793304, 16.35793304, 12.86226368, 20.50147247, 16.35793304, 16.35793304, 16.35793304, 30.58232117, 16.35793304, 12.86226368, 20.50147247, 16.35793304, 20.50147247, 20.50147247, 20.50147247, 16.35793304, 16.35793304, 16.35793304, 25.40196991, 16.35793304, 10.85316372, 16.35793304, 16.35793304]"
2312,"[16.35793304, 12.86226368, 12.86226368, 20.50147247, 16.35793304, 20.50147247, 16.35793304, 16.35793304, 20.50147247, 30.58232117, 16.35793304, 12.86226368, 20.50147247, 16.35793304, 16.35793304, 16.35793304, 20.50147247, 16.35793304, 16.35793304, 12.86226368, 25.40196991, 20.50147247, 25.40196991, 12.86226368, 20.50147247]"
2313,"[16.35793304, 12.86226368, 16.35793304, 20.50147247, 16.35793304, 20.50147247, 16.35793304, 16.35793304, 10.85316372, 25.40196991, 16.35793304, 12.86226368, 16.35793304, 16.35793304, 20.50147247, 16.35793304, 20.50147247, 16.35793304, 20.50147247, 12.86226368, 25.40196991, 16.35793304, 30.58232117, 12.86226368, 16.35793304]"
2314,"[16.35793304, 12.86226368, 16.35793304, 20.50147247, 16.35793304, 20.50147247, 16.35793304, 16.35793304, 10.85316372, 25.40196991, 16.35793304, 12.86226368, 16.35793304, 16.35793304, 16.35793304, 16.35793304, 20.50147247, 16.35793304, 20.50147247, 12.86226368, 25.40196991, 20.50147247, 30.58232117, 12.86226368, 16.35793304]"
2315,"[16.35793304, 12.86226368, 12.86226368, 16.35793304, 16.35793304, 20.50147247, 16.35793304, 16.35793304, 10.85316372, 30.58232117, 16.35793304, 12.86226368, 16.35793304, 16.35793304, 16.35793304, 16.35793304, 20.50147247, 16.35793304, 20.50147247, 12.86226368, 25.40196991, 20.50147247, 25.40196991, 12.86226368, 16.35793304]"
2316,"[16.35793304, 16.35793304, 12.86226368, 20.50147247, 16.35793304, 20.50147247, 16.35793304, 16.35793304, 10.85316372, 30.58232117, 16.35793304, 12.86226368, 16.35793304, 16.35793304, 16.35793304, 20.50147247, 20.50147247, 16.35793304, 20.50147247, 12.86226368, 25.40196991, 20.50147247, 25.40196991, 12.86226368, 20.50147247]"
2317,"[16.35793304, 12.86226368, 16.35793304, 20.50147247, 16.35793304, 20.50147247, 16.35793304, 16.35793304, 10.85316372, 30.58232117, 16.35793304, 12.86226368, 16.35793304, 16.35793304, 16.35793304, 25.40196991, 20.50147247, 20.50147247, 25.40196991, 12.86226368, 25.40196991, 20.50147247, 25.40196991, 12.86226368, 16.35793304]"
2318,"[16.35793304, 16.35793304, 16.35793304, 20.50147247, 16.35793304, 20.50147247, 16.35793304, 16.35793304, 10.85316372, 10.85316372, 16.35793304, 12.86226368, 16.35793304, 16.35793304, 16.35793304, 10.85316372, 20.50147247, 20.50147247, 16.35793304, 16.35793304, 25.40196991, 20.50147247, 25.40196991, 12.86226368, 16.35793304]"
2319,"[16.35793304, 12.86226368, 12.86226368, 20.50147247, 16.35793304, 20.50147247, 16.35793304, 16.35793304, 10.85316372, 30.58232117, 16.35793304, 12.86226368, 16.35793304, 16.35793304, 16.35793304, 25.40196991, 20.50147247, 20.50147247, 16.35793304, 16.35793304, 25.40196991, 20.50147247, 25.40196991, 16.35793304, 20.50147247]"
2320,"[16.35793304, 12.86226368, 16.35793304, 20.50147247, 16.35793304, 20.50147247, 12.86226368, 16.35793304, 10.85316372, 30.58232117, 16.35793304, 12.86226368, 16.35793304, 16.35793304, 16.35793304, 10.85316372, 20.50147247, 16.35793304, 16.35793304, 16.35793304, 25.40196991, 20.50147247, 20.50147247, 12.86226368, 16.35793304]"
2321,"[16.35793304, 12.86226368, 12.86226368, 20.50147247, 16.35793304, 20.50147247, 16.35793304, 16.35793304, 10.85316372, 30.58232117, 16.35793304, 12.86226368, 16.35793304, 16.35793304, 16.35793304, 34.56784439, 20.50147247, 16.35793304, 12.86226368, 16.35793304, 25.40196991, 20.50147247, 25.40196991, 12.86226368, 16.35793304]"
2322,"[16.35793304, 12.86226368, 12.86226368, 20.50147247, 12.86226368, 20.50147247, 12.86226368, 16.35793304, 10.85316372, 30.58232117, 16.35793304, 12.86226368, 16.35793304, 16.35793304, 16.35793304, 20.50147247, 20.50147247, 16.35793304, 12.86226368, 16.35793304, 25.40196991, 20.50147247, 25.40196991, 12.86226368, 16.35793304]"
2323,"[12.86226368, 12.86226368, 12.86226368, 20.50147247, 16.35793304, 20.50147247, 12.86226368, 16.35793304, 10.85316372, 25.40196991, 16.35793304, 12.86226368, 20.50147247, 16.35793304, 20.50147247, 10.85316372, 20.50147247, 16.35793304, 12.86226368, 16.35793304, 25.40196991, 20.50147247, 25.40196991, 12.86226368, 16.35793304]"
2324,"[16.35793304, 12.86226368, 12.86226368, 20.50147247, 20.50147247, 20.50147247, 16.35793304, 16.35793304, 10.85316372, 25.40196991, 16.35793304, 12.86226368, 16.35793304, 16.35793304, 16.35793304, 25.40196991, 20.50147247, 16.35793304, 12.86226368, 12.86226368, 25.40196991, 20.50147247, 25.40196991, 12.86226368, 16.35793304]"
2325,"[16.35793304, 12.86226368, 12.86226368, 20.50147247, 20.50147247, 20.50147247, 12.86226368, 16.35793304, 10.85316372, 10.85316372, 16.35793304, 12.86226368, 16.35793304, 16.35793304, 16.35793304, 20.50147247, 20.50147247, 16.35793304, 12.86226368, 12.86226368, 25.40196991, 20.50147247, 30.58232117, 16.35793304, 16.35793304]"
2326,"[16.35793304, 12.86226368, 12.86226368, 16.35793304, 20.50147247, 20.50147247, 16.35793304, 16.35793304, 10.85316372, 30.58232117, 16.35793304, 12.86226368, 16.35793304, 16.35793304, 16.35793304, 25.40196991, 20.50147247, 16.35793304, 16.35793304, 12.86226368, 25.40196991, 20.50147247, 25.40196991, 12.86226368, 16.35793304]"
2327,"[16.35793304, 12.86226368, 12.86226368, 20.50147247, 20.50147247, 20.50147247, 16.35793304, 16.35793304, 10.85316372, 30.58232117, 16.35793304, 12.86226368, 16.35793304, 16.35793304, 20.50147247, 25.40196991, 20.50147247, 16.35793304, 12.86226368, 12.86226368, 25.40196991, 20.50147247, 30.58232117, 12.86226368, 16.35793304]"
2328,"[16.35793304, 12.86226368, 12.86226368, 20.50147247, 20.50147247, 20.50147247, 16.35793304, 16.35793304, 10.85316372, 30.58232117, 16.35793304, 12.86226368, 16.35793304, 16.35793304, 16.35793304, 16.35793304, 20.50147247, 16.35793304, 12.86226368, 12.86226368, 25.40196991, 20.50147247, 30.58232117, 12.86226368, 16.35793304]"
2329,"[16.35793304, 16.35793304, 12.86226368, 16.35793304, 16.35793304, 20.50147247, 16.35793304, 16.35793304, 10.85316372, 30.58232117, 16.35793304, 12.86226368, 16.35793304, 16.35793304, 16.35793304, 20.50147247, 20.50147247, 20.50147247, 12.86226368, 12.86226368, 25.40196991, 20.50147247, 25.40196991, 12.86226368, 16.35793304]"
2330,"[16.35793304, 12.86226368, 16.35793304, 16.35793304, 20.50147247, 20.50147247, 12.86226368, 16.35793304, 10.85316372, 30.58232117, 16.35793304, 12.86226368, 16.35793304, 16.35793304, 25.40196991, 20.50147247, 20.50147247, 20.50147247, 12.86226368, 16.35793304, 25.40196991, 20.50147247, 25.40196991, 12.86226368, 20.50147247]"
2331,"[16.35793304, 25.40196991, 16.35793304, 16.35793304, 25.40196991, 20.50147247, 16.35793304, 16.35793304, 10.85316372, 10.85316372, 16.35793304, 12.86226368, 16.35793304, 16.35793304, 30.58232117, 20.50147247, 20.50147247, 20.50147247, 16.35793304, 16.35793304, 25.40196991, 20.50147247, 10.85316372, 12.86226368, 16.35793304]"
2332,"[20.50147247, 20.50147247, 20.50147247, 25.40196991, 10.85316372, 20.50147247, 16.35793304, 16.35793304, 10.85316372, 30.58232117, 16.35793304, 16.35793304, 20.50147247, 16.35793304, 30.58232117, 30.58232117, 20.50147247, 20.50147247, 20.50147247, 16.35793304, 25.40196991, 20.50147247, 25.40196991, 12.86226368, 16.35793304]"
2333,"[20.50147247, 20.50147247, 20.50147247, 30.58232117, 30.58232117, 20.50147247, 20.50147247, 20.50147247, 10.85316372, 10.85316372, 20.50147247, 20.50147247, 25.40196991, 20.50147247, 30.58232117, 25.40196991, 20.50147247, 30.58232117, 16.35793304, 20.50147247, 25.40196991, 20.50147247, 25.40196991, 16.35793304, 20.50147247]"
2334,"[20.50147247, 20.50147247, 20.50147247, 30.58232117, 25.40196991, 20.50147247, 20.50147247, 20.50147247, 10.85316372, 34.56784439, 25.40196991, 16.35793304, 25.40196991, 20.50147247, 25.40196991, 30.58232117, 20.50147247, 30.58232117, 20.50147247, 20.50147247, 25.40196991, 20.50147247, 25.40196991, 16.35793304, 20.50147247]"
2335,"[20.50147247, 20.50147247, 20.50147247, 25.40196991, 20.50147247, 20.50147247, 20.50147247, 16.35793304, 10.85316372, 10.85316372, 20.50147247, 16.35793304, 20.50147247, 20.50147247, 20.50147247, 20.50147247, 20.50147247, 20.50147247, 30.58232117, 16.35793304, 25.40196991, 20.50147247, 25.40196991, 16.35793304, 20.50147247]"
2336,"[20.50147247, 20.50147247, 20.50147247, 25.40196991, 20.50147247, 20.50147247, 20.50147247, 20.50147247, 10.85316372, 30.58232117, 20.50147247, 16.35793304, 20.50147247, 20.50147247, 20.50147247, 20.50147247, 20.50147247, 20.50147247, 30.58232117, 20.50147247, 25.40196991, 20.50147247, 30.58232117, 16.35793304, 20.50147247]"
2337,"[20.50147247, 16.35793304, 16.35793304, 25.40196991, 20.50147247, 20.50147247, 16.35793304, 20.50147247, 10.85316372, 30.58232117, 20.50147247, 16.35793304, 20.50147247, 20.50147247, 16.35793304, 25.40196991, 20.50147247, 16.35793304, 25.40196991, 16.35793304, 25.40196991, 20.50147247, 30.58232117, 20.50147247, 20.50147247]"
2338,"[20.50147247, 16.35793304, 16.35793304, 20.50147247, 20.50147247, 20.50147247, 16.35793304, 16.35793304, 10.85316372, 10.85316372, 20.50147247, 16.35793304, 20.50147247, 20.50147247, 16.35793304, 20.50147247, 20.50147247, 16.35793304, 20.50147247, 16.35793304, 25.40196991, 20.50147247, 30.58232117, 20.50147247, 16.35793304]"
2339,"[20.50147247, 16.35793304, 16.35793304, 20.50147247, 20.50147247, 20.50147247, 16.35793304, 16.35793304, 10.85316372, 30.58232117, 16.35793304, 16.35793304, 20.50147247, 16.35793304, 25.40196991, 25.40196991, 20.50147247, 16.35793304, 20.50147247, 16.35793304, 25.40196991, 20.50147247, 30.58232117, 16.35793304, 20.50147247]"
2340,"[20.50147247, 16.35793304, 16.35793304, 20.50147247, 16.35793304, 20.50147247, 16.35793304, 16.35793304, 36.45310974, 30.58232117, 16.35793304, 12.86226368, 20.50147247, 16.35793304, 16.35793304, 25.40196991, 20.50147247, 16.35793304, 20.50147247, 12.86226368, 25.40196991, 20.50147247, 25.40196991, 20.50147247, 20.50147247]"
2341,"[16.35793304, 16.35793304, 16.35793304, 20.50147247, 16.35793304, 20.50147247, 16.35793304, 16.35793304, 10.85316372, 30.58232117, 16.35793304, 12.86226368, 20.50147247, 16.35793304, 20.50147247, 30.58232117, 20.50147247, 12.86226368, 16.35793304, 12.86226368, 25.40196991, 20.50147247, 25.40196991, 16.35793304, 20.50147247]"
2342,"[20.50147247, 12.86226368, 16.35793304, 20.50147247, 20.50147247, 20.50147247, 16.35793304, 16.35793304, 10.85316372, 25.40196991, 16.35793304, 12.86226368, 20.50147247, 16.35793304, 16.35793304, 30.58232117, 20.50147247, 12.86226368, 16.35793304, 16.35793304, 25.40196991, 20.50147247, 25.40196991, 16.35793304, 20.50147247]"
2343,"[16.35793304, 16.35793304, 12.86226368, 20.50147247, 25.40196991, 20.50147247, 16.35793304, 16.35793304, 34.56784439, 25.40196991, 16.35793304, 12.86226368, 16.35793304, 16.35793304, 20.50147247, 25.40196991, 20.50147247, 16.35793304, 16.35793304, 12.86226368, 25.40196991, 20.50147247, 25.40196991, 12.86226368, 16.35793304]"
2344,"[16.35793304, 12.86226368, 12.86226368, 20.50147247, 25.40196991, 20.50147247, 12.86226368, 16.35793304, 10.85316372, 30.58232117, 16.35793304, 12.86226368, 16.35793304, 20.50147247, 16.35793304, 25.40196991, 20.50147247, 16.35793304, 16.35793304, 12.86226368, 25.40196991, 20.50147247, 25.40196991, 16.35793304, 16.35793304]"
2345,"[16.35793304, 12.86226368, 12.86226368, 20.50147247, 25.40196991, 20.50147247, 12.86226368, 16.35793304, 10.85316372, 30.58232117, 16.35793304, 12.86226368, 16.35793304, 16.35793304, 25.40196991, 20.50147247, 20.50147247, 12.86226368, 16.35793304, 12.86226368, 25.40196991, 20.50147247, 30.58232117, 16.35793304, 16.35793304]"
2346,"[16.35793304, 12.86226368, 12.86226368, 16.35793304, 20.50147247, 20.50147247, 12.86226368, 16.35793304, 10.85316372, 10.85316372, 16.35793304, 12.86226368, 16.35793304, 20.50147247, 16.35793304, 20.50147247, 20.50147247, 16.35793304, 16.35793304, 12.86226368, 25.40196991, 20.50147247, 25.40196991, 16.35793304, 16.35793304]"
2347,"[16.35793304, 12.86226368, 12.86226368, 16.35793304, 20.50147247, 20.50147247, 12.86226368, 16.35793304, 10.85316372, 10.85316372, 16.35793304, 12.86226368, 16.35793304, 16.35793304, 16.35793304, 25.40196991, 20.50147247, 16.35793304, 12.86226368, 12.86226368, 25.40196991, 20.50147247, 20.50147247, 16.35793304, 16.35793304]"
2348,"[16.35793304, 16.35793304, 12.86226368, 16.35793304, 20.50147247, 20.50147247, 12.86226368, 16.35793304, 10.85316372, 30.58232117, 16.35793304, 12.86226368, 16.35793304, 16.35793304, 16.35793304, 34.56784439, 20.50147247, 16.35793304, 12.86226368, 12.86226368, 25.40196991, 20.50147247, 25.40196991, 16.35793304, 16.35793304]"
2349,"[16.35793304, 12.86226368, 12.86226368, 16.35793304, 16.35793304, 20.50147247, 12.86226368, 16.35793304, 10.85316372, 30.58232117, 16.35793304, 12.86226368, 16.35793304, 16.35793304, 16.35793304, 25.40196991, 20.50147247, 12.86226368, 12.86226368, 12.86226368, 25.40196991, 20.50147247, 20.50147247, 16.35793304, 16.35793304]"
2350,"[16.35793304, 12.86226368, 12.86226368, 16.35793304, 20.50147247, 20.50147247, 16.35793304, 16.35793304, 10.85316372, 25.40196991, 16.35793304, 12.86226368, 16.35793304, 16.35793304, 16.35793304, 20.50147247, 20.50147247, 12.86226368, 16.35793304, 16.35793304, 25.40196991, 20.50147247, 30.58232117, 12.86226368, 12.86226368]"
2351,"[16.35793304, 12.86226368, 12.86226368, 16.35793304, 25.40196991, 20.50147247, 12.86226368, 16.35793304, 10.85316372, 25.40196991, 16.35793304, 12.86226368, 16.35793304, 16.35793304, 16.35793304, 16.35793304, 20.50147247, 12.86226368, 12.86226368, 16.35793304, 25.40196991, 20.50147247, 25.40196991, 12.86226368, 16.35793304]"
2352,"[16.35793304, 16.35793304, 16.35793304, 16.35793304, 20.50147247, 20.50147247, 16.35793304, 16.35793304, 10.85316372, 25.40196991, 16.35793304, 12.86226368, 16.35793304, 16.35793304, 16.35793304, 16.35793304, 20.50147247, 12.86226368, 12.86226368, 12.86226368, 25.40196991, 20.50147247, 25.40196991, 12.86226368, 16.35793304]"
2353,"[16.35793304, 16.35793304, 16.35793304, 20.50147247, 20.50147247, 20.50147247, 20.50147247, 16.35793304, 10.85316372, 25.40196991, 16.35793304, 12.86226368, 20.50147247, 16.35793304, 20.50147247, 16.35793304, 20.50147247, 16.35793304, 12.86226368, 16.35793304, 25.40196991, 20.50147247, 25.40196991, 12.86226368, 16.35793304]"
2354,"[16.35793304, 16.35793304, 12.86226368, 20.50147247, 16.35793304, 20.50147247, 20.50147247, 16.35793304, 10.85316372, 30.58232117, 16.35793304, 12.86226368, 20.50147247, 16.35793304, 16.35793304, 16.35793304, 20.50147247, 16.35793304, 16.35793304, 16.35793304, 25.40196991, 20.50147247, 30.58232117, 16.35793304, 16.35793304]"
2355,"[16.35793304, 16.35793304, 16.35793304, 20.50147247, 16.35793304, 20.50147247, 16.35793304, 16.35793304, 30.58232117, 30.58232117, 16.35793304, 12.86226368, 20.50147247, 16.35793304, 16.35793304, 16.35793304, 20.50147247, 16.35793304, 16.35793304, 16.35793304, 25.40196991, 20.50147247, 25.40196991, 16.35793304, 16.35793304]"
2356,"[16.35793304, 16.35793304, 16.35793304, 20.50147247, 16.35793304, 20.50147247, 20.50147247, 20.50147247, 25.40196991, 30.58232117, 16.35793304, 16.35793304, 20.50147247, 20.50147247, 16.35793304, 16.35793304, 20.50147247, 16.35793304, 16.35793304, 16.35793304, 25.40196991, 20.50147247, 30.58232117, 16.35793304, 16.35793304]"
2357,"[16.35793304, 16.35793304, 16.35793304, 20.50147247, 16.35793304, 20.50147247, 20.50147247, 16.35793304, 20.50147247, 30.58232117, 16.35793304, 16.35793304, 20.50147247, 16.35793304, 20.50147247, 16.35793304, 20.50147247, 16.35793304, 16.35793304, 16.35793304, 25.40196991, 20.50147247, 25.40196991, 12.86226368, 20.50147247]"
2358,"[20.50147247, 16.35793304, 16.35793304, 20.50147247, 16.35793304, 20.50147247, 16.35793304, 16.35793304, 25.40196991, 30.58232117, 16.35793304, 12.86226368, 20.50147247, 16.35793304, 20.50147247, 16.35793304, 20.50147247, 16.35793304, 16.35793304, 16.35793304, 20.50147247, 20.50147247, 25.40196991, 12.86226368, 16.35793304]"
2359,"[16.35793304, 16.35793304, 16.35793304, 20.50147247, 16.35793304, 20.50147247, 20.50147247, 16.35793304, 25.40196991, 30.58232117, 16.35793304, 12.86226368, 20.50147247, 16.35793304, 12.86226368, 16.35793304, 20.50147247, 16.35793304, 16.35793304, 16.35793304, 16.35793304, 20.50147247, 30.58232117, 49.2987709, 11.05874348]"
2360,"[16.35793304, 16.35793304, 16.35793304, 20.50147247, 16.35793304, 20.50147247, 20.50147247, 16.35793304, 20.50147247, 30.58232117, 16.35793304, 12.86226368, 20.50147247, 16.35793304, 16.35793304, 10.85316372, 16.35793304, 16.35793304, 16.35793304, 16.35793304, 16.35793304, 20.50147247, 25.40196991, 16.35793304, 16.35793304]"
2361,"[16.35793304, 16.35793304, 16.35793304, 20.50147247, 16.35793304, 20.50147247, 20.50147247, 16.35793304, 20.50147247, 25.40196991, 16.35793304, 12.86226368, 20.50147247, 16.35793304, 20.50147247, 10.85316372, 16.35793304, 16.35793304, 16.35793304, 16.35793304, 16.35793304, 20.50147247, 30.58232117, 16.35793304, 16.35793304]"
2362,"[16.35793304, 12.86226368, 16.35793304, 20.50147247, 16.35793304, 20.50147247, 20.50147247, 16.35793304, 25.40196991, 30.58232117, 16.35793304, 12.86226368, 16.35793304, 16.35793304, 16.35793304, 30.58232117, 16.35793304, 12.86226368, 16.35793304, 16.35793304, 16.35793304, 20.50147247, 30.58232117, 12.86226368, 20.50147247]"
2363,"[16.35793304, 16.35793304, 16.35793304, 20.50147247, 25.40196991, 20.50147247, 16.35793304, 16.35793304, 25.40196991, 10.85316372, 16.35793304, 12.86226368, 16.35793304, 16.35793304, 16.35793304, 16.35793304, 16.35793304, 12.86226368, 16.35793304, 16.35793304, 16.35793304, 20.50147247, 25.40196991, 12.86226368, 16.35793304]"
2364,"[16.35793304, 16.35793304, 16.35793304, 16.35793304, 20.50147247, 20.50147247, 16.35793304, 16.35793304, 25.40196991, 30.58232117, 16.35793304, 12.86226368, 16.35793304, 20.50147247, 16.35793304, 16.35793304, 20.50147247, 16.35793304, 16.35793304, 12.86226368, 16.35793304, 20.50147247, 25.40196991, 12.86226368, 16.35793304]"
2365,"[16.35793304, 16.35793304, 16.35793304, 16.35793304, 20.50147247, 20.50147247, 16.35793304, 16.35793304, 25.40196991, 30.58232117, 16.35793304, 12.86226368, 16.35793304, 20.50147247, 20.50147247, 34.56784439, 20.50147247, 16.35793304, 12.86226368, 12.86226368, 16.35793304, 20.50147247, 25.40196991, 12.86226368, 16.35793304]"
2366,"[16.35793304, 16.35793304, 16.35793304, 16.35793304, 20.50147247, 20.50147247, 16.35793304, 16.35793304, 25.40196991, 30.58232117, 16.35793304, 12.86226368, 16.35793304, 16.35793304, 16.35793304, 41.2735672, 20.50147247, 16.35793304, 12.86226368, 16.35793304, 16.35793304, 20.50147247, 25.40196991, 16.35793304, 16.35793304]"
2367,"[16.35793304, 12.86226368, 16.35793304, 16.35793304, 20.50147247, 25.40196991, 16.35793304, 16.35793304, 25.40196991, 25.40196991, 16.35793304, 12.86226368, 16.35793304, 16.35793304, 20.50147247, 42.22894669, 20.50147247, 16.35793304, 16.35793304, 12.86226368, 16.35793304, 20.50147247, 25.40196991, 16.35793304, 20.50147247]"
2368,"[20.50147247, 12.86226368, 16.35793304, 16.35793304, 20.50147247, 20.50147247, 12.86226368, 16.35793304, 20.50147247, 30.58232117, 16.35793304, 12.86226368, 20.50147247, 16.35793304, 20.50147247, 39.55387878, 20.50147247, 16.35793304, 16.35793304, 16.35793304, 16.35793304, 20.50147247, 30.58232117, 16.35793304, 20.50147247]"
2369,"[20.50147247, 12.86226368, 16.35793304, 16.35793304, 16.35793304, 20.50147247, 12.86226368, 16.35793304, 20.50147247, 25.40196991, 16.35793304, 12.86226368, 16.35793304, 16.35793304, 20.50147247, 40.89141464, 20.50147247, 16.35793304, 16.35793304, 16.35793304, 16.35793304, 20.50147247, 30.58232117, 16.35793304, 16.35793304]"
2370,"[16.35793304, 16.35793304, 16.35793304, 16.35793304, 20.50147247, 20.50147247, 12.86226368, 16.35793304, 20.50147247, 30.58232117, 16.35793304, 12.86226368, 20.50147247, 20.50147247, 16.35793304, 36.45310974, 20.50147247, 16.35793304, 16.35793304, 16.35793304, 16.35793304, 20.50147247, 25.40196991, 16.35793304, 12.86226368]"
2371,"[16.35793304, 16.35793304, 16.35793304, 16.35793304, 20.50147247, 20.50147247, 12.86226368, 16.35793304, 20.50147247, 30.58232117, 16.35793304, 12.86226368, 20.50147247, 20.50147247, 25.40196991, 40.3181839, 20.50147247, 16.35793304, 12.86226368, 16.35793304, 16.35793304, 20.50147247, 25.40196991, 16.35793304, 16.35793304]"
2372,"[16.35793304, 16.35793304, 16.35793304, 16.35793304, 20.50147247, 20.50147247, 16.35793304, 16.35793304, 25.40196991, 25.40196991, 16.35793304, 12.86226368, 20.50147247, 20.50147247, 20.50147247, 30.58232117, 20.50147247, 16.35793304, 12.86226368, 16.35793304, 16.35793304, 20.50147247, 25.40196991, 16.35793304, 16.35793304]"
2373,"[20.50147247, 16.35793304, 16.35793304, 20.50147247, 20.50147247, 20.50147247, 25.40196991, 16.35793304, 20.50147247, 30.58232117, 16.35793304, 12.86226368, 20.50147247, 20.50147247, 20.50147247, 25.40196991, 20.50147247, 16.35793304, 12.86226368, 16.35793304, 20.50147247, 20.50147247, 20.50147247, 12.86226368, 16.35793304]"
2374,"[20.50147247, 16.35793304, 16.35793304, 20.50147247, 20.50147247, 20.50147247, 20.50147247, 16.35793304, 25.40196991, 30.58232117, 16.35793304, 12.86226368, 20.50147247, 20.50147247, 20.50147247, 25.40196991, 20.50147247, 20.50147247, 12.86226368, 16.35793304, 20.50147247, 20.50147247, 25.40196991, 16.35793304, 16.35793304]"
2375,"[16.35793304, 16.35793304, 16.35793304, 20.50147247, 20.50147247, 20.50147247, 20.50147247, 16.35793304, 20.50147247, 30.58232117, 16.35793304, 12.86226368, 20.50147247, 20.50147247, 16.35793304, 25.40196991, 20.50147247, 16.35793304, 12.86226368, 16.35793304, 20.50147247, 20.50147247, 30.58232117, 16.35793304, 16.35793304]"
2376,"[20.50147247, 16.35793304, 16.35793304, 20.50147247, 16.35793304, 20.50147247, 20.50147247, 16.35793304, 25.40196991, 25.40196991, 16.35793304, 12.86226368, 20.50147247, 20.50147247, 25.40196991, 20.50147247, 20.50147247, 16.35793304, 16.35793304, 16.35793304, 16.35793304, 20.50147247, 10.85316372, 16.35793304, 16.35793304]"
2377,"[20.50147247, 16.35793304, 16.35793304, 20.50147247, 16.35793304, 20.50147247, 20.50147247, 16.35793304, 20.50147247, 30.58232117, 16.35793304, 12.86226368, 20.50147247, 20.50147247, 16.35793304, 20.50147247, 20.50147247, 16.35793304, 16.35793304, 16.35793304, 16.35793304, 20.50147247, 30.58232117, 16.35793304, 16.35793304]"
2378,"[16.35793304, 16.35793304, 16.35793304, 20.50147247, 16.35793304, 20.50147247, 20.50147247, 16.35793304, 25.40196991, 30.58232117, 16.35793304, 12.86226368, 20.50147247, 20.50147247, 20.50147247, 16.35793304, 20.50147247, 20.50147247, 20.50147247, 16.35793304, 16.35793304, 20.50147247, 30.58232117, 16.35793304, 16.35793304]"
2379,"[20.50147247, 10.85316372, 16.35793304, 20.50147247, 16.35793304, 20.50147247, 20.50147247, 16.35793304, 25.40196991, 25.40196991, 16.35793304, 12.86226368, 20.50147247, 16.35793304, 20.50147247, 20.50147247, 20.50147247, 20.50147247, 20.50147247, 16.35793304, 16.35793304, 20.50147247, 20.50147247, 16.35793304, 20.50147247]"
2380,"[20.50147247, 10.85316372, 12.86226368, 20.50147247, 16.35793304, 20.50147247, 16.35793304, 16.35793304, 20.50147247, 30.58232117, 16.35793304, 12.86226368, 20.50147247, 16.35793304, 16.35793304, 20.50147247, 20.50147247, 20.50147247, 25.40196991, 16.35793304, 16.35793304, 20.50147247, 25.40196991, 16.35793304, 16.35793304]"
2381,"[20.50147247, 20.50147247, 16.35793304, 20.50147247, 16.35793304, 20.50147247, 20.50147247, 16.35793304, 20.50147247, 30.58232117, 16.35793304, 12.86226368, 20.50147247, 16.35793304, 20.50147247, 20.50147247, 20.50147247, 20.50147247, 16.35793304, 20.50147247, 16.35793304, 20.50147247, 25.40196991, 16.35793304, 16.35793304]"
2382,"[16.35793304, 16.35793304, 16.35793304, 20.50147247, 16.35793304, 20.50147247, 20.50147247, 16.35793304, 20.50147247, 10.85316372, 16.35793304, 12.86226368, 20.50147247, 20.50147247, 20.50147247, 25.40196991, 20.50147247, 10.85316372, 16.35793304, 20.50147247, 16.35793304, 20.50147247, 30.58232117, 16.35793304, 20.50147247]"
2383,"[20.50147247, 16.35793304, 16.35793304, 20.50147247, 16.35793304, 20.50147247, 20.50147247, 16.35793304, 25.40196991, 30.58232117, 16.35793304, 16.35793304, 20.50147247, 16.35793304, 20.50147247, 25.40196991, 20.50147247, 20.50147247, 16.35793304, 20.50147247, 16.35793304, 20.50147247, 25.40196991, 16.35793304, 20.50147247]"
2384,"[20.50147247, 16.35793304, 16.35793304, 20.50147247, 16.35793304, 20.50147247, 16.35793304, 20.50147247, 25.40196991, 25.40196991, 16.35793304, 16.35793304, 20.50147247, 16.35793304, 20.50147247, 10.85316372, 20.50147247, 20.50147247, 16.35793304, 20.50147247, 16.35793304, 20.50147247, 25.40196991, 16.35793304, 16.35793304]"
2385,"[16.35793304, 16.35793304, 16.35793304, 20.50147247, 16.35793304, 20.50147247, 16.35793304, 16.35793304, 25.40196991, 30.58232117, 16.35793304, 12.86226368, 20.50147247, 16.35793304, 20.50147247, 25.40196991, 20.50147247, 16.35793304, 12.86226368, 16.35793304, 16.35793304, 20.50147247, 30.58232117, 16.35793304, 16.35793304]"
2386,"[20.50147247, 16.35793304, 16.35793304, 20.50147247, 16.35793304, 20.50147247, 20.50147247, 16.35793304, 20.50147247, 30.58232117, 16.35793304, 12.86226368, 20.50147247, 16.35793304, 12.86226368, 30.58232117, 20.50147247, 20.50147247, 12.86226368, 16.35793304, 16.35793304, 20.50147247, 25.40196991, 16.35793304, 20.50147247]"
2387,"[20.50147247, 16.35793304, 16.35793304, 20.50147247, 16.35793304, 20.50147247, 16.35793304, 16.35793304, 25.40196991, 30.58232117, 16.35793304, 12.86226368, 20.50147247, 20.50147247, 16.35793304, 30.58232117, 20.50147247, 16.35793304, 16.35793304, 16.35793304, 16.35793304, 20.50147247, 30.58232117, 16.35793304, 16.35793304]"
2388,"[16.35793304, 16.35793304, 16.35793304, 20.50147247, 16.35793304, 20.50147247, 16.35793304, 16.35793304, 20.50147247, 25.40196991, 16.35793304, 12.86226368, 20.50147247, 20.50147247, 20.50147247, 10.85316372, 20.50147247, 16.35793304, 16.35793304, 16.35793304, 16.35793304, 20.50147247, 30.58232117, 16.35793304, 16.35793304]"
2389,"[16.35793304, 16.35793304, 16.35793304, 20.50147247, 16.35793304, 20.50147247, 16.35793304, 20.50147247, 25.40196991, 30.58232117, 16.35793304, 12.86226368, 20.50147247, 20.50147247, 16.35793304, 34.56784439, 20.50147247, 16.35793304, 16.35793304, 20.50147247, 16.35793304, 20.50147247, 30.58232117, 16.35793304, 16.35793304]"
2390,"[16.35793304, 16.35793304, 16.35793304, 20.50147247, 20.50147247, 20.50147247, 16.35793304, 20.50147247, 20.50147247, 30.58232117, 16.35793304, 12.86226368, 20.50147247, 20.50147247, 16.35793304, 20.50147247, 20.50147247, 20.50147247, 12.86226368, 20.50147247, 16.35793304, 20.50147247, 25.40196991, 20.50147247, 16.35793304]"
2391,"[16.35793304, 16.35793304, 16.35793304, 20.50147247, 20.50147247, 20.50147247, 20.50147247, 20.50147247, 20.50147247, 30.58232117, 16.35793304, 12.86226368, 20.50147247, 20.50147247, 20.50147247, 10.85316372, 16.35793304, 20.50147247, 12.86226368, 20.50147247, 16.35793304, 20.50147247, 30.58232117, 20.50147247, 20.50147247]"
2392,"[16.35793304, 16.35793304, 16.35793304, 20.50147247, 20.50147247, 20.50147247, 16.35793304, 20.50147247, 20.50147247, 10.85316372, 16.35793304, 12.86226368, 20.50147247, 20.50147247, 25.40196991, 34.56784439, 16.35793304, 20.50147247, 12.86226368, 20.50147247, 16.35793304, 20.50147247, 10.85316372, 20.50147247, 20.50147247]"
2393,"[16.35793304, 16.35793304, 16.35793304, 16.35793304, 20.50147247, 20.50147247, 16.35793304, 20.50147247, 20.50147247, 25.40196991, 16.35793304, 12.86226368, 20.50147247, 20.50147247, 16.35793304, 36.45310974, 20.50147247, 20.50147247, 16.35793304, 20.50147247, 16.35793304, 20.50147247, 30.58232117, 16.35793304, 16.35793304]"
2394,"[16.35793304, 16.35793304, 16.35793304, 20.50147247, 20.50147247, 20.50147247, 16.35793304, 20.50147247, 20.50147247, 10.85316372, 16.35793304, 12.86226368, 20.50147247, 20.50147247, 16.35793304, 25.40196991, 16.35793304, 20.50147247, 16.35793304, 20.50147247, 16.35793304, 20.50147247, 10.85316372, 20.50147247, 16.35793304]"
2395,"[16.35793304, 16.35793304, 16.35793304, 20.50147247, 20.50147247, 20.50147247, 16.35793304, 20.50147247, 20.50147247, 30.58232117, 16.35793304, 12.86226368, 16.35793304, 20.50147247, 16.35793304, 20.50147247, 20.50147247, 20.50147247, 16.35793304, 16.35793304, 16.35793304, 20.50147247, 10.85316372, 16.35793304, 16.35793304]"
2396,"[20.50147247, 16.35793304, 16.35793304, 20.50147247, 20.50147247, 20.50147247, 16.35793304, 20.50147247, 20.50147247, 25.40196991, 16.35793304, 12.86226368, 20.50147247, 20.50147247, 16.35793304, 20.50147247, 16.35793304, 25.40196991, 16.35793304, 16.35793304, 16.35793304, 20.50147247, 30.58232117, 16.35793304, 16.35793304]"
2397,"[20.50147247, 20.50147247, 20.50147247, 20.50147247, 20.50147247, 20.50147247, 20.50147247, 20.50147247, 25.40196991, 30.58232117, 16.35793304, 12.86226368, 20.50147247, 20.50147247, 30.58232117, 20.50147247, 20.50147247, 25.40196991, 12.86226368, 20.50147247, 16.35793304, 20.50147247, 30.58232117, 20.50147247, 20.50147247]"
2398,"[25.40196991, 30.58232117, 25.40196991, 25.40196991, 30.58232117, 20.50147247, 20.50147247, 20.50147247, 20.50147247, 10.85316372, 20.50147247, 16.35793304, 20.50147247, 20.50147247, 25.40196991, 25.40196991, 20.50147247, 25.40196991, 20.50147247, 20.50147247, 16.35793304, 20.50147247, 30.58232117, 20.50147247, 25.40196991]"
2399,"[20.50147247, 20.50147247, 25.40196991, 25.40196991, 25.40196991, 20.50147247, 20.50147247, 25.40196991, 25.40196991, 34.56784439, 20.50147247, 16.35793304, 20.50147247, 20.50147247, 25.40196991, 25.40196991, 20.50147247, 25.40196991, 25.40196991, 20.50147247, 16.35793304, 20.50147247, 10.85316372, 20.50147247, 16.35793304]"
2400,"[20.50147247, 16.35793304, 20.50147247, 25.40196991, 16.35793304, 20.50147247, 20.50147247, 20.50147247, 25.40196991, 10.85316372, 20.50147247, 16.35793304, 20.50147247, 20.50147247, 20.50147247, 25.40196991, 20.50147247, 25.40196991, 30.58232117, 20.50147247, 16.35793304, 20.50147247, 10.85316372, 20.50147247, 25.40196991]"
2401,"[16.35793304, 16.35793304, 16.35793304, 20.50147247, 16.35793304, 20.50147247, 20.50147247, 20.50147247, 25.40196991, 30.58232117, 16.35793304, 12.86226368, 20.50147247, 20.50147247, 20.50147247, 20.50147247, 20.50147247, 20.50147247, 25.40196991, 16.35793304, 16.35793304, 20.50147247, 25.40196991, 20.50147247, 20.50147247]"
2402,"[20.50147247, 16.35793304, 16.35793304, 20.50147247, 16.35793304, 20.50147247, 16.35793304, 20.50147247, 20.50147247, 25.40196991, 16.35793304, 12.86226368, 20.50147247, 20.50147247, 16.35793304, 16.35793304, 20.50147247, 20.50147247, 30.58232117, 16.35793304, 16.35793304, 20.50147247, 25.40196991, 16.35793304, 20.50147247]"
2403,"[20.50147247, 16.35793304, 16.35793304, 20.50147247, 16.35793304, 20.50147247, 20.50147247, 20.50147247, 20.50147247, 20.50147247, 16.35793304, 12.86226368, 20.50147247, 20.50147247, 20.50147247, 16.35793304, 20.50147247, 20.50147247, 30.58232117, 20.50147247, 16.35793304, 20.50147247, 25.40196991, 16.35793304, 20.50147247]"
2404,"[20.50147247, 16.35793304, 16.35793304, 20.50147247, 20.50147247, 20.50147247, 20.50147247, 20.50147247, 20.50147247, 30.58232117, 16.35793304, 12.86226368, 20.50147247, 16.35793304, 20.50147247, 20.50147247, 20.50147247, 20.50147247, 20.50147247, 16.35793304, 16.35793304, 20.50147247, 30.58232117, 16.35793304, 20.50147247]"
2405,"[20.50147247, 20.50147247, 16.35793304, 20.50147247, 20.50147247, 20.50147247, 16.35793304, 20.50147247, 20.50147247, 30.58232117, 16.35793304, 12.86226368, 20.50147247, 20.50147247, 20.50147247, 25.40196991, 20.50147247, 20.50147247, 20.50147247, 16.35793304, 16.35793304, 20.50147247, 25.40196991, 16.35793304, 16.35793304]"
2406,"[20.50147247, 16.35793304, 16.35793304, 25.40196991, 20.50147247, 20.50147247, 20.50147247, 20.50147247, 20.50147247, 25.40196991, 20.50147247, 16.35793304, 20.50147247, 20.50147247, 20.50147247, 25.40196991, 20.50147247, 16.35793304, 16.35793304, 16.35793304, 16.35793304, 20.50147247, 30.58232117, 16.35793304, 20.50147247]"
2407,"[16.35793304, 16.35793304, 16.35793304, 25.40196991, 25.40196991, 20.50147247, 16.35793304, 20.50147247, 20.50147247, 30.58232117, 16.35793304, 12.86226368, 20.50147247, 16.35793304, 20.50147247, 20.50147247, 20.50147247, 25.40196991, 16.35793304, 16.35793304, 16.35793304, 20.50147247, 25.40196991, 16.35793304, 20.50147247]"
2408,"[20.50147247, 16.35793304, 16.35793304, 20.50147247, 16.35793304, 20.50147247, 16.35793304, 20.50147247, 20.50147247, 34.56784439, 16.35793304, 12.86226368, 20.50147247, 16.35793304, 16.35793304, 20.50147247, 20.50147247, 20.50147247, 16.35793304, 20.50147247, 16.35793304, 20.50147247, 30.58232117, 16.35793304, 16.35793304]"
2409,"[16.35793304, 16.35793304, 16.35793304, 20.50147247, 16.35793304, 20.50147247, 16.35793304, 20.50147247, 20.50147247, 25.40196991, 16.35793304, 12.86226368, 20.50147247, 16.35793304, 16.35793304, 25.40196991, 20.50147247, 16.35793304, 20.50147247, 16.35793304, 16.35793304, 20.50147247, 30.58232117, 16.35793304, 20.50147247]"
2410,"[16.35793304, 16.35793304, 12.86226368, 20.50147247, 16.35793304, 20.50147247, 16.35793304, 25.40196991, 20.50147247, 30.58232117, 16.35793304, 12.86226368, 20.50147247, 20.50147247, 25.40196991, 25.40196991, 20.50147247, 16.35793304, 20.50147247, 16.35793304, 16.35793304, 20.50147247, 30.58232117, 16.35793304, 20.50147247]"
2411,"[16.35793304, 16.35793304, 12.86226368, 20.50147247, 20.50147247, 20.50147247, 16.35793304, 20.50147247, 25.40196991, 30.58232117, 16.35793304, 16.35793304, 20.50147247, 20.50147247, 16.35793304, 30.58232117, 20.50147247, 16.35793304, 16.35793304, 16.35793304, 16.35793304, 20.50147247, 25.40196991, 16.35793304, 20.50147247]"
2412,"[16.35793304, 16.35793304, 12.86226368, 20.50147247, 25.40196991, 20.50147247, 16.35793304, 16.35793304, 20.50147247, 25.40196991, 16.35793304, 12.86226368, 20.50147247, 20.50147247, 16.35793304, 30.58232117, 20.50147247, 16.35793304, 16.35793304, 16.35793304, 16.35793304, 20.50147247, 30.58232117, 20.50147247, 20.50147247]"
2413,"[20.50147247, 16.35793304, 12.86226368, 20.50147247, 25.40196991, 20.50147247, 16.35793304, 16.35793304, 25.40196991, 25.40196991, 16.35793304, 12.86226368, 20.50147247, 20.50147247, 16.35793304, 39.93603134, 20.50147247, 16.35793304, 12.86226368, 16.35793304, 16.35793304, 20.50147247, 25.40196991, 20.50147247, 16.35793304]"
2414,"[20.50147247, 16.35793304, 12.86226368, 20.50147247, 25.40196991, 20.50147247, 16.35793304, 16.35793304, 20.50147247, 25.40196991, 16.35793304, 12.86226368, 20.50147247, 16.35793304, 20.50147247, 34.56784439, 20.50147247, 16.35793304, 12.86226368, 16.35793304, 16.35793304, 20.50147247, 30.58232117, 16.35793304, 16.35793304]"
2415,"[16.35793304, 16.35793304, 16.35793304, 20.50147247, 20.50147247, 20.50147247, 16.35793304, 16.35793304, 20.50147247, 25.40196991, 16.35793304, 12.86226368, 20.50147247, 16.35793304, 16.35793304, 30.58232117, 20.50147247, 16.35793304, 12.86226368, 16.35793304, 16.35793304, 20.50147247, 25.40196991, 16.35793304, 20.50147247]"
2416,"[16.35793304, 16.35793304, 16.35793304, 20.50147247, 25.40196991, 20.50147247, 16.35793304, 20.50147247, 25.40196991, 25.40196991, 16.35793304, 12.86226368, 20.50147247, 20.50147247, 16.35793304, 25.40196991, 20.50147247, 16.35793304, 12.86226368, 16.35793304, 16.35793304, 20.50147247, 25.40196991, 16.35793304, 16.35793304]"
2417,"[16.35793304, 16.35793304, 16.35793304, 20.50147247, 25.40196991, 20.50147247, 16.35793304, 20.50147247, 25.40196991, 25.40196991, 16.35793304, 12.86226368, 20.50147247, 20.50147247, 30.58232117, 30.58232117, 20.50147247, 16.35793304, 16.35793304, 16.35793304, 16.35793304, 20.50147247, 25.40196991, 12.86226368, 16.35793304]"
2418,"[20.50147247, 16.35793304, 16.35793304, 20.50147247, 25.40196991, 20.50147247, 16.35793304, 20.50147247, 25.40196991, 30.58232117, 16.35793304, 16.35793304, 25.40196991, 20.50147247, 16.35793304, 30.58232117, 20.50147247, 16.35793304, 16.35793304, 16.35793304, 16.35793304, 20.50147247, 30.58232117, 16.35793304, 20.50147247]"
2419,"[20.50147247, 16.35793304, 16.35793304, 20.50147247, 16.35793304, 20.50147247, 16.35793304, 20.50147247, 25.40196991, 25.40196991, 20.50147247, 16.35793304, 20.50147247, 20.50147247, 20.50147247, 20.50147247, 20.50147247, 16.35793304, 12.86226368, 16.35793304, 16.35793304, 20.50147247, 10.85316372, 16.35793304, 25.40196991]"
2420,"[20.50147247, 16.35793304, 16.35793304, 20.50147247, 16.35793304, 20.50147247, 20.50147247, 20.50147247, 20.50147247, 25.40196991, 20.50147247, 16.35793304, 25.40196991, 20.50147247, 12.86226368, 20.50147247, 20.50147247, 16.35793304, 20.50147247, 16.35793304, 16.35793304, 20.50147247, 25.40196991, 20.50147247, 25.40196991]"
2421,"[16.35793304, 16.35793304, 16.35793304, 20.50147247, 16.35793304, 20.50147247, 16.35793304, 20.50147247, 25.40196991, 30.58232117, 20.50147247, 12.86226368, 20.50147247, 20.50147247, 12.86226368, 20.50147247, 20.50147247, 20.50147247, 20.50147247, 16.35793304, 16.35793304, 20.50147247, 25.40196991, 16.35793304, 20.50147247]"
2422,"[20.50147247, 16.35793304, 16.35793304, 20.50147247, 16.35793304, 20.50147247, 20.50147247, 16.35793304, 25.40196991, 30.58232117, 16.35793304, 12.86226368, 20.50147247, 16.35793304, 12.86226368, 16.35793304, 20.50147247, 16.35793304, 25.40196991, 16.35793304, 16.35793304, 20.50147247, 30.58232117, 16.35793304, 20.50147247]"
2423,"[16.35793304, 16.35793304, 16.35793304, 20.50147247, 12.86226368, 20.50147247, 16.35793304, 16.35793304, 20.50147247, 25.40196991, 16.35793304, 12.86226368, 16.35793304, 16.35793304, 12.86226368, 16.35793304, 20.50147247, 16.35793304, 16.35793304, 12.86226368, 16.35793304, 20.50147247, 30.58232117, 20.50147247, 20.50147247]"
2424,"[16.35793304, 16.35793304, 16.35793304, 20.50147247, 12.86226368, 20.50147247, 16.35793304, 16.35793304, 20.50147247, 30.58232117, 16.35793304, 12.86226368, 16.35793304, 16.35793304, 12.86226368, 16.35793304, 20.50147247, 12.86226368, 20.50147247, 12.86226368, 16.35793304, 20.50147247, 30.58232117, 16.35793304, 20.50147247]"
2425,"[16.35793304, 12.86226368, 12.86226368, 20.50147247, 12.86226368, 20.50147247, 16.35793304, 16.35793304, 20.50147247, 30.58232117, 16.35793304, 12.86226368, 16.35793304, 16.35793304, 16.35793304, 16.35793304, 20.50147247, 16.35793304, 20.50147247, 12.86226368, 16.35793304, 20.50147247, 25.40196991, 16.35793304, 16.35793304]"
2426,"[20.50147247, 16.35793304, 16.35793304, 20.50147247, 16.35793304, 20.50147247, 20.50147247, 20.50147247, 20.50147247, 25.40196991, 16.35793304, 12.86226368, 20.50147247, 16.35793304, 16.35793304, 20.50147247, 20.50147247, 16.35793304, 16.35793304, 16.35793304, 16.35793304, 20.50147247, 10.85316372, 16.35793304, 20.50147247]"
2427,"[20.50147247, 20.50147247, 16.35793304, 20.50147247, 16.35793304, 20.50147247, 20.50147247, 20.50147247, 25.40196991, 30.58232117, 16.35793304, 12.86226368, 16.35793304, 16.35793304, 20.50147247, 10.85316372, 20.50147247, 16.35793304, 20.50147247, 16.35793304, 16.35793304, 20.50147247, 25.40196991, 16.35793304, 20.50147247]"
2428,"[16.35793304, 16.35793304, 16.35793304, 20.50147247, 16.35793304, 20.50147247, 16.35793304, 16.35793304, 20.50147247, 10.85316372, 16.35793304, 12.86226368, 16.35793304, 20.50147247, 20.50147247, 25.40196991, 20.50147247, 16.35793304, 20.50147247, 12.86226368, 16.35793304, 20.50147247, 20.50147247, 16.35793304, 16.35793304]"
2429,"[16.35793304, 16.35793304, 16.35793304, 20.50147247, 16.35793304, 20.50147247, 16.35793304, 16.35793304, 20.50147247, 30.58232117, 16.35793304, 12.86226368, 16.35793304, 16.35793304, 12.86226368, 30.58232117, 20.50147247, 16.35793304, 16.35793304, 16.35793304, 16.35793304, 20.50147247, 25.40196991, 16.35793304, 16.35793304]"
